1743125345068 4.477352e-12 0
1743125345071 4.477352e-12 0
1743125345730 4.5298574e-12 1
1743125345732 4.5298574e-12 1
1743125346383 4.5251203e-12 2
1743125346385 4.5251203e-12 2
1743125347027 4.4406475e-12 3
1743125347031 4.4406475e-12 3
1743125347675 4.688716e-12 4
1743125347679 4.688716e-12 4
1743125348320 4.3247172e-12 5
1743125348324 4.3247172e-12 5
1743125348963 4.4537e-12 6
1743125348967 4.4537e-12 6
1743125349606 4.2342154e-12 7
1743125349610 4.2342154e-12 7
1743125350255 4.56572e-12 8
1743125350258 4.56572e-12 8
