1743004340579 0.45935306 0
1743004341211 0.29409975 1
1743004341835 0.19397382 2
1743004342461 0.13494466 3
1743004343090 0.09933184 4
1743004343722 0.075948514 5
1743004344346 0.060274057 6
1743004344979 0.049902216 7
1743004345606 0.04176564 8
1743004346227 0.035685178 9
1743004346859 0.03115856 10
1743004347488 0.027385473 11
1743004348120 0.024450071 12
1743004348749 0.021917513 13
1743004349377 0.01972109 14
1743004350014 0.01776193 15
1743004350644 0.016306957 16
1743004351273 0.014878755 17
1743004351901 0.013625992 18
1743004352533 0.012607327 19
1743004353234 0.0116104055 20
1743004353970 0.010889895 21
1743004354709 0.00996255 22
1743004355446 0.009243036 23
1743004356186 0.008640121 24
1743004356923 0.008181785 25
1743004357679 0.0076092025 26
1743004358414 0.007228576 27
1743004359149 0.0067267143 28
1743004359920 0.0064223395 29
1743004360659 0.006050592 30
1743004361398 0.0057046954 31
1743004362149 0.005426341 32
1743004362880 0.005132384 33
1743004363620 0.004932593 34
1743004364361 0.0046682158 35
1743004365096 0.0044619893 36
1743004365836 0.004286377 37
1743004366593 0.0040275943 38
1743004367352 0.003900746 39
1743004368096 0.0037404594 40
1743004368830 0.0035505753 41
1743004369586 0.0034227944 42
1743004370339 0.003279764 43
