1743004340575 1.4707298 0
1743004341207 1.3839364 1
1743004341831 1.3547378 2
1743004342459 1.3814749 3
1743004343086 1.3802239 4
1743004343720 1.3462949 5
1743004344344 1.315259 6
1743004344977 1.2939246 7
1743004345602 1.2841909 8
1743004346223 1.3074634 9
1743004346857 1.3436275 10
1743004347485 1.3656008 11
1743004348118 1.3511163 12
1743004348746 1.3135719 13
1743004349375 1.2961252 14
1743004350012 1.3074534 15
1743004350642 1.3209229 16
1743004351269 1.3251948 17
1743004351897 1.3280407 18
1743004352531 1.3136563 19
1743004353232 1.3244622 20
1743004353967 1.363311 21
1743004354705 1.4009212 22
1743004355443 1.4318008 23
1743004356182 1.4405755 24
1743004356919 1.415998 25
1743004357669 1.390707 26
1743004358412 1.394248 27
1743004359146 1.4295805 28
1743004359918 1.4542019 29
1743004360657 1.444978 30
1743004361394 1.3978095 31
1743004362147 1.3544452 32
1743004362878 1.3208785 33
1743004363616 1.3327502 34
1743004364359 1.4079652 35
1743004365094 1.4817944 36
1743004365833 1.5020583 37
1743004366591 1.489759 38
1743004367348 1.4545429 39
1743004368094 1.42675 40
1743004368827 1.3929102 41
1743004369582 1.3715253 42
1743004370335 1.4019511 43
