1743004340577 3.0343926 0
1743004341209 4.3893514 1
1743004341833 5.4258394 2
1743004342461 6.2950907 3
1743004343088 7.0468755 4
1743004343722 7.721894 5
1743004344344 8.273747 6
1743004344979 8.777628 7
1743004345604 9.317634 8
1743004346225 9.744576 9
1743004346857 10.095597 10
1743004347486 10.4482355 11
1743004348120 10.8806095 12
1743004348746 11.319541 13
1743004349377 11.669066 14
1743004350014 11.875413 15
1743004350644 12.039922 16
1743004351271 12.211869 17
1743004351899 12.474991 18
1743004352531 12.798374 19
1743004353232 13.038771 20
1743004353969 13.219623 21
1743004354707 13.420788 22
1743004355444 13.567948 23
1743004356184 13.608464 24
1743004356921 13.767905 25
1743004357678 14.018572 26
1743004358414 14.230633 27
1743004359148 14.359219 28
1743004359918 14.402639 29
1743004360659 14.486706 30
1743004361397 14.707807 31
1743004362147 14.977804 32
1743004362880 15.263537 33
1743004363618 15.462979 34
1743004364361 15.531821 35
1743004365096 15.476872 36
1743004365834 15.419704 37
1743004366593 15.483699 38
1743004367350 15.62884 39
1743004368096 15.712621 40
1743004368829 15.858768 41
1743004369584 16.111355 42
1743004370337 16.249157 43
