1742915029138 0.5982179 0
1742915029873 0.39439124 1
1742915030494 0.26171398 2
1742915031112 0.18083937 3
1742915031734 0.13041572 4
1742915032353 0.100012034 5
1742915032983 0.07847946 6
1742915033604 0.06431956 7
1742915034225 0.05381903 8
1742915034846 0.0461279 9
1742915035475 0.039664496 10
1742915036102 0.03499638 11
1742915036734 0.031076977 12
1742915037357 0.02770465 13
1742915037983 0.024853494 14
1742915038600 0.02250263 15
1742915039211 0.020511167 16
1742915039836 0.018596886 17
1742915040469 0.016937673 18
1742915041094 0.015625656 19
1742915041730 0.014312931 20
1742915042367 0.013263096 21
1742915043099 0.012149903 22
1742915043843 0.011305294 23
1742915044581 0.010422104 24
1742915045318 0.009627441 25
1742915046066 0.009070488 26
1742915046847 0.008469462 27
1742915047642 0.007904478 28
1742915048411 0.0074783135 29
1742915049193 0.006986034 30
1742915050001 0.006567447 31
1742915050811 0.006150989 32
1742915051577 0.0058575957 33
1742915052319 0.0055049094 34
1742915053072 0.005265863 35
1742915053824 0.004966715 36
1742915054581 0.004699119 37
1742915055323 0.004486576 38
1742915056068 0.004343378 39
