1742915029135 1.6155205 0
1742915029871 1.6894277 1
1742915030491 1.6491251 2
1742915031110 1.5808549 3
1742915031731 1.5079358 4
1742915032351 1.44631 5
1742915032980 1.3958273 6
1742915033601 1.3710084 7
1742915034223 1.378235 8
1742915034842 1.3776479 9
1742915035473 1.3687527 10
1742915036098 1.3623474 11
1742915036730 1.3550951 12
1742915037355 1.3594801 13
1742915037981 1.370397 14
1742915038597 1.3859135 15
1742915039209 1.4050412 16
1742915039835 1.4119633 17
1742915040467 1.40931 18
1742915041092 1.4151586 19
1742915041728 1.4235048 20
1742915042365 1.4265769 21
1742915043096 1.419504 22
1742915043841 1.4213173 23
1742915044579 1.4212408 24
1742915045314 1.4107018 25
1742915046055 1.4043943 26
1742915046843 1.3977978 27
1742915047639 1.3944653 28
1742915048407 1.3913131 29
1742915049189 1.3888552 30
1742915049997 1.3919697 31
1742915050809 1.395019 32
1742915051573 1.4140692 33
1742915052317 1.4417748 34
1742915053068 1.4607008 35
1742915053821 1.4634521 36
1742915054578 1.4523165 37
1742915055321 1.4251828 38
1742915056066 1.4027314 39
