1742915029137 0.21490142 0
1742915029871 0.1844782 1
1742915030492 0.18308741 2
1742915031112 0.19506116 3
1742915031733 0.20798095 4
1742915032353 0.21562086 5
1742915032982 0.21703884 6
1742915033602 0.21588151 7
1742915034225 0.20772468 8
1742915034844 0.20690018 9
1742915035473 0.21121195 10
1742915036100 0.21717411 11
1742915036732 0.2195797 12
1742915037357 0.21607493 13
1742915037981 0.21126203 14
1742915038599 0.20849694 15
1742915039211 0.20669095 16
1742915039836 0.2064931 17
1742915040469 0.20847337 18
1742915041094 0.20691533 19
1742915041730 0.20537543 20
1742915042367 0.20876068 21
1742915043097 0.21219763 22
1742915043843 0.2102835 23
1742915044581 0.20652959 24
1742915045316 0.20584252 25
1742915046064 0.20749393 26
1742915046845 0.20739883 27
1742915047640 0.20845571 28
1742915048409 0.20854084 29
1742915049191 0.20824026 30
1742915049999 0.20540218 31
1742915050811 0.20362909 32
1742915051575 0.20169483 33
1742915052319 0.19949785 34
1742915053070 0.1995985 35
1742915053823 0.20361914 36
1742915054580 0.20711644 37
1742915055321 0.21220212 38
1742915056066 0.2115887 39
