1747374560679 0.6946612000465393 0
1747374635391 0.6937402486801147 1
1747374706005 0.6894980072975159 2
1747374777219 0.7502225637435913 3
1747374847703 0.6863957047462463 4
1747374917811 0.6793981194496155 5
1747374988610 0.6534298658370972 6
1747375059540 0.6622286438941956 7
1747375131053 0.6654640436172485 8
1747375201789 0.7018254995346069 9
1747375271782 0.6962850093841553 10
1747375342588 0.677834153175354 11
1747375413186 0.686485767364502 12
1747375484729 0.6873059272766113 13
1747375555429 0.6863078474998474 14
1747375625238 0.710857093334198 15
1747375695797 0.7104649543762207 16
1747375766498 0.6879368424415588 17
1747375838123 0.6851431131362915 18
1747375908847 0.700289249420166 19
1747375978792 0.703735888004303 20
1747376049402 0.6951845288276672 21
1747376120774 0.6878905892372131 22
1747376192277 0.6827067136764526 23
1747376263170 0.6933175325393677 24
1747376333153 0.6906532645225525 25
1747376403712 0.6801939010620117 26
1747376474193 0.6831223368644714 27
1747376545621 0.684748113155365 28
1747376616665 0.7072678804397583 29
1747376686889 0.6933599710464478 30
1747376757598 0.6723706126213074 31
1747376828697 0.6947697997093201 32
1747376900143 0.6667819619178772 33
1747376971052 0.6702226996421814 34
1747377041529 0.73446124792099 35
1747377112091 0.6889633536338806 36
1747377182686 0.6832284927368164 37
1747377253959 0.6906591653823853 38
1747377324936 0.7141351699829102 39
1747377395342 0.6897827982902527 40
1747377465954 0.7268813848495483 41
1747377536555 0.6701436042785645 42
1747377607808 0.6819457411766052 43
1747377678468 0.7008660435676575 44
1747377749258 0.6841649413108826 45
1747377819743 0.6795952320098877 46
1747377890384 0.6722956895828247 47
1747377961397 0.709129810333252 48
1747378032016 0.6756675243377686 49
1747378103244 0.6890543103218079 50
1747378173576 0.7132659554481506 51
1747378244363 0.6996409893035889 52
1747378315010 0.6799519658088684 53
1747378385729 0.6831651329994202 54
1747378456524 0.6918880343437195 55
1747378526488 0.6820579171180725 56
1747378597556 0.6478496789932251 57
1747378668087 0.6905006766319275 58
1747378739002 0.7286215424537659 59
1747378809919 0.6801050305366516 60
1747378879964 0.7103524804115295 61
1747378951386 0.6881465911865234 62
1747379022287 0.690479040145874 63
1747379093720 0.6906770467758179 64
1747379164686 0.6658570766448975 65
1747379235212 0.6775493025779724 66
1747379306595 0.6806147694587708 67
1747379377007 0.7034223675727844 68
1747379448660 0.7081843614578247 69
1747379519442 0.696505069732666 70
1747379590054 0.6815767288208008 71
1747379661417 0.6934702396392822 72
1747379731883 0.6787827610969543 73
1747379803523 0.6886484026908875 74
1747379874098 0.6837041974067688 75
1747379944921 0.685418963432312 76
1747380016010 0.6901383996009827 77
1747380086689 0.7103118300437927 78
1747380158356 0.676699161529541 79
1747380229015 0.6931779980659485 80
1747380300191 0.6941091418266296 81
1747380371278 0.6821358799934387 82
1747380441709 0.6798297762870789 83
1747380513353 0.6981688737869263 84
1747380583942 0.7182617783546448 85
1747380655099 0.6949021220207214 86
1747380726056 0.6885908246040344 87
1747380796448 0.6885067224502563 88
1747380868008 0.691368043422699 89
1747380938686 0.6977788805961609 90
1747381010056 0.6876174211502075 91
1747381080849 0.672965943813324 92
1747381151450 0.6891475915908813 93
1747381223015 0.6739997863769531 94
1747381293720 0.691841721534729 95
1747381365056 0.6952494978904724 96
1747381435611 0.6868162751197815 97
1747381506413 0.6616884469985962 98
1747381577811 0.6911107897758484 99
1747381648487 0.6639887690544128 100
1747381720169 0.6875362992286682 101
1747381790768 0.6680678129196167 102
1747381861849 0.6656107306480408 103
1747381932893 0.6907681226730347 104
1747382003536 0.6993735432624817 105
1747382075174 0.6924306154251099 106
1747382145968 0.6999040246009827 107
1747382217100 0.7052757143974304 108
1747382287996 0.6985082626342773 109
1747382358680 0.697441041469574 110
1747382430125 0.6930928230285645 111
1747382500897 0.6730196475982666 112
1747382572165 0.6951711177825928 113
1747382642833 0.6753873825073242 114
1747382713486 0.6968086957931519 115
1747382784943 0.6756312847137451 116
1747382855546 0.7107400894165039 117
1747382926987 0.6967806220054626 118
1747382997500 0.7106426358222961 119
1747383068545 0.678100049495697 120
1747383139943 0.6772876381874084 121
1747383210510 0.6818053126335144 122
1747383281938 0.6888096928596497 123
1747383352493 0.6887817978858948 124
1747383423477 0.6839712262153625 125
1747383494730 0.7070420384407043 126
1747383565497 0.6936896443367004 127
1747383637142 0.6885536909103394 128
1747383707736 0.6958891749382019 129
1747383778962 0.6878007650375366 130
1747383850058 0.683536946773529 131
1747383920727 0.6921780109405518 132
1747383992251 0.6821533441543579 133
1747384062727 0.7091311812400818 134
1747384134033 0.7096554636955261 135
1747384204974 0.693498432636261 136
1747384275503 0.6915027499198914 137
1747384347056 0.6689847111701965 138
1747384417493 0.7033998966217041 139
1747384488935 0.6850454211235046 140
1747384559606 0.6824885606765747 141
1747384630163 0.7132565975189209 142
1747384701623 0.6823794841766357 143
1747384772038 0.6851697564125061 144
1747384843900 0.6940464973449707 145
1747384914703 0.6886537671089172 146
1747384985639 0.6955321431159973 147
1747385056896 0.6969930529594421 148
1747385127444 0.6880706548690796 149
1747385199206 0.6992970705032349 150
1747385269873 0.6916025876998901 151
1747385341042 0.6980445384979248 152
1747385412202 0.6782441139221191 153
1747385482717 0.6914633512496948 154
1747385554287 0.7123059630393982 155
1747385624900 0.6815787553787231 156
1747385695942 0.695382297039032 157
1747385767045 0.7080070972442627 158
1747385837528 0.6804133057594299 159
1747385909172 0.6951683163642883 160
1747385979912 0.6878604292869568 161
1747386051182 0.6885949969291687 162
1747386121858 0.6964250802993774 163
1747386192291 0.6919565200805664 164
1747386263801 0.6946830749511719 165
1747386334480 0.6846476197242737 166
1747386406120 0.7202389240264893 167
1747386476701 0.6839936971664429 168
1747386547458 0.7012515068054199 169
1747386618958 0.6712067127227783 170
1747386689634 0.6909722089767456 171
1747386761172 0.7012246251106262 172
1747386831653 0.681719958782196 173
1747386902496 0.6999072432518005 174
1747386973642 0.6940464973449707 175
1747387044417 0.6874837279319763 176
1747387115980 0.6729004979133606 177
1747387186818 0.6846616864204407 178
1747387257946 0.6946914792060852 179
1747387328957 0.6975046992301941 180
1747387399626 0.6770959496498108 181
1747387471244 0.6838209629058838 182
1747387541957 0.6881744861602783 183
1747387613146 0.7050389647483826 184
1747387683940 0.6995865106582642 185
1747387754531 0.6929850578308105 186
1747387826076 0.6995812654495239 187
1747387896721 0.6901102662086487 188
1747387968199 0.6912543177604675 189
1747388038725 0.7188096642494202 190
1747388109490 0.697960376739502 191
1747388180942 0.6850210428237915 192
1747388251566 0.6970893740653992 193
1747388322951 0.6974181532859802 194
1747388393452 0.6869818568229675 195
1747388464498 0.6740689873695374 196
1747388535829 0.6726018786430359 197
1747388606491 0.7076590061187744 198
1747388678125 0.7049322724342346 199
