1747374560670 0.00021903542801737785 0
1747374635384 2.3024760594125837e-05 1
1747374706001 3.982757334597409e-06 2
1747374777215 7.44568751542829e-07 3
1747374847699 1.7588252632094736e-08 4
1747374917807 2.540525478877953e-08 5
1747374988606 1.9542505391711984e-09 6
1747375059534 0.0 7
1747375131046 0.0 8
1747375201785 0.0 9
1747375271776 0.0 10
1747375342583 0.0 11
1747375413178 0.0 12
1747375484723 0.0 13
1747375555425 0.0 14
1747375625234 0.0 15
1747375695789 0.0 16
1747375766494 0.0 17
1747375838119 0.0 18
1747375908834 0.0 19
1747375978786 0.0 20
1747376049396 0.0 21
1747376120766 0.0 22
1747376192273 0.0 23
1747376263164 0.0 24
1747376333150 0.0 25
1747376403708 0.0 26
1747376474189 0.0 27
1747376545608 0.0 28
1747376616657 0.0 29
1747376686887 0.0 30
1747376757592 0.0 31
1747376828693 0.0 32
1747376900136 0.0 33
1747376971046 0.0 34
1747377041525 0.0 35
1747377112083 0.0 36
1747377182678 0.0 37
1747377253953 0.0 38
1747377324932 0.0 39
1747377395338 0.0 40
1747377465948 0.0 41
1747377536550 0.0 42
1747377607802 0.0 43
1747377678459 0.0 44
1747377749252 0.0 45
1747377819737 0.0 46
1747377890380 0.0 47
1747377961393 0.0 48
1747378032014 0.0 49
1747378103240 0.0 50
1747378173568 0.0 51
1747378244359 0.0 52
1747378315003 0.0 53
1747378385725 0.0 54
1747378456520 0.0 55
1747378526484 0.0 56
1747378597548 0.0 57
1747378668083 0.0 58
1747378738994 0.0 59
1747378809915 0.0 60
1747378879960 0.0 61
1747378951378 0.0 62
1747379022284 0.0 63
1747379093716 0.0 64
1747379164682 0.0 65
1747379235204 0.0 66
1747379306589 0.0 67
1747379377003 0.0 68
1747379448654 0.0 69
1747379519434 0.0 70
1747379590052 0.0 71
1747379661413 0.0 72
1747379731876 0.0 73
1747379803518 0.0 74
1747379874092 0.0 75
1747379944917 0.0 76
1747380016003 0.0 77
1747380086683 0.0 78
1747380158350 0.0 79
1747380229010 0.0 80
1747380300187 0.0 81
1747380371270 0.0 82
1747380441705 0.0 83
1747380513349 0.0 84
1747380583935 0.0 85
1747380655093 0.0 86
1747380726050 0.0 87
1747380796445 0.0 88
1747380868003 0.0 89
1747380938682 0.0 90
1747381010050 0.0 91
1747381080841 0.0 92
1747381151442 0.0 93
1747381223013 0.0 94
1747381293716 0.0 95
1747381365048 0.0 96
1747381435605 0.0 97
1747381506409 0.0 98
1747381577805 0.0 99
1747381648479 0.0 100
1747381720161 0.0 101
1747381790764 0.0 102
1747381861845 0.0 103
1747381932889 0.0 104
1747382003532 0.0 105
1747382075170 0.0 106
1747382145961 0.0 107
1747382217094 0.0 108
1747382287994 0.0 109
1747382358676 0.0 110
1747382430121 0.0 111
1747382500892 0.0 112
1747382572161 0.0 113
1747382642827 0.0 114
1747382713478 0.0 115
1747382784939 0.0 116
1747382855538 0.0 117
1747382926984 0.0 118
1747382997496 0.0 119
1747383068541 0.0 120
1747383139939 0.0 121
1747383210506 0.0 122
1747383281934 0.0 123
1747383352489 0.0 124
1747383423471 0.0 125
1747383494726 0.0 126
1747383565491 0.0 127
1747383637138 0.0 128
1747383707729 0.0 129
1747383778958 0.0 130
1747383850054 0.0 131
1747383920723 0.0 132
1747383992245 0.0 133
1747384062719 0.0 134
1747384134025 0.0 135
1747384204968 0.0 136
1747384275495 0.0 137
1747384347052 0.0 138
1747384417485 0.0 139
1747384488931 0.0 140
1747384559599 0.0 141
1747384630159 0.0 142
1747384701615 0.0 143
1747384772032 0.0 144
1747384843894 0.0 145
1747384914695 0.0 146
1747384985635 0.0 147
1747385056892 0.0 148
1747385127437 0.0 149
1747385199202 0.0 150
1747385269867 0.0 151
1747385341034 0.0 152
1747385412198 0.0 153
1747385482711 0.0 154
1747385554283 0.0 155
1747385624898 0.0 156
1747385695940 0.0 157
1747385767037 0.0 158
1747385837524 0.0 159
1747385909168 0.0 160
1747385979904 0.0 161
1747386051178 0.0 162
1747386121854 0.0 163
1747386192285 0.0 164
1747386263793 0.0 165
1747386334476 0.0 166
1747386406117 0.0 167
1747386476695 0.0 168
1747386547450 0.0 169
1747386618954 0.0 170
1747386689627 0.0 171
1747386761168 0.0 172
1747386831649 0.0 173
1747386902487 0.0 174
1747386973637 0.0 175
1747387044411 0.0 176
1747387115972 0.0 177
1747387186814 0.0 178
1747387257941 0.0 179
1747387328950 0.0 180
1747387399622 0.0 181
1747387471241 0.0 182
1747387541949 0.0 183
1747387613141 0.0 184
1747387683934 0.0 185
1747387754523 0.0 186
1747387826074 0.0 187
1747387896717 0.0 188
1747387968195 0.0 189
1747388038721 0.0 190
1747388109486 0.0 191
1747388180938 0.0 192
1747388251560 0.0 193
1747388322947 0.0 194
1747388393444 0.0 195
1747388464490 0.0 196
1747388535821 0.0 197
1747388606484 0.0 198
1747388678121 0.0 199
