1747374560668 0.692319393157959 0
1747374635380 0.693130373954773 1
1747374706001 0.69692063331604 2
1747374777213 0.6463750004768372 3
1747374847697 0.7005370855331421 4
1747374917805 0.7073838114738464 5
1747374988605 0.7346521019935608 6
1747375059532 0.7253990173339844 7
1747375131044 0.7218030691146851 8
1747375201785 0.6846558451652527 9
1747375271774 0.6905571222305298 10
1747375342581 0.708838701248169 11
1747375413176 0.6999260783195496 12
1747375484723 0.6991174221038818 13
1747375555423 0.7001246213912964 14
1747375625232 0.6757774353027344 15
1747375695787 0.676231324672699 16
1747375766491 0.6984222531318665 17
1747375838117 0.7012434005737305 18
1747375908834 0.6860831379890442 19
1747375978782 0.6827249526977539 20
1747376049394 0.6911572813987732 21
1747376120764 0.6984648108482361 22
1747376192271 0.7037366032600403 23
1747376263162 0.6930213570594788 24
1747376333148 0.695681095123291 25
1747376403708 0.7062967419624329 26
1747376474187 0.703431248664856 27
1747376545608 0.7016507387161255 28
1747376616655 0.6792582869529724 29
1747376686885 0.6929699778556824 30
1747376757592 0.714387059211731 31
1747376828691 0.6915625333786011 32
1747376900134 0.7202766537666321 33
1747376971044 0.7166333198547363 34
1747377041525 0.6535409688949585 35
1747377112081 0.6973910331726074 36
1747377182676 0.7031939625740051 37
1747377253951 0.6956605315208435 38
1747377324930 0.6726238131523132 39
1747377395338 0.696544885635376 40
1747377465948 0.6605550646781921 41
1747377536548 0.7167266011238098 42
1747377607798 0.7044993042945862 43
1747377678457 0.6855167150497437 44
1747377749250 0.7022445797920227 45
1747377819737 0.7069272994995117 46
1747377890378 0.7144861817359924 47
1747377961393 0.6774353981018066 48
1747378032012 0.7109617590904236 49
1747378103238 0.6972741484642029 50
1747378173567 0.6734780669212341 51
1747378244359 0.6867119073867798 52
1747378315001 0.706537663936615 53
1747378385724 0.7032525539398193 54
1747378456520 0.6944825649261475 55
1747378526482 0.7043755054473877 56
1747378597546 0.7406190633773804 57
1747378668083 0.6958175897598267 58
1747378738992 0.6589412689208984 59
1747378809915 0.7064027190208435 60
1747378879958 0.6762687563896179 61
1747378951376 0.6982175707817078 62
1747379022282 0.695864200592041 63
1747379093716 0.6956360340118408 64
1747379164680 0.7212329506874084 65
1747379235202 0.7090118527412415 66
1747379306587 0.7058515548706055 67
1747379377002 0.6830007433891296 68
1747379448652 0.6783515214920044 69
1747379519432 0.6898126602172852 70
1747379590048 0.7048748731613159 71
1747379661411 0.6928428411483765 72
1747379731874 0.7077475190162659 73
1747379803517 0.6976870894432068 74
1747379874089 0.7026979923248291 75
1747379944915 0.7009508609771729 76
1747380016001 0.6961891651153564 77
1747380086679 0.676285445690155 78
1747380158346 0.7098870873451233 79
1747380229010 0.6931373476982117 80
1747380300185 0.6921994090080261 81
1747380371268 0.7042927145957947 82
1747380441705 0.706656813621521 83
1747380513347 0.6881843209266663 84
1747380583933 0.6686771512031555 85
1747380655089 0.6914166808128357 86
1747380726046 0.6977404952049255 87
1747380796443 0.6978214979171753 88
1747380868001 0.6949514150619507 89
1747380938680 0.6885802745819092 90
1747381010050 0.698735237121582 91
1747381080839 0.7137701511383057 92
1747381151438 0.6971780061721802 93
1747381223012 0.7126976251602173 94
1747381293714 0.6944711208343506 95
1747381365046 0.6910618543624878 96
1747381435601 0.6995317339897156 97
1747381506407 0.7256673574447632 98
1747381577801 0.6952090859413147 99
1747381648478 0.7232348918914795 100
1747381720159 0.6988125443458557 101
1747381790762 0.7189189791679382 102
1747381861843 0.721488356590271 103
1747381932887 0.6955485343933105 104
1747382003530 0.6869729161262512 105
1747382075168 0.6938793659210205 106
1747382145959 0.6864598989486694 107
1747382217094 0.6811851263046265 108
1747382287992 0.687886655330658 109
1747382358676 0.6888933181762695 110
1747382430119 0.6932163238525391 111
1747382500890 0.7137239575386047 112
1747382572159 0.6911537051200867 113
1747382642823 0.7112534046173096 114
1747382713476 0.6895157098770142 115
1747382784937 0.7109929919242859 116
1747382855536 0.6759166121482849 117
1747382926982 0.6895466446876526 118
1747382997494 0.6759714484214783 119
1747383068539 0.708436906337738 120
1747383139937 0.7092803120613098 121
1747383210504 0.7046553492546082 122
1747383281932 0.6975151300430298 123
1747383352487 0.6975531578063965 124
1747383423467 0.702431857585907 125
1747383494724 0.6794657707214355 126
1747383565491 0.692620575428009 127
1747383637136 0.6977779269218445 128
1747383707725 0.6904354691505432 129
1747383778956 0.6985393166542053 130
1747383850054 0.7028669118881226 131
1747383920721 0.6941324472427368 132
1747383992243 0.7042795419692993 133
1747384062717 0.6774358153343201 134
1747384134023 0.6769259572029114 135
1747384204968 0.6928213834762573 136
1747384275493 0.6948092579841614 137
1747384347050 0.7179250121116638 138
1747384417483 0.6830205917358398 139
1747384488931 0.7013360261917114 140
1747384559597 0.703957200050354 141
1747384630157 0.6734622120857239 142
1747384701611 0.7040544748306274 143
1747384772028 0.7012054920196533 144
1747384843892 0.6922878623008728 145
1747384914693 0.6976791024208069 146
1747384985635 0.6907842755317688 147
1747385056892 0.6893609166145325 148
1747385127434 0.6982694268226624 149
1747385199200 0.6870632171630859 150
1747385269864 0.6947091817855835 151
1747385341032 0.6882976293563843 152
1747385412196 0.708295464515686 153
1747385482711 0.6948500275611877 154
1747385554281 0.674378514289856 155
1747385624896 0.7048730850219727 156
1747385695938 0.6909313797950745 157
1747385767035 0.6785203218460083 158
1747385837522 0.7060880661010742 159
1747385909168 0.6911540031433105 160
1747385979902 0.6984786987304688 161
1747386051176 0.697732150554657 162
1747386121852 0.6899031400680542 163
1747386192281 0.6943548917770386 164
1747386263792 0.6916418671607971 165
1747386334474 0.7017408013343811 166
1747386406115 0.6667829155921936 167
1747386476691 0.7023971676826477 168
1747386547448 0.6851233243942261 169
1747386618954 0.7155953645706177 170
1747386689625 0.6953412890434265 171
1747386761166 0.6851636171340942 172
1747386831649 0.7047252058982849 173
1747386902485 0.6864502429962158 174
1747386973635 0.6922634840011597 175
1747387044409 0.6988617777824402 176
1747387115970 0.7138345241546631 177
1747387186814 0.701718807220459 178
1747387257941 0.6916200518608093 179
1747387328948 0.6888261437416077 180
1747387399621 0.7094794511795044 181
1747387471239 0.702580988407135 182
1747387541947 0.6981814503669739 183
1747387613139 0.6814179420471191 184
1747387683932 0.6867749691009521 185
1747387754521 0.6933277249336243 186
1747387826072 0.6867734789848328 187
1747387896714 0.6962060332298279 188
1747387968191 0.695079505443573 189
1747388038721 0.6681521534919739 190
1747388109486 0.6883866190910339 191
1747388180936 0.7013577818870544 192
1747388251556 0.6892437934875488 193
1747388322947 0.6889265775680542 194
1747388393442 0.6993646025657654 195
1747388464487 0.7126136422157288 196
1747388535819 0.7141445875167847 197
1747388606480 0.678859293460846 198
1747388678119 0.6815125346183777 199
