1747374560664 0.8347932696342468 0
1747374635378 0.8265389800071716 1
1747374705999 0.8235297203063965 2
1747374777211 0.8442295789718628 3
1747374847695 0.7829260230064392 4
1747374917805 0.7709279656410217 5
1747374988603 0.7569714784622192 6
1747375059532 0.7634836435317993 7
1747375131042 0.7595411539077759 8
1747375201783 0.7976863384246826 9
1747375271772 0.7902613282203674 10
1747375342577 0.7707628011703491 11
1747375413172 0.7900664806365967 12
1747375484721 0.7843183875083923 13
1747375555421 0.7824812531471252 14
1747375625232 0.8075129389762878 15
1747375695785 0.7953290939331055 16
1747375766489 0.7937270402908325 17
1747375838117 0.7779257297515869 18
1747375908832 0.7907954454421997 19
1747375978772 0.8169485330581665 20
1747376049390 0.7831792235374451 21
1747376120762 0.7785286903381348 22
1747376192269 0.7755021452903748 23
1747376263160 0.7875818014144897 24
1747376333148 0.7817813754081726 25
1747376403706 0.792288601398468 26
1747376474185 0.7844347357749939 27
1747376545606 0.7820793390274048 28
1747376616651 0.8033769726753235 29
1747376686883 0.7922159433364868 30
1747376757590 0.7823487520217896 31
1747376828689 0.788504958152771 32
1747376900131 0.7735680341720581 33
1747376971040 0.7823250889778137 34
1747377041523 0.8444413542747498 35
1747377112077 0.7756291031837463 36
1747377182674 0.7716225981712341 37
1747377253947 0.7896105647087097 38
1747377324929 0.8028395771980286 39
1747377395336 0.7869256734848022 40
1747377465946 0.8276249170303345 41
1747377536544 0.7595116496086121 42
1747377607796 0.7798323631286621 43
1747377678455 0.7945303916931152 44
1747377749248 0.7740094661712646 45
1747377819735 0.7719670534133911 46
1747377890378 0.7596890926361084 47
1747377961391 0.8075323700904846 48
1747378032010 0.765155553817749 49
1747378103236 0.7832784056663513 50
1747378173563 0.8125956654548645 51
1747378244357 0.8045310974121094 52
1747378314997 0.7763427495956421 53
1747378385723 0.7688645124435425 54
1747378456518 0.7953180074691772 55
1747378526480 0.7688143849372864 56
1747378597542 0.7501320838928223 57
1747378668081 0.790814220905304 58
1747378738990 0.8246561288833618 59
1747378809913 0.7780576944351196 60
1747378879958 0.808059811592102 61
1747378951374 0.7818945646286011 62
1747379022281 0.7857533097267151 63
1747379093714 0.7797995209693909 64
1747379164678 0.7625762224197388 65
1747379235202 0.7818871140480042 66
1747379306583 0.7758234739303589 67
1747379377000 0.8002175092697144 68
1747379448649 0.7964888215065002 69
1747379519430 0.7909970283508301 70
1747379590046 0.7724924087524414 71
1747379661407 0.7798935174942017 72
1747379731871 0.7693163752555847 73
1747379803513 0.7807058095932007 74
1747379874087 0.7765367031097412 75
1747379944913 0.7844300270080566 76
1747380015997 0.7839810848236084 77
1747380086677 0.8043621778488159 78
1747380158344 0.7831932306289673 79
1747380229008 0.7948715090751648 80
1747380300185 0.7842803597450256 81
1747380371265 0.7729625701904297 82
1747380441703 0.7667384743690491 83
1747380513347 0.7929482460021973 84
1747380583929 0.8105729818344116 85
1747380655087 0.7888742685317993 86
1747380726044 0.7830591201782227 87
1747380796441 0.7888171672821045 88
1747380867999 0.7845679521560669 89
1747380938680 0.7958971261978149 90
1747381010048 0.7864820957183838 91
1747381080837 0.7709276080131531 92
1747381151436 0.7807741165161133 93
1747381223009 0.768189549446106 94
1747381293712 0.7845088839530945 95
1747381365042 0.8048518300056458 96
1747381435599 0.7851029634475708 97
1747381506405 0.7642272710800171 98
1747381577799 0.7878541946411133 99
1747381648474 0.7638260722160339 100
1747381720155 0.7812852263450623 101
1747381790760 0.7616060376167297 102
1747381861841 0.7552382349967957 103
1747381932887 0.7928972840309143 104
1747382003528 0.7954389452934265 105
1747382075166 0.7869861125946045 106
1747382145955 0.7945351004600525 107
1747382217092 0.7972344756126404 108
1747382287992 0.7846534848213196 109
1747382358674 0.8034880757331848 110
1747382430115 0.7933982610702515 111
1747382500888 0.7724952101707458 112
1747382572157 0.7852219343185425 113
1747382642821 0.766974925994873 114
1747382713474 0.8028941750526428 115
1747382784935 0.7886945009231567 116
1747382855532 0.8130585551261902 117
1747382926980 0.7878154516220093 118
1747382997492 0.8038127422332764 119
1747383068537 0.7711623311042786 120
1747383139935 0.7724681496620178 121
1747383210500 0.773315966129303 122
1747383281932 0.7846517562866211 123
1747383352487 0.79253751039505 124
1747383423465 0.7827790975570679 125
1747383494723 0.8048207759857178 126
1747383565487 0.7972987294197083 127
1747383637134 0.7887841463088989 128
1747383707723 0.796297013759613 129
1747383778956 0.7836094498634338 130
1747383850052 0.7847759127616882 131
1747383920717 0.7847729921340942 132
1747383992241 0.774571418762207 133
1747384062713 0.8059649467468262 134
1747384134019 0.8083690404891968 135
1747384204966 0.7830749154090881 136
1747384275490 0.788010835647583 137
1747384347048 0.7618119716644287 138
1747384417481 0.7992137670516968 139
1747384488929 0.7784006595611572 140
1747384559595 0.778700590133667 141
1747384630155 0.8002585768699646 142
1747384701609 0.7835999727249146 143
1747384772026 0.7817739248275757 144
1747384843888 0.7874187231063843 145
1747384914691 0.7788066864013672 146
1747384985633 0.7870774269104004 147
1747385056890 0.7925353646278381 148
1747385127430 0.771930992603302 149
1747385199200 0.7970371842384338 150
1747385269862 0.7884932160377502 151
1747385341028 0.7922936677932739 152
1747385412194 0.7674388885498047 153
1747385482709 0.7878137230873108 154
1747385554279 0.815227210521698 155
1747385624894 0.769483745098114 156
1747385695936 0.7930302023887634 157
1747385767033 0.8015370965003967 158
1747385837520 0.7785981297492981 159
1747385909166 0.7931380867958069 160
1747385979898 0.7833007574081421 161
1747386051174 0.7805918455123901 162
1747386121851 0.8039885759353638 163
1747386192279 0.8006677627563477 164
1747386263788 0.7932202816009521 165
1747386334470 0.780117392539978 166
1747386406113 0.819412112236023 167
1747386476689 0.7755981683731079 168
1747386547444 0.7908660173416138 169
1747386618950 0.7604272961616516 170
1747386689623 0.7914026379585266 171
1747386761164 0.8005184531211853 172
1747386831647 0.7776849865913391 173
1747386902483 0.7952145338058472 174
1747386973631 0.7851906418800354 175
1747387044407 0.7744552493095398 176
1747387115968 0.7689008116722107 177
1747387186812 0.7807109951972961 178
1747387257937 0.7976394295692444 179
1747387328946 0.7869434356689453 180
1747387399619 0.7709157466888428 181
1747387471237 0.7804752588272095 182
1747387541943 0.7881179451942444 183
1747387613139 0.794888973236084 184
1747387683930 0.7937410473823547 185
1747387754517 0.7779279351234436 186
1747387826070 0.8017576336860657 187
1747387896712 0.7931586503982544 188
1747387968189 0.784717321395874 189
1747388038719 0.8158210515975952 190
1747388109483 0.7858613133430481 191
1747388180934 0.7892675399780273 192
1747388251554 0.7868674397468567 193
1747388322944 0.7894238829612732 194
1747388393440 0.7841345071792603 195
1747388464485 0.776284396648407 196
1747388535815 0.7719155550003052 197
1747388606478 0.8076599836349487 198
1747388678117 0.7968214154243469 199
