1747374560682 0.0050024548545479774 0
1747374635393 0.005001421552151442 1
1747374706008 0.004980780184268951 2
1747374777219 0.005246144253760576 3
1747374847703 0.004961440805345774 4
1747374917813 0.00492851622402668 5
1747374988612 0.004796371329575777 6
1747375059542 0.0048418203368783 7
1747375131057 0.004858547821640968 8
1747375201791 0.005042477510869503 9
1747375271785 0.005014856345951557 10
1747375342592 0.004922547843307257 11
1747375413187 0.00496629998087883 12
1747375484730 0.00497041828930378 13
1747375555431 0.00496492488309741 14
1747375625238 0.005087581928819418 15
1747375695799 0.00508531229570508 16
1747375766500 0.004973695147782564 17
1747375838123 0.004959591198712587 18
1747375908849 0.00503541948273778 19
1747375978794 0.005052328109741211 20
1747376049403 0.005009854678064585 21
1747376120777 0.004973378963768482 22
1747376192277 0.004947348963469267 23
1747376263172 0.005000568460673094 24
1747376333155 0.004987264517694712 25
1747376403714 0.004934556316584349 26
1747376474195 0.004948819056153297 27
1747376545623 0.004957646131515503 28
1747376616665 0.005069890059530735 29
1747376686892 0.005000797100365162 30
1747376757598 0.004894865211099386 31
1747376828699 0.005007974337786436 32
1747376900146 0.004866254515945911 33
1747376971056 0.00488390913233161 34
1747377041531 0.00520211411640048 35
1747377112093 0.004978818353265524 36
1747377182686 0.004949946887791157 37
1747377253961 0.004987429361790419 38
1747377324936 0.005103686358779669 39
1747377395344 0.004982953891158104 40
1747377465954 0.005165698938071728 41
1747377536559 0.0048834532499313354 42
1747377607811 0.0049435775727033615 43
1747377678470 0.0050382851622998714 44
1747377749262 0.0049547478556632996 45
1747377819743 0.004931573290377855 46
1747377890384 0.004894349258393049 47
1747377961399 0.005079164635390043 48
1747378032019 0.004911672789603472 49
1747378103245 0.004979382269084454 50
1747378173578 0.005099315196275711 51
1747378244365 0.005032254848629236 52
1747378315012 0.0049334303475916386 53
1747378385730 0.004949708469212055 54
1747378456526 0.004993593320250511 55
1747378526490 0.0049441601149737835 56
1747378597556 0.0047681620344519615 57
1747378668089 0.004986598156392574 58
1747378739004 0.0051740738563239574 59
1747378809921 0.004934190306812525 60
1747378879964 0.005085016135126352 61
1747378951388 0.0049747987650334835 62
1747379022288 0.004986386280506849 63
1747379093720 0.0049875457771122456 64
1747379164688 0.004861506167799234 65
1747379235212 0.004921342711895704 66
1747379306597 0.0049368212930858135 67
1747379377009 0.005050983279943466 68
1747379448664 0.005074514541774988 69
1747379519442 0.005016692448407412 70
1747379590056 0.0049416678957641125 71
1747379661417 0.005001569166779518 72
1747379731885 0.004927554167807102 73
1747379803524 0.004977307748049498 74
1747379874100 0.004952514078468084 75
1747379944923 0.004961083643138409 76
1747380016013 0.004984754137694836 77
1747380086691 0.005085006356239319 78
1747380158358 0.00491698132827878 79
1747380229017 0.005000085104256868 80
1747380300191 0.005004714243113995 81
1747380371280 0.004944574553519487 82
1747380441711 0.004932887852191925 83
1747380513355 0.005024896934628487 84
1747380583944 0.0051238154992461205 85
1747380655103 0.005008654668927193 86
1747380726058 0.004977059084922075 87
1747380796450 0.0049766357988119125 88
1747380868008 0.00499102845788002 89
1747380938686 0.005022968631237745 90
1747381010056 0.004972143564373255 91
1747381080851 0.004897994454950094 92
1747381151452 0.004979866091161966 93
1747381223017 0.004903238732367754 94
1747381293722 0.004993397742509842 95
1747381365058 0.005010372027754784 96
1747381435615 0.004968180321156979 97
1747381506413 0.004840153269469738 98
1747381577813 0.00498970178887248 99
1747381648489 0.0048519219271838665 100
1747381720171 0.004971765913069248 101
1747381790769 0.004872878547757864 102
1747381861851 0.004860238637775183 103
1747381932895 0.004987968131899834 104
1747382003536 0.00503087742254138 105
1747382075176 0.0049963099882006645 106
1747382145970 0.005033527966588736 107
1747382217100 0.005060088355094194 108
1747382287999 0.005026138387620449 109
1747382358682 0.005021366290748119 110
1747382430127 0.00499959010630846 111
1747382500897 0.004898195154964924 112
1747382572167 0.005009991582483053 113
1747382642837 0.004910266026854515 114
1747382713488 0.005018192809075117 115
1747382784945 0.004911500029265881 116
1747382855548 0.0050870743580162525 117
1747382926991 0.005017941817641258 118
1747382997502 0.005086615215986967 119
1747383068547 0.004924064967781305 120
1747383139943 0.0049199569039046764 121
1747383210511 0.004942828789353371 122
1747383281940 0.004978187847882509 123
1747383352493 0.0049780248664319515 124
1747383423481 0.004953840747475624 125
1747383494732 0.0050689359195530415 126
1747383565499 0.005002633202821016 127
1747383637144 0.0049768900498747826 128
1747383707736 0.0050136190839111805 129
1747383778964 0.004973134491592646 130
1747383850058 0.00495161022990942 131
1747383920727 0.0049949949607253075 132
1747383992253 0.004944576881825924 133
1747384062729 0.005079175345599651 134
1747384134035 0.00508173368871212 135
1747384204976 0.00500163109973073 136
1747384275503 0.004991657100617886 137
1747384347056 0.00487758032977581 138
1747384417495 0.0050507900305092335 139
1747384488937 0.004959192126989365 140
1747384559608 0.004946292843669653 141
1747384630163 0.005099312402307987 142
1747384701625 0.004945722408592701 143
1747384772040 0.004959833808243275 144
1747384843902 0.005004356149584055 145
1747384914705 0.004977357108145952 146
1747384985641 0.005011807661503553 147
1747385056896 0.005019020289182663 148
1747385127446 0.0049744355492293835 149
1747385199206 0.005030498839914799 150
1747385269875 0.004992133937776089 151
1747385341044 0.0050242808647453785 152
1747385412204 0.004924787674099207 153
1747385482717 0.004991421941667795 154
1747385554289 0.005094753112643957 155
1747385624902 0.004941718187183142 156
1747385695944 0.0050110951997339725 157
1747385767048 0.005073613487184048 158
1747385837530 0.00493581173941493 159
1747385909174 0.0050099738873541355 160
1747385979914 0.004973365925252438 161
1747386051184 0.004977116826921701 162
1747386121858 0.005016236566007137 163
1747386192295 0.004993993788957596 164
1747386263804 0.005007464438676834 165
1747386334480 0.0049572293646633625 166
1747386406120 0.005133583676069975 167
1747386476701 0.004953931085765362 168
1747386547460 0.005040308926254511 169
1747386618960 0.004889028146862984 170
1747386689634 0.004989041015505791 171
1747386761174 0.005040159914642572 172
1747386831653 0.004942440427839756 173
1747386902497 0.00503357220441103 174
1747386973644 0.005004358012229204 175
1747387044417 0.004971392452716827 176
1747387115982 0.004897613078355789 177
1747387186820 0.004957262426614761 178
1747387257946 0.005007569678127766 179
1747387328959 0.005021639633923769 180
1747387399628 0.004918947815895081 181
1747387471246 0.004953042604029179 182
1747387541959 0.004974961746484041 183
1747387613146 0.005058962851762772 184
1747387683942 0.005031895823776722 185
1747387754533 0.004998987074941397 186
1747387826078 0.005031957756727934 187
1747387896721 0.004984681960195303 188
1747387968201 0.004990237765014172 189
1747388038728 0.005126567557454109 190
1747388109492 0.00502380495890975 191
1747388180944 0.004959059413522482 192
1747388251569 0.005019501317292452 193
1747388322953 0.005021124612540007 194
1747388393454 0.004968944471329451 195
1747388464500 0.004903567023575306 196
1747388535831 0.004896062426269054 197
1747388606494 0.005071891006082296 198
1747388678127 0.005058473441749811 199
