1747374560676 0.026703564450144768 0
1747374635389 0.026038149371743202 1
1747374706005 0.026135550811886787 2
1747374777217 0.028860563412308693 3
1747374847701 0.029857439920306206 4
1747374917811 0.027812108397483826 5
1747374988608 0.030482163652777672 6
1747375059536 0.03208017721772194 7
1747375131052 0.030000777915120125 8
1747375201787 0.028168480843305588 9
1747375271782 0.02802269533276558 10
1747375342586 0.029325120151042938 11
1747375413182 0.03023088164627552 12
1747375484728 0.026937436312437057 13
1747375555427 0.030455920845270157 14
1747375625236 0.02778773382306099 15
1747375695795 0.030338715761899948 16
1747375766496 0.028904955834150314 17
1747375838121 0.030700741335749626 18
1747375908838 0.030787097290158272 19
1747375978790 0.03084200993180275 20
1747376049400 0.027878111228346825 21
1747376120772 0.027409065514802933 22
1747376192275 0.02915281429886818 23
1747376263168 0.031527623534202576 24
1747376333152 0.031661223620176315 25
1747376403712 0.031468454748392105 26
1747376474193 0.03147678077220917 27
1747376545621 0.03113028034567833 28
1747376616661 0.02978169173002243 29
1747376686889 0.0298791341483593 30
1747376757596 0.029244722798466682 31
1747376828697 0.0287046879529953 32
1747376900141 0.03038082644343376 33
1747376971050 0.032666582614183426 34
1747377041529 0.03279617056250572 35
1747377112087 0.03192232549190521 36
1747377182684 0.030899733304977417 37
1747377253957 0.030724722892045975 38
1747377324934 0.030538443475961685 39
1747377395342 0.02877761796116829 40
1747377465952 0.03227287158370018 41
1747377536553 0.033881060779094696 42
1747377607806 0.029877223074436188 43
1747377678465 0.03105584718286991 44
1747377749256 0.03013443574309349 45
1747377819741 0.03112206608057022 46
1747377890382 0.029276331886649132 47
1747377961395 0.0313347652554512 48
1747378032016 0.029247483238577843 49
1747378103243 0.03233480826020241 50
1747378173572 0.03230693191289902 51
1747378244363 0.03149036690592766 52
1747378315006 0.030113132670521736 53
1747378385727 0.029354365542531013 54
1747378456522 0.032807618379592896 55
1747378526486 0.03045082837343216 56
1747378597554 0.03247947245836258 57
1747378668087 0.02913239225745201 58
1747378738998 0.031065428629517555 59
1747378809919 0.03196915611624718 60
1747378879962 0.03296743333339691 61
1747378951384 0.032450392842292786 62
1747379022286 0.030619041994214058 63
1747379093718 0.030793571844697 64
1747379164684 0.030925534665584564 65
1747379235208 0.02913724258542061 66
1747379306593 0.03052467852830887 67
1747379377005 0.032367534935474396 68
1747379448658 0.03224969282746315 69
1747379519440 0.031348031014204025 70
1747379590054 0.03015860542654991 71
1747379661415 0.03070625104010105 72
1747379731881 0.03270348161458969 73
1747379803521 0.03253256529569626 74
1747379874096 0.02993191033601761 75
1747379944919 0.03174648433923721 76
1747380016008 0.030665459111332893 77
1747380086687 0.030837832018733025 78
1747380158354 0.03132310509681702 79
1747380229013 0.032333776354789734 80
1747380300189 0.03198600932955742 81
1747380371274 0.0337042398750782 82
1747380441709 0.03266191855072975 83
1747380513353 0.03300866857171059 84
1747380583939 0.03214297443628311 85
1747380655097 0.033289916813373566 86
1747380726054 0.03289207071065903 87
1747380796447 0.031963180750608444 88
1747380868005 0.03464057669043541 89
1747380938684 0.034342989325523376 90
1747381010054 0.03135685622692108 91
1747381080847 0.03270747512578964 92
1747381151446 0.03101297840476036 93
1747381223015 0.031080851331353188 94
1747381293718 0.028638865798711777 95
1747381365052 0.0315241813659668 96
1747381435609 0.03112061135470867 97
1747381506411 0.032974906265735626 98
1747381577809 0.03197899088263512 99
1747381648485 0.03009193204343319 100
1747381720165 0.030259177088737488 101
1747381790766 0.0311766117811203 102
1747381861847 0.03268010914325714 103
1747381932891 0.031591467559337616 104
1747382003534 0.03320996090769768 105
1747382075172 0.030321402475237846 106
1747382145966 0.03047030232846737 107
1747382217098 0.03074253723025322 108
1747382287996 0.032469138503074646 109
1747382358680 0.03146222606301308 110
1747382430123 0.029977960512042046 111
1747382500894 0.03208044543862343 112
1747382572163 0.03322306647896767 113
1747382642831 0.031389299780130386 114
1747382713485 0.033226918429136276 115
1747382784941 0.03340090066194534 116
1747382855542 0.03193829581141472 117
1747382926987 0.03074871189892292 118
1747382997498 0.031412430107593536 119
1747383068543 0.03174946457147598 120
1747383139941 0.030998459085822105 121
1747383210509 0.030836373567581177 122
1747383281936 0.029995400458574295 123
1747383352491 0.031254593282938004 124
1747383423475 0.02993839606642723 125
1747383494728 0.03178250044584274 126
1747383565495 0.03187178075313568 127
1747383637140 0.0325242355465889 128
1747383707733 0.03155352547764778 129
1747383778962 0.0322614423930645 130
1747383850056 0.033385682851076126 131
1747383920725 0.0326995886862278 132
1747383992251 0.03213415667414665 133
1747384062723 0.030768893659114838 134
1747384134031 0.03265509381890297 135
1747384204972 0.03186637908220291 136
1747384275499 0.03223982825875282 137
1747384347054 0.030117811635136604 138
1747384417491 0.03168207406997681 139
1747384488935 0.03326208144426346 140
1747384559604 0.03103484772145748 141
1747384630161 0.02921590395271778 142
1747384701621 0.03153180330991745 143
1747384772036 0.03252772241830826 144
1747384843898 0.03427655249834061 145
1747384914701 0.033958714455366135 146
1747384985637 0.03030167892575264 147
1747385056894 0.031159430742263794 148
1747385127440 0.031400032341480255 149
1747385199204 0.03269605338573456 150
1747385269871 0.03111298754811287 151
1747385341040 0.03067648969590664 152
1747385412202 0.031440943479537964 153
1747385482715 0.03347249701619148 154
1747385554285 0.033804476261138916 155
1747385624900 0.03143950551748276 156
1747385695942 0.0307445265352726 157
1747385767043 0.03206723555922508 158
1747385837526 0.031826939433813095 159
1747385909172 0.030860072001814842 160
1747385979908 0.0326467901468277 161
1747386051182 0.031063411384820938 162
1747386121856 0.03224716708064079 163
1747386192289 0.031157812103629112 164
1747386263797 0.03099849261343479 165
1747386334478 0.031210146844387054 166
1747386406119 0.03316929191350937 167
1747386476699 0.03142175078392029 168
1747386547456 0.030858229845762253 169
1747386618958 0.030082572251558304 170
1747386689632 0.03319193795323372 171
1747386761170 0.03072006069123745 172
1747386831651 0.03349078819155693 173
1747386902493 0.032464414834976196 174
1747386973642 0.03265848755836487 175
1747387044415 0.0340297631919384 176
1747387115978 0.03138428181409836 177
1747387186818 0.03187453746795654 178
1747387257945 0.03168606013059616 179
1747387328957 0.033039338886737823 180
1747387399624 0.03140309453010559 181
1747387471242 0.031735312193632126 182
1747387541953 0.032296035438776016 183
1747387613144 0.03296767175197601 184
1747387683938 0.03204147517681122 185
1747387754529 0.03344009444117546 186
1747387826076 0.028867539018392563 187
1747387896719 0.033663857728242874 188
1747387968199 0.030892781913280487 189
1747388038725 0.03215714916586876 190
1747388109490 0.03280016779899597 191
1747388180940 0.03156062215566635 192
1747388251564 0.03307095170021057 193
1747388322951 0.03328036516904831 194
1747388393450 0.03375666216015816 195
1747388464496 0.031863484531641006 196
1747388535825 0.030778449028730392 197
1747388606489 0.030661452561616898 198
1747388678123 0.03183837607502937 199
