1747374560673 0.10820698738098145 0
1747374635387 0.10173612833023071 1
1747374706003 0.10291138291358948 2
1747374777215 0.05989956855773926 3
1747374847699 0.06171143054962158 4
1747374917809 0.0587892048060894 5
1747374988608 0.06826306879520416 6
1747375059536 0.06433296948671341 7
1747375131048 0.05921778455376625 8
1747375201787 0.06264984607696533 9
1747375271780 0.0609387643635273 10
1747375342585 0.05868098512291908 11
1747375413180 0.06838356703519821 12
1747375484726 0.06510461866855621 13
1747375555425 0.06075257807970047 14
1747375625236 0.0637805163860321 15
1747375695791 0.049440138041973114 16
1747375766496 0.0719115287065506 17
1747375838121 0.05712231621146202 18
1747375908836 0.05468367785215378 19
1747375978788 0.07731828838586807 20
1747376049398 0.055106714367866516 21
1747376120770 0.05825568735599518 22
1747376192273 0.058695290237665176 23
1747376263168 0.057736095041036606 24
1747376333152 0.054479602724313736 25
1747376403710 0.07569166272878647 26
1747376474191 0.06488677859306335 27
1747376545619 0.06124328821897507 28
1747376616659 0.0612574927508831 29
1747376686887 0.06397605687379837 30
1747376757594 0.07583853602409363 31
1747376828695 0.0600224994122982 32
1747376900139 0.0715389996767044 33
1747376971048 0.07455192506313324 34
1747377041527 0.07198182493448257 35
1747377112085 0.04976462200284004 36
1747377182680 0.052544448524713516 37
1747377253955 0.06323922425508499 38
1747377324932 0.053062278777360916 39
1747377395340 0.06338232010602951 40
1747377465950 0.06330498307943344 41
1747377536551 0.05060354247689247 42
1747377607804 0.06306583434343338 43
1747377678463 0.057570237666368484 44
1747377749254 0.05475534126162529 45
1747377819739 0.056318171322345734 46
1747377890382 0.05322270467877388 47
1747377961395 0.061988625675439835 48
1747378032014 0.05532889813184738 49
1747378103241 0.05690988898277283 50
1747378173570 0.061923474073410034 51
1747378244361 0.06836745142936707 52
1747378315004 0.061344213783741 53
1747378385726 0.05139532685279846 54
1747378456522 0.06562872976064682 55
1747378526486 0.05136149004101753 56
1747378597550 0.06503476947546005 57
1747378668085 0.0661945715546608 58
1747378738996 0.059795081615448 59
1747378809917 0.06104932352900505 60
1747378879960 0.05965491384267807 61
1747378951382 0.05632281303405762 62
1747379022285 0.05966886505484581 63
1747379093718 0.0533413402736187 64
1747379164684 0.06093210726976395 65
1747379235206 0.07027921825647354 66
1747379306591 0.05974719300866127 67
1747379377005 0.05937659740447998 68
1747379448656 0.05098025128245354 69
1747379519438 0.05812722444534302 70
1747379590052 0.05581539496779442 71
1747379661413 0.05071543902158737 72
1747379731879 0.052902571856975555 73
1747379803520 0.05454753339290619 74
1747379874094 0.05794805660843849 75
1747379944919 0.062303490936756134 76
1747380016005 0.05819249525666237 77
1747380086685 0.05812748521566391 78
1747380158352 0.07025396078824997 79
1747380229013 0.06435966491699219 80
1747380300189 0.0531805083155632 81
1747380371272 0.052177902311086655 82
1747380441707 0.049313876777887344 83
1747380513351 0.056745775043964386 84
1747380583937 0.05504442751407623 85
1747380655095 0.05567357316613197 86
1747380726052 0.05659915879368782 87
1747380796447 0.06337063014507294 88
1747380868005 0.05356832221150398 89
1747380938684 0.05875226482748985 90
1747381010052 0.06253568083047867 91
1747381080845 0.06035621091723442 92
1747381151444 0.05563369765877724 93
1747381223013 0.05820566043257713 94
1747381293718 0.059034887701272964 95
1747381365050 0.07306777685880661 96
1747381435607 0.06219790503382683 97
1747381506409 0.06472373753786087 98
1747381577807 0.0597747378051281 99
1747381648483 0.0648934543132782 100
1747381720163 0.058517973870038986 101
1747381790766 0.05748874321579933 102
1747381861845 0.052087146788835526 103
1747381932891 0.06554973125457764 104
1747382003532 0.05782458558678627 105
1747382075172 0.05923781171441078 106
1747382145964 0.059127241373062134 107
1747382217096 0.05615612119436264 108
1747382287994 0.04864995554089546 109
1747382358678 0.06956342607736588 110
1747382430123 0.06532789766788483 111
1747382500894 0.06249694153666496 112
1747382572161 0.05181775987148285 113
1747382642829 0.05528799071907997 114
1747382713482 0.06784036755561829 115
1747382784941 0.07475083321332932 116
1747382855540 0.06529311090707779 117
1747382926985 0.05526820197701454 118
1747382997496 0.05667107552289963 119
1747383068543 0.056388724595308304 120
1747383139939 0.05926210805773735 121
1747383210507 0.05573144182562828 122
1747383281936 0.06086847186088562 123
1747383352489 0.06752311438322067 124
1747383423473 0.06391565501689911 125
1747383494728 0.06092730164527893 126
1747383565493 0.0667346864938736 127
1747383637140 0.06272934377193451 128
1747383707731 0.06384071707725525 129
1747383778960 0.0585741251707077 130
1747383850056 0.06290167570114136 131
1747383920723 0.05490042269229889 132
1747383992249 0.05533934757113457 133
1747384062721 0.06098569557070732 134
1747384134027 0.06097676604986191 135
1747384204970 0.05270848423242569 136
1747384275497 0.05927658453583717 137
1747384347052 0.05783184990286827 138
1747384417487 0.05908099189400673 139
1747384488933 0.05513396114110947 140
1747384559602 0.06023086979985237 141
1747384630159 0.05268678069114685 142
1747384701617 0.06474297493696213 143
1747384772034 0.059116579592227936 144
1747384843896 0.05409128963947296 145
1747384914699 0.05121683329343796 146
1747384985637 0.05623180791735649 147
1747385056894 0.05936384201049805 148
1747385127439 0.04748585820198059 149
1747385199202 0.06001356616616249 150
1747385269869 0.06078552454710007 151
1747385341036 0.05854833871126175 152
1747385412200 0.05282903462648392 153
1747385482713 0.057886481285095215 154
1747385554283 0.0640220120549202 155
1747385624898 0.05152377486228943 156
1747385695940 0.06189226731657982 157
1747385767041 0.05638917163014412 158
1747385837524 0.06142205372452736 159
1747385909170 0.06209974363446236 160
1747385979906 0.057820167392492294 161
1747386051180 0.055956315249204636 162
1747386121854 0.07030009478330612 163
1747386192287 0.07255946099758148 164
1747386263795 0.06253121793270111 165
1747386334476 0.05930241942405701 166
1747386406117 0.06087031215429306 167
1747386476697 0.05522880703210831 168
1747386547452 0.053715985268354416 169
1747386618957 0.05424898490309715 170
1747386689631 0.062249429523944855 171
1747386761170 0.06353362649679184 172
1747386831651 0.057531774044036865 173
1747386902491 0.05780927091836929 174
1747386973639 0.05348127707839012 175
1747387044413 0.04797036200761795 176
1747387115976 0.059718433767557144 177
1747387186816 0.05921749398112297 178
1747387257943 0.06625434011220932 179
1747387328954 0.05137774720788002 180
1747387399624 0.057497769594192505 181
1747387471242 0.05996592342853546 182
1747387541951 0.0626724436879158 183
1747387613144 0.051823411136865616 184
1747387683936 0.05708114802837372 185
1747387754525 0.04650377109646797 186
1747387826074 0.06827685236930847 187
1747387896717 0.0643998384475708 188
1747387968197 0.05757999047636986 189
1747388038723 0.05972764268517494 190
1747388109488 0.05007697641849518 191
1747388180938 0.06772682070732117 192
1747388251562 0.05168760567903519 193
1747388322949 0.05370425805449486 194
1747388393446 0.05842704698443413 195
1747388464492 0.06544836610555649 196
1747388535823 0.06363919377326965 197
1747388606485 0.0642676129937172 198
1747388678121 0.05499229580163956 199
