1744128241888 0.31811184 0
1744128242626 0.22109967 1
1744128243257 0.158655 2
1744128243890 0.116226025 3
1744128244524 0.08522793 4
1744128245165 0.065053575 5
1744128245800 0.053849865 6
1744128246436 0.041919816 7
1744128247101 0.03632229 8
1744128247745 0.030622764 9
1744128248383 0.028117 10
1744128249085 0.022992393 11
1744128249744 0.020730142 12
1744128250404 0.01871661 13
1744128251074 0.01754214 14
1744128251752 0.016238715 15
1744128252468 0.01437498 16
1744128253214 0.013589185 17
1744128253976 0.01161562 18
1744128254745 0.010768395 19
1744128255505 0.010548425 20
