1744128241885 1.445554 0
1744128242624 1.4476247 1
1744128243255 1.4272208 2
1744128243887 1.3918343 3
1744128244521 1.3585742 4
1744128245162 1.3383157 5
1744128245797 1.3262177 6
1744128246433 1.3097124 7
1744128247099 1.2876763 8
1744128247742 1.2787125 9
1744128248381 1.2688048 10
1744128249083 1.2723854 11
1744128249741 1.2917292 12
1744128250402 1.3243704 13
1744128251071 1.3545153 14
1744128251750 1.3591735 15
1744128252466 1.3498755 16
1744128253211 1.3438098 17
1744128253974 1.3461238 18
1744128254743 1.3551469 19
1744128255499 1.360579 20
