1744128241886 4.3845882 0
1744128242625 5.8998556 1
1744128243256 7.202198 2
1744128243889 8.335515 3
1744128244523 9.335057 4
1744128245164 10.163764 5
1744128245799 10.962217 6
1744128246435 11.744745 7
1744128247100 12.435186 8
1744128247744 12.964197 9
1744128248382 13.372624 10
1744128249084 13.663376 11
1744128249743 13.925298 12
1744128250402 14.098317 13
1744128251072 14.229388 14
1744128251752 14.45833 15
1744128252468 14.752337 16
1744128253213 14.958849 17
1744128253976 15.0661335 18
1744128254743 15.079635 19
1744128255503 15.116419 20
