1741760375437 0.4818516 0
1741760376181 0.33841324 1
1741760376818 0.24185267 2
1741760377452 0.1790143 3
1741760378090 0.13905597 4
1741760378727 0.108531654 5
1741760379362 0.08755321 6
1741760379995 0.07227555 7
1741760380632 0.061352696 8
1741760381271 0.05192108 9
1741760381916 0.044756413 10
1741760382555 0.03923551 11
1741760383195 0.035566136 12
1741760383910 0.032025304 13
1741760384666 0.027951846 14
1741760385408 0.025817955 15
1741760386145 0.022796152 16
1741760386877 0.021901416 17
1741760387625 0.018959094 18
1741760388365 0.017383873 19
1741760389104 0.016876899 20
1741760389869 0.014975337 21
1741760390617 0.01415934 22
1741760391355 0.013141794 23
1741760392094 0.012401351 24
1741760392839 0.011353808 25
1741760393603 0.010695938 26
1741760394344 0.010314947 27
1741760395089 0.00974143 28
1741760395849 0.009038749 29
1741760396588 0.008793883 30
1741760397378 0.008233347 31
1741760398123 0.008006989 32
1741760398858 0.0079326155 33
1741760399590 0.0071351654 34
1741760400320 0.006883342 35
1741760401060 0.0068186647 36
1741760401809 0.00630765 37
1741760402557 0.005976358 38
1741760403313 0.00603925 39
1741760404072 0.005592604 40
1741760404823 0.005560778 41
1741760405652 0.0052047493 42
1741760406536 0.004906452 43
1741760407438 0.0047447747 44
1741760408330 0.0045554 45
1741760409136 0.0043926546 46
1741760409882 0.00435929 47
1741760410653 0.0041958042 48
1741760411428 0.004111906 49
1741760412200 0.0039498284 50
1741760412972 0.0038149245 51
1741760413735 0.003573797 52
