1741760375433 1.3349824 0
1741760376178 1.3202214 1
1741760376816 1.3061202 2
1741760377448 1.3112681 3
1741760378088 1.3230407 4
1741760378725 1.3365939 5
1741760379358 1.3296735 6
1741760379993 1.3177538 7
1741760380630 1.309352 8
1741760381269 1.3119397 9
1741760381914 1.319485 10
1741760382553 1.3219635 11
1741760383193 1.3206407 12
1741760383908 1.3242538 13
1741760384664 1.3245285 14
1741760385406 1.3256664 15
1741760386143 1.3237243 16
1741760386874 1.3335168 17
1741760387622 1.3534281 18
1741760388361 1.3646407 19
1741760389100 1.3635432 20
1741760389866 1.3555923 21
1741760390613 1.3525541 22
1741760391353 1.3688567 23
1741760392092 1.3991122 24
1741760392835 1.3982027 25
1741760393598 1.3869569 26
1741760394342 1.390883 27
1741760395087 1.4027381 28
1741760395846 1.3966029 29
1741760396584 1.3773205 30
1741760397376 1.3594856 31
1741760398119 1.3644187 32
1741760398856 1.3729814 33
1741760399588 1.385998 34
1741760400318 1.3914375 35
1741760401058 1.4090677 36
1741760401807 1.4034283 37
1741760402555 1.3955867 38
1741760403309 1.4053996 39
1741760404070 1.3969922 40
1741760404821 1.40267 41
1741760405650 1.4072919 42
1741760406532 1.4277152 43
1741760407433 1.4389291 44
1741760408328 1.4323521 45
1741760409134 1.4277014 46
1741760409880 1.4185919 47
1741760410651 1.3954239 48
1741760411422 1.3709159 49
1741760412196 1.3675433 50
1741760412970 1.4062009 51
1741760413731 1.4265192 52
