1741760375435 5.252426 0
1741760376179 7.2644696 1
1741760376816 9.024342 2
1741760377450 10.566627 3
1741760378090 11.9252825 4
1741760378727 13.056402 5
1741760379360 14.070484 6
1741760379995 14.903785 7
1741760380632 15.570492 8
1741760381271 16.0677 9
1741760381914 16.422598 10
1741760382555 16.734335 11
1741760383195 16.957598 12
1741760383908 17.06614 13
1741760384664 17.182093 14
1741760385408 17.34466 15
1741760386143 17.451694 16
1741760386875 17.552992 17
1741760387625 17.553087 18
1741760388363 17.570307 19
1741760389102 17.597345 20
1741760389868 17.637348 21
1741760390615 17.680616 22
1741760391355 17.658365 23
1741760392094 17.542988 24
1741760392837 17.466885 25
1741760393601 17.444534 26
1741760394344 17.32277 27
1741760395089 17.14005 28
1741760395848 16.95396 29
1741760396586 16.853188 30
1741760397377 16.855865 31
1741760398121 16.790733 32
1741760398856 16.713083 33
1741760399590 16.620523 34
1741760400319 16.513668 35
1741760401060 16.344267 36
1741760401809 16.185974 37
1741760402557 16.072294 38
1741760403311 15.914196 39
1741760404072 15.835678 40
1741760404823 15.747805 41
1741760405652 15.680406 42
1741760406534 15.48686 43
1741760407435 15.286281 44
1741760408328 15.095619 45
1741760409136 14.983882 46
1741760409882 15.004965 47
1741760410651 15.145919 48
1741760411426 15.400801 49
1741760412198 15.653177 50
1741760412972 15.57518 51
1741760413733 15.39675 52
