1740038716156 0.30599388 0
1740038716900 0.18328342 1
1740038717534 0.11608577 2
1740038718165 0.07814543 3
1740038718795 0.05604382 4
1740038719428 0.04226213 5
1740038720058 0.033251125 6
1740038720693 0.027276235 7
1740038721326 0.022572692 8
1740038721955 0.019212173 9
1740038722586 0.0165766 10
1740038723220 0.014389034 11
1740038723850 0.012700549 12
1740038724477 0.01120858 13
1740038725108 0.010110889 14
1740038725740 0.009208802 15
1740038726371 0.00825205 16
1740038727001 0.007678496 17
1740038727634 0.007022532 18
1740038728269 0.006473446 19
1740038728958 0.00602965 20
1740038729697 0.0056414204 21
1740038730432 0.00524618 22
1740038731197 0.0049361493 23
1740038731942 0.004607907 24
1740038732686 0.0043185973 25
1740038733434 0.004114117 26
1740038734176 0.003893235 27
1740038734917 0.003668565 28
1740038735692 0.0034811713 29
1740038736461 0.0033069719 30
1740038737256 0.0031349664 31
1740038738012 0.002988793 32
1740038738795 0.0028600972 33
1740038739556 0.0027087023 34
1740038740321 0.002618418 35
1740038741095 0.0024910418 36
1740038741862 0.0023724039 37
1740038742653 0.0022682806 38
1740038743392 0.0022060708 39
1740038744145 0.0021129523 40
1740038744888 0.0020447643 41
1740038745662 0.0019812863 42
1740038747247 0.0019102696 43
1740038748846 0.0018333988 44
1740038750420 0.0017648155 45
1740038752024 0.0017100323 46
1740038753595 0.0016620171 47
1740038755197 0.001594996 48
1740038756779 0.0015555597 49
1740038758462 0.0015211796 50
1740038760052 0.0014728112 51
1740038761666 0.0014169774 52
1740038762707 0.001375653 53
1740038763396 0.0013292064 54
1740038764076 0.0013010245 55
1740038764756 0.0012611508 56
1740038765414 0.0012273059 57
1740038766093 0.0012100597 58
1740038766766 0.0011721248 59
1740038767571 0.001120243 60
1740038768566 0.001109239 61
1740038770158 0.0010751848 62
1740038771753 0.0010570977 63
1740038773351 0.001020172 64
1740038774932 0.0010070286 65
1740038776535 0.000982102 66
1740038778133 0.00095309794 67
1740038779736 0.0009360796 68
1740038781315 0.0009218598 69
1740038782916 0.0008884383 70
1740038784689 0.000880699 71
1740038786299 0.0008531642 72
1740038787960 0.0008489627 73
1740038789041 0.0008274126 74
1740038789710 0.000804468 75
1740038790376 0.0007992187 76
1740038791040 0.00077301677 77
1740038791712 0.0007572145 78
1740038792441 0.00075127353 79
1740038793239 0.0007314349 80
1740038794034 0.0007144149 81
1740038794833 0.00070893136 82
1740038795627 0.0006913793 83
1740038796427 0.0006738639 84
1740038797220 0.00067118154 85
1740038798025 0.0006537916 86
1740038798812 0.00064292236 87
1740038799573 0.0006345058 88
1740038800343 0.000623533 89
1740038801131 0.000611 90
1740038801899 0.0005950505 91
1740038802673 0.00059412746 92
1740038803426 0.00058738404 93
1740038804178 0.0005698701 94
1740038804932 0.0005735915 95
1740038805685 0.0005554187 96
1740038806451 0.0005470675 97
1740038807209 0.0005385518 98
1740038807979 0.00053398 99
1740038808940 0.0005165788 100
1740038809691 0.0005165179 101
1740038810443 0.00051649334 102
1740038811192 0.0005052616 103
1740038811932 0.00049673737 104
1740038812730 0.00048708884 105
1740038813511 0.0004796695 106
1740038814259 0.00047661556 107
1740038815016 0.00046545817 108
1740038815765 0.000463178 109
1740038816517 0.00045628857 110
1740038817265 0.00044823182 111
1740038818034 0.00044406712 112
1740038818778 0.000436546 113
1740038819561 0.00042794071 114
1740038820311 0.00042387086 115
1740038821069 0.00042454124 116
1740038821832 0.00041531818 117
1740038822579 0.0004115843 118
1740038823314 0.00040649762 119
1740038824063 0.00039983605 120
1740038824805 0.00039524125 121
1740038825555 0.00039546617 122
1740038826298 0.00038333173 123
1740038827047 0.000374384 124
1740038827791 0.0003814603 125
1740038828537 0.00037173877 126
1740038829280 0.00037067503 127
1740038830024 0.0003604946 128
1740038830759 0.00035994122 129
1740038831505 0.00035274777 130
1740038832246 0.0003504811 131
1740038832984 0.00034955886 132
1740038833731 0.00034255377 133
1740038834481 0.00034011767 134
1740038835228 0.00033737565 135
1740038835989 0.00032860777 136
1740038836731 0.0003265096 137
1740038837469 0.0003210009 138
1740038838211 0.00031893645 139
1740038838953 0.00031281498 140
1740038839692 0.00031114047 141
1740038840436 0.00031196716 142
1740038841181 0.00030700007 143
1740038841926 0.00030293298 144
1740038842673 0.00030676348 145
1740038843418 0.0002999986 146
1740038844169 0.00028917726 147
1740038844913 0.00029377275 148
1740038845674 0.00028674983 149
1740038846423 0.00028443921 150
1740038847168 0.000281219 151
1740038847915 0.00027947614 152
1740038848665 0.0002769304 153
1740038849411 0.00027463303 154
1740038850151 0.00027186426 155
1740038850895 0.00027001416 156
1740038851634 0.00026157754 157
1740038852384 0.00026267176 158
1740038853135 0.0002625012 159
1740038853877 0.00025784856 160
1740038854628 0.0002542414 161
1740038855372 0.00025146865 162
1740038856116 0.00024841278 163
1740038856856 0.00024591933 164
1740038857596 0.00024595484 165
1740038858342 0.0002437129 166
1740038859083 0.00024090138 167
1740038859831 0.00023800669 168
1740038860573 0.00023405126 169
1740038861320 0.00023178483 170
1740038862069 0.00023298658 171
1740038862831 0.00022784146 172
1740038863602 0.00022936391 173
1740038864364 0.00022429742 174
1740038865127 0.0002224899 175
1740038865889 0.00022028075 176
1740038866641 0.00021907673 177
1740038867384 0.00021669934 178
1740038868159 0.00021505488 179
1740038869055 0.00021095223 180
1740038869821 0.00020970232 181
1740038870609 0.00020801669 182
1740038871388 0.00020506849 183
1740038872157 0.00020551521 184
1740038872917 0.00020224297 185
1740038873673 0.00020229367 186
1740038874422 0.0001999572 187
1740038875193 0.00019656378 188
1740038875945 0.0001964869 189
1740038876689 0.00019130301 190
1740038877434 0.00018936358 191
1740038878171 0.0001916213 192
1740038878916 0.0001873405 193
1740038879673 0.0001867949 194
1740038880417 0.00018451695 195
1740038881155 0.00018076722 196
1740038881906 0.00018004862 197
1740038882662 0.00017984479 198
1740038883439 0.0001776875 199
1740038884324 0.00017635453 200
1740038885073 0.00017543163 201
1740038885815 0.00017437167 202
1740038886551 0.00017164457 203
1740038887288 0.00017009703 204
1740038888022 0.00017083366 205
1740038888757 0.00016852267 206
1740038889523 0.0001675635 207
1740038890296 0.00016662996 208
1740038891052 0.00016476438 209
1740038891814 0.000164435 210
1740038892559 0.00016403385 211
1740038893311 0.000162115 212
1740038894063 0.00015899709 213
1740038894813 0.00015782093 214
1740038895564 0.00015619073 215
1740038896315 0.00015726894 216
1740038897062 0.00015549007 217
1740038897809 0.0001568865 218
1740038898581 0.00015413537 219
1740038899358 0.000151085 220
1740038900127 0.00015103466 221
1740038900877 0.00015060055 222
1740038901632 0.00014926938 223
1740038902386 0.00014831456 224
1740038903137 0.00014642386 225
1740038903906 0.00014541441 226
1740038904684 0.0001438094 227
1740038905468 0.00014309981 228
1740038906238 0.00014130081 229
1740038906999 0.00014152749 230
1740038907762 0.00014169558 231
1740038908533 0.00014276172 232
1740038909297 0.0001393152 233
1740038910063 0.00013952576 234
1740038910822 0.00013630549 235
1740038911589 0.00013395307 236
1740038912346 0.00013422931 237
1740038913101 0.00013516065 238
1740038913901 0.00013255642 239
1740038914675 0.00013260423 240
1740038915432 0.00013217956 241
1740038916176 0.00013157156 242
1740038916937 0.00013000911 243
1740038917691 0.00012910341 244
1740038918435 0.00012887339 245
1740038919184 0.00012735394 246
1740038919932 0.00012738691 247
1740038920687 0.00012514317 248
1740038921446 0.00012748265 249
1740038922192 0.00012558479 250
1740038922934 0.00012416005 251
1740038923686 0.00012456694 252
1740038924429 0.00012287151 253
1740038925180 0.00012320482 254
1740038925923 0.00012137826 255
1740038926679 0.00012030803 256
1740038927426 0.00011906403 257
1740038928184 0.000118382755 258
1740038928941 0.00011693044 259
1740038929697 0.00011674543 260
1740038930447 0.00011687455 261
1740038931197 0.00011762789 262
1740038931964 0.0001156173 263
1740038932727 0.000115245086 264
1740038933476 0.00011312089 265
1740038934227 0.00011417952 266
1740038934978 0.000112008536 267
1740038935739 0.00011193242 268
1740038936486 0.00011080838 269
1740038937229 0.00011041019 270
1740038937982 0.000110302644 271
1740038938723 0.00010976496 272
1740038939465 0.000109777524 273
1740038940221 0.00010899859 274
1740038940971 0.000107270906 275
1740038941733 0.00010864598 276
1740038942495 0.000106340856 277
1740038943246 0.000106083346 278
1740038944001 0.00010637609 279
1740038944756 0.00010370361 280
1740038945500 0.00010418604 281
1740038946255 0.000104362116 282
1740038947003 0.000103508646 283
1740038947753 0.000103498765 284
1740038948504 0.00010295186 285
1740038949257 0.00010089137 286
1740038950014 0.000100633304 287
1740038950768 9.971576e-05 288
1740038951518 0.00010046468 289
1740038952278 9.946591e-05 290
1740038953025 9.7679775e-05 291
1740038953776 9.773812e-05 292
1740038954536 9.794726e-05 293
1740038955290 9.767387e-05 294
1740038956042 9.8170494e-05 295
1740038956806 9.5494106e-05 296
1740038957558 9.5060175e-05 297
1740038958302 9.726594e-05 298
1740038959051 9.507264e-05 299
1740038959894 9.542779e-05 300
1740038960644 9.3486866e-05 301
1740038961392 9.460039e-05 302
1740038962141 9.252055e-05 303
1740038962888 9.270819e-05 304
1740038963644 9.199366e-05 305
1740038964415 9.150439e-05 306
1740038965169 9.006628e-05 307
1740038965927 8.941646e-05 308
1740038966683 9.115463e-05 309
1740038967435 8.9508976e-05 310
1740038968184 8.926986e-05 311
1740038968941 8.920574e-05 312
1740038969690 8.978974e-05 313
1740038970447 8.821679e-05 314
1740038971194 8.816085e-05 315
1740038971943 8.761679e-05 316
1740038972706 8.625824e-05 317
1740038973464 8.590117e-05 318
1740038974242 8.506277e-05 319
1740038975039 8.545457e-05 320
1740038975829 8.47459e-05 321
1740038976599 8.3468665e-05 322
1740038977384 8.386434e-05 323
1740038978168 8.4559244e-05 324
1740038978951 8.405509e-05 325
1740038979721 8.137486e-05 326
1740038980485 8.180028e-05 327
1740038981242 8.067288e-05 328
1740038981991 8.1303726e-05 329
1740038982733 8.2472616e-05 330
1740038983476 8.103122e-05 331
1740038984222 8.026538e-05 332
1740038984969 8.07161e-05 333
1740038985714 8.0516824e-05 334
1740038986456 7.9051635e-05 335
1740038987196 7.927078e-05 336
1740038987963 7.8888304e-05 337
1740038988706 7.874385e-05 338
1740038989454 7.7272685e-05 339
1740038990207 7.795373e-05 340
1740038990952 7.6758144e-05 341
1740038991694 7.6375676e-05 342
1740038992438 7.749214e-05 343
1740038993187 7.625357e-05 344
1740038993937 7.559638e-05 345
1740038994696 7.566578e-05 346
1740038995450 7.469968e-05 347
1740038996197 7.549361e-05 348
1740038996951 7.4325464e-05 349
1740038997691 7.421033e-05 350
1740038998432 7.3443356e-05 351
1740038999173 7.366886e-05 352
1740038999916 7.2633185e-05 353
1740039000674 7.205559e-05 354
1740039001418 7.259153e-05 355
1740039002164 7.120097e-05 356
1740039002908 7.068731e-05 357
1740039003653 7.2240415e-05 358
1740039004396 7.020611e-05 359
1740039005148 7.1116934e-05 360
1740039005891 7.0250375e-05 361
1740039006638 6.98939e-05 362
1740039007381 6.975522e-05 363
1740039008128 6.990273e-05 364
1740039008872 6.9382164e-05 365
1740039009619 6.825826e-05 366
1740039010367 6.9379734e-05 367
1740039011116 6.818985e-05 368
1740039011866 6.878635e-05 369
1740039012617 6.791078e-05 370
1740039013364 6.7622685e-05 371
1740039014116 6.7565656e-05 372
1740039014859 6.693644e-05 373
1740039015611 6.658693e-05 374
1740039016351 6.6716304e-05 375
1740039017094 6.612893e-05 376
1740039017857 6.600258e-05 377
1740039018594 6.563613e-05 378
1740039019342 6.563174e-05 379
1740039020082 6.4185435e-05 380
1740039020826 6.4637716e-05 381
1740039021574 6.4064065e-05 382
1740039022314 6.457908e-05 383
1740039023059 6.474945e-05 384
1740039023807 6.371478e-05 385
1740039024559 6.295988e-05 386
1740039025306 6.2654115e-05 387
1740039026056 6.29189e-05 388
1740039026802 6.312842e-05 389
1740039027547 6.1205894e-05 390
1740039028299 6.138179e-05 391
1740039029049 6.157189e-05 392
1740039029796 6.078318e-05 393
1740039030553 6.134131e-05 394
1740039031298 6.088872e-05 395
1740039032046 6.139245e-05 396
1740039032787 6.137176e-05 397
1740039033526 5.984643e-05 398
1740039034269 6.0461207e-05 399
1740039035108 6.017093e-05 400
1740039035856 5.98815e-05 401
1740039036603 5.9257953e-05 402
1740039037351 5.9357033e-05 403
1740039038098 5.936717e-05 404
1740039038841 5.866557e-05 405
1740039039581 5.8492536e-05 406
1740039040331 5.8110763e-05 407
1740039041083 5.8110054e-05 408
1740039041828 5.8155983e-05 409
1740039042571 5.755908e-05 410
1740039043315 5.6787034e-05 411
1740039044063 5.6660465e-05 412
1740039044813 5.653754e-05 413
1740039045573 5.6604913e-05 414
1740039046324 5.6027195e-05 415
1740039047069 5.6063494e-05 416
1740039047815 5.5330762e-05 417
1740039048558 5.5916553e-05 418
1740039049303 5.6113182e-05 419
1740039050051 5.4888726e-05 420
1740039050811 5.5452783e-05 421
1740039051578 5.4949654e-05 422
1740039052340 5.466998e-05 423
1740039053100 5.4823427e-05 424
1740039053863 5.3878874e-05 425
1740039054611 5.475645e-05 426
1740039055373 5.3597934e-05 427
1740039056644 5.3895757e-05 428
1740039058274 5.36009e-05 429
1740039059912 5.3792315e-05 430
1740039061552 5.3077572e-05 431
1740039063150 5.2679516e-05 432
1740039064745 5.3251908e-05 433
1740039066321 5.1896917e-05 434
1740039067919 5.1788677e-05 435
1740039069493 5.2352654e-05 436
1740039071097 5.216841e-05 437
1740039072675 5.174489e-05 438
1740039074267 5.171109e-05 439
1740039075848 5.1171774e-05 440
1740039077446 5.114117e-05 441
1740039079028 5.14071e-05 442
1740039080627 5.077011e-05 443
1740039082205 4.9946477e-05 444
1740039083809 5.0173745e-05 445
1740039085478 4.9465336e-05 446
1740039087074 4.9669834e-05 447
1740039088665 4.9870898e-05 448
1740039090256 4.9828588e-05 449
1740039091838 4.9284037e-05 450
1740039093438 4.9503848e-05 451
1740039095006 4.8809514e-05 452
1740039096609 4.8480964e-05 453
1740039098201 4.8464277e-05 454
1740039099783 4.8640508e-05 455
1740039101379 4.806855e-05 456
1740039102959 4.798204e-05 457
1740039104554 4.7628175e-05 458
1740039106127 4.7127673e-05 459
1740039107727 4.782468e-05 460
1740039109309 4.713468e-05 461
1740039110901 4.7189933e-05 462
1740039112476 4.6897963e-05 463
1740039114066 4.7232665e-05 464
1740039115637 4.689881e-05 465
1740039117237 4.7126334e-05 466
1740039118804 4.6999714e-05 467
1740039120399 4.6256275e-05 468
1740039121979 4.5815574e-05 469
1740039123573 4.6076588e-05 470
1740039125147 4.579155e-05 471
1740039126804 4.5190554e-05 472
1740039128381 4.5030523e-05 473
1740039130007 4.5791523e-05 474
1740039131625 4.5376742e-05 475
1740039133262 4.485536e-05 476
1740039134847 4.5111494e-05 477
1740039136431 4.5030716e-05 478
1740039138006 4.4947108e-05 479
1740039138734 4.4881348e-05 480
1740039139384 4.4094337e-05 481
1740039140023 4.451303e-05 482
1740039140669 4.3827487e-05 483
1740039141313 4.3673597e-05 484
1740039141951 4.4438642e-05 485
1740039142594 4.3218897e-05 486
1740039143233 4.3738688e-05 487
1740039143872 4.3878623e-05 488
1740039144516 4.2666474e-05 489
1740039145147 4.2502143e-05 490
1740039145870 4.3115557e-05 491
1740039146618 4.229095e-05 492
1740039147360 4.2561e-05 493
1740039148101 4.155897e-05 494
1740039148846 4.229326e-05 495
1740039149592 4.150678e-05 496
1740039150334 4.178137e-05 497
1740039151084 4.167162e-05 498
1740039151837 4.1643394e-05 499
1740039152678 4.194705e-05 500
1740039153425 4.077472e-05 501
1740039154168 4.12309e-05 502
1740039154912 4.078206e-05 503
1740039155657 4.1002306e-05 504
1740039156397 4.1100513e-05 505
1740039157142 4.0688636e-05 506
1740039157884 4.0739735e-05 507
1740039158625 3.9817423e-05 508
1740039159368 4.014742e-05 509
1740039160108 4.0085153e-05 510
1740039160845 4.003955e-05 511
1740039161591 3.9824e-05 512
1740039162328 3.9948012e-05 513
1740039163062 4.0239207e-05 514
1740039163803 3.892723e-05 515
1740039164554 3.9319904e-05 516
1740039165287 3.9616807e-05 517
1740039166037 3.9091454e-05 518
1740039166773 3.9333143e-05 519
1740039167527 3.893704e-05 520
1740039168275 3.8715018e-05 521
1740039169018 3.8656945e-05 522
1740039169758 3.8560112e-05 523
1740039170502 3.868965e-05 524
1740039171245 3.8769893e-05 525
1740039171980 3.8802216e-05 526
1740039172717 3.8253456e-05 527
1740039173457 3.782463e-05 528
1740039174215 3.765226e-05 529
1740039174941 3.7845264e-05 530
1740039175692 3.7486643e-05 531
1740039176428 3.754916e-05 532
1740039177173 3.785259e-05 533
1740039177908 3.741309e-05 534
1740039178655 3.7374823e-05 535
1740039179388 3.7063473e-05 536
1740039180129 3.689417e-05 537
1740039180876 3.6548197e-05 538
1740039181611 3.741741e-05 539
1740039182357 3.6342397e-05 540
1740039183096 3.7179016e-05 541
1740039183828 3.5981815e-05 542
1740039184575 3.6322763e-05 543
1740039185304 3.6382404e-05 544
1740039186060 3.625582e-05 545
1740039186795 3.6000933e-05 546
1740039187543 3.5732115e-05 547
1740039188296 3.553714e-05 548
1740039189035 3.5636578e-05 549
1740039189794 3.559884e-05 550
1740039190538 3.5274432e-05 551
1740039191270 3.5198696e-05 552
1740039192021 3.5216995e-05 553
1740039192754 3.4604363e-05 554
1740039193504 3.506191e-05 555
1740039194248 3.439817e-05 556
1740039194988 3.4739285e-05 557
1740039195741 3.507206e-05 558
1740039196493 3.446358e-05 559
1740039197233 3.4503282e-05 560
1740039197979 3.422873e-05 561
1740039198706 3.4164288e-05 562
1740039199465 3.451005e-05 563
1740039200224 3.3910066e-05 564
1740039200961 3.394554e-05 565
1740039201713 3.38927e-05 566
1740039202458 3.3508873e-05 567
1740039203186 3.4230954e-05 568
1740039203921 3.352258e-05 569
1740039204638 3.3383698e-05 570
1740039205387 3.3518358e-05 571
1740039206136 3.306633e-05 572
1740039206871 3.2997934e-05 573
1740039207588 3.3164702e-05 574
1740039208335 3.2650027e-05 575
1740039209076 3.3255998e-05 576
1740039209812 3.2598757e-05 577
1740039210561 3.274196e-05 578
1740039211295 3.2624503e-05 579
1740039212045 3.2680364e-05 580
1740039212779 3.222613e-05 581
1740039213522 3.2220876e-05 582
1740039214269 3.2315336e-05 583
1740039215011 3.2104497e-05 584
1740039215738 3.203438e-05 585
1740039216472 3.1836214e-05 586
1740039217212 3.179482e-05 587
1740039217954 3.1633757e-05 588
1740039218687 3.2113992e-05 589
1740039219421 3.1603286e-05 590
1740039220154 3.140852e-05 591
1740039220886 3.127199e-05 592
1740039221636 3.1656542e-05 593
1740039222370 3.1481075e-05 594
1740039223103 3.098145e-05 595
1740039223836 3.1045132e-05 596
1740039224587 3.1399562e-05 597
1740039225322 3.048737e-05 598
1740039226056 3.081662e-05 599
1740039226890 3.0947216e-05 600
1740039227621 3.0257168e-05 601
1740039228376 3.0364428e-05 602
1740039229115 3.0490659e-05 603
1740039229841 3.0136576e-05 604
1740039230596 3.046859e-05 605
1740039231334 2.9717836e-05 606
1740039232066 2.9926246e-05 607
1740039232809 2.9826162e-05 608
1740039233552 2.986175e-05 609
1740039234296 2.968469e-05 610
1740039235029 2.988208e-05 611
1740039235762 2.9687439e-05 612
1740039236515 2.9401412e-05 613
1740039237245 2.9302322e-05 614
1740039237990 2.9154442e-05 615
1740039238728 2.9456669e-05 616
1740039239476 2.961131e-05 617
1740039240211 2.894937e-05 618
1740039240945 2.8875693e-05 619
1740039241693 2.899092e-05 620
1740039242426 2.9029521e-05 621
1740039243167 2.8652883e-05 622
1740039243928 2.8541406e-05 623
1740039244662 2.8915018e-05 624
1740039245404 2.8917935e-05 625
1740039246154 2.8387094e-05 626
1740039246893 2.8264076e-05 627
1740039247644 2.8979177e-05 628
1740039248386 2.8543294e-05 629
1740039249124 2.8057251e-05 630
1740039249870 2.8154485e-05 631
1740039250607 2.802914e-05 632
1740039251344 2.8334376e-05 633
1740039252104 2.808874e-05 634
1740039252840 2.8120437e-05 635
1740039253579 2.786452e-05 636
1740039254326 2.7386111e-05 637
1740039255076 2.7664457e-05 638
1740039255812 2.7783753e-05 639
1740039256556 2.7295302e-05 640
1740039257300 2.704163e-05 641
1740039258038 2.7628725e-05 642
1740039258771 2.7423464e-05 643
1740039259503 2.7250755e-05 644
1740039260238 2.776374e-05 645
1740039260987 2.706686e-05 646
1740039261720 2.667067e-05 647
1740039262461 2.6969876e-05 648
1740039263210 2.6913318e-05 649
1740039263946 2.6913905e-05 650
1740039264689 2.6560365e-05 651
1740039265418 2.678139e-05 652
1740039266151 2.6470201e-05 653
1740039266893 2.6741072e-05 654
1740039267624 2.661082e-05 655
1740039268374 2.6236601e-05 656
1740039269111 2.627868e-05 657
1740039269854 2.589965e-05 658
1740039270603 2.605746e-05 659
1740039271342 2.6366215e-05 660
1740039272091 2.6070433e-05 661
1740039272838 2.5836618e-05 662
1740039273587 2.5909196e-05 663
1740039274369 2.5661506e-05 664
1740039275120 2.5721962e-05 665
1740039275877 2.5561372e-05 666
1740039276623 2.5890315e-05 667
1740039277385 2.5386322e-05 668
1740039278138 2.5244204e-05 669
1740039278872 2.5633892e-05 670
1740039279624 2.5425818e-05 671
1740039280342 2.5224139e-05 672
1740039281080 2.5220934e-05 673
1740039281813 2.5446212e-05 674
1740039282553 2.4907198e-05 675
1740039283289 2.4914207e-05 676
1740039284023 2.5291432e-05 677
1740039284755 2.5444246e-05 678
1740039285487 2.4943312e-05 679
1740039286225 2.4872174e-05 680
1740039286971 2.4692723e-05 681
1740039287692 2.473864e-05 682
1740039288428 2.4764313e-05 683
1740039289147 2.4570336e-05 684
1740039289889 2.4280098e-05 685
1740039290624 2.4404255e-05 686
1740039291357 2.4313027e-05 687
1740039292097 2.4381232e-05 688
1740039292830 2.4658964e-05 689
1740039294375 2.3929257e-05 0
1740039295127 2.4030649e-05 1
1740039295869 2.3577028e-05 2
1740039296603 2.421159e-05 3
1740039297352 2.3962202e-05 4
1740039298087 2.3487204e-05 5
1740039298834 2.3862014e-05 6
1740039299583 2.3776172e-05 7
1740039300325 2.356153e-05 8
1740039301063 2.3583645e-05 9
1740039301904 2.3862864e-05 10
1740039302637 2.3704524e-05 11
1740039303370 2.3478344e-05 12
1740039304118 2.3236986e-05 13
1740039304854 2.3177052e-05 14
1740039305602 2.3749719e-05 15
1740039306337 2.325768e-05 16
1740039307070 2.297531e-05 17
1740039307804 2.3218943e-05 18
1740039308558 2.3102397e-05 19
1740039309302 2.3333088e-05 20
1740039310037 2.3177623e-05 21
1740039310785 2.2850521e-05 22
1740039311520 2.2943523e-05 23
1740039312254 2.282942e-05 24
1740039312988 2.2537366e-05 25
1740039313721 2.2384449e-05 26
1740039314470 2.306059e-05 27
1740039315204 2.2616206e-05 28
1740039315953 2.2499906e-05 29
1740039316686 2.2257283e-05 30
1740039317420 2.2455128e-05 31
1740039318153 2.2327438e-05 32
1740039318902 2.2392185e-05 33
1740039319638 2.240884e-05 34
1740039320386 2.222565e-05 35
1740039321120 2.2318165e-05 36
1740039321853 2.1967595e-05 37
1740039322587 2.181921e-05 38
1740039323320 2.2190809e-05 39
1740039324054 2.2105474e-05 40
1740039324786 2.1806563e-05 41
1740039325537 2.1741347e-05 42
1740039326286 2.1914439e-05 43
1740039327036 2.1784499e-05 44
1740039327770 2.1534279e-05 45
1740039328504 2.1668042e-05 46
1740039329238 2.207684e-05 47
1740039329986 2.1278644e-05 48
1740039330708 2.1274329e-05 49
1740039331474 2.142406e-05 50
1740039332204 2.1664113e-05 51
1740039332952 2.1324897e-05 52
1740039333679 2.1409202e-05 53
1740039334421 2.1269896e-05 54
1740039335171 2.1459275e-05 55
1740039335904 2.088988e-05 56
1740039336638 2.0845939e-05 57
1740039337379 2.09039e-05 58
1740039338104 2.1141825e-05 59
1740039338838 2.0898158e-05 60
1740039339578 2.0679876e-05 61
1740039340304 2.076587e-05 62
1740039341038 2.0637273e-05 63
1740039341802 2.1204887e-05 64
1740039342521 2.0707588e-05 65
1740039343270 2.0902751e-05 66
1740039344003 2.0782953e-05 67
1740039344736 2.0511436e-05 68
1740039345472 2.070533e-05 69
1740039346206 2.0425608e-05 70
1740039346939 2.0505096e-05 71
1740039347681 2.0353307e-05 72
1740039348423 2.0462394e-05 73
1740039349155 2.0458672e-05 74
1740039349893 2.0175426e-05 75
1740039350641 2.0083111e-05 76
1740039351375 1.9921245e-05 77
1740039352113 2.00323e-05 78
1740039352847 2.0248555e-05 79
1740039353578 1.9814166e-05 80
1740039354321 1.964498e-05 81
1740039355058 1.998426e-05 82
1740039355794 1.9747169e-05 83
1740039356530 1.9888163e-05 84
1740039357272 1.9710193e-05 85
1740039358005 1.9723026e-05 86
1740039358751 1.9700456e-05 87
1740039359470 1.9708506e-05 88
1740039360219 1.957582e-05 89
1740039360954 1.945191e-05 90
1740039361686 1.9606345e-05 91
1740039362420 1.9635976e-05 92
1740039363154 1.9383979e-05 93
1740039363888 1.9453159e-05 94
1740039364622 1.9131445e-05 95
1740039365369 1.9161047e-05 96
1740039366103 1.9182398e-05 97
1740039366837 1.8999472e-05 98
1740039367570 1.9025825e-05 99
1740039368303 1.9375044e-05 100
1740039369037 1.9024796e-05 101
1740039369791 1.8776003e-05 102
1740039370534 1.9224604e-05 103
1740039371280 1.8899662e-05 104
1740039372024 1.9034998e-05 105
1740039372770 1.8935145e-05 106
1740039373537 1.8786415e-05 107
1740039374323 1.8683779e-05 108
1740039375109 1.8758934e-05 109
1740039375961 1.8652187e-05 110
1740039376773 1.8800007e-05 111
1740039377553 1.8350216e-05 112
1740039378313 1.8546993e-05 113
1740039379077 1.8499677e-05 114
1740039379824 1.8487539e-05 115
1740039380591 1.8454477e-05 116
1740039381349 1.8607605e-05 117
1740039382103 1.8220959e-05 118
1740039382868 1.851021e-05 119
1740039383635 1.8254152e-05 120
1740039384401 1.8342571e-05 121
1740039385152 1.8174678e-05 122
1740039385919 1.8292973e-05 123
1740039386686 1.8052478e-05 124
1740039387451 1.7999795e-05 125
1740039388202 1.817982e-05 126
1740039388956 1.8221295e-05 127
1740039389705 1.8120742e-05 128
1740039390455 1.7790218e-05 129
1740039391213 1.7833361e-05 130
1740039391958 1.8011879e-05 131
1740039392722 1.7918846e-05 132
1740039393469 1.7830684e-05 133
1740039394208 1.7750064e-05 134
1740039394953 1.7745739e-05 135
1740039395719 1.7891001e-05 136
1740039396455 1.7651351e-05 137
1740039397217 1.7379716e-05 138
1740039397985 1.7485307e-05 139
1740039398752 1.746442e-05 140
1740039399534 1.7398068e-05 141
1740039400301 1.7611655e-05 142
1740039401068 1.7368444e-05 143
1740039401835 1.7303893e-05 144
1740039402617 1.7438353e-05 145
1740039403384 1.7161925e-05 146
1740039404167 1.7418055e-05 147
1740039404950 1.7323651e-05 148
1740039405733 1.7319642e-05 149
1740039406516 1.7040802e-05 150
1740039407301 1.7193552e-05 151
1740039408052 1.7077116e-05 152
1740039408837 1.7048049e-05 153
1740039409601 1.7068982e-05 154
1740039410368 1.703131e-05 155
1740039411150 1.7103446e-05 156
1740039411919 1.7082972e-05 157
1740039412702 1.6834725e-05 158
1740039413484 1.71011e-05 159
1740039414266 1.6752556e-05 160
1740039415034 1.7009763e-05 161
1740039415819 1.6649868e-05 162
1740039416633 1.6732916e-05 163
1740039417420 1.6538985e-05 164
1740039418206 1.6592536e-05 165
1740039419001 1.6479673e-05 166
1740039419754 1.641391e-05 167
1740039420519 1.6526677e-05 168
1740039421318 1.6279535e-05 169
1740039422071 1.6647233e-05 170
1740039422836 1.634979e-05 171
1740039423592 1.641012e-05 172
1740039424362 1.64743e-05 173
1740039425114 1.6299322e-05 174
1740039425886 1.6289983e-05 175
1740039426652 1.630358e-05 176
1740039427419 1.6346878e-05 177
1740039428201 1.6068207e-05 178
1740039428984 1.6292017e-05 179
1740039429742 1.6127238e-05 180
1740039430489 1.623975e-05 181
1740039431241 1.6224605e-05 182
1740039432021 1.589107e-05 183
1740039432784 1.6212356e-05 184
1740039433552 1.6020756e-05 185
1740039434318 1.6208369e-05 186
1740039435086 1.56278e-05 187
1740039435851 1.5839145e-05 188
1740039436617 1.6147826e-05 189
1740039437385 1.5861133e-05 190
1740039438137 1.562333e-05 191
1740039438902 1.5548092e-05 192
1740039439669 1.5671452e-05 193
1740039440450 1.578033e-05 194
1740039441217 1.5662397e-05 195
1740039442000 1.5804015e-05 196
1740039442752 1.561053e-05 197
1740039443519 1.574335e-05 198
1740039444286 1.5451411e-05 199
1740039445051 1.546762e-05 200
1740039445803 1.535877e-05 201
1740039446567 1.5505193e-05 202
1740039447334 1.5589392e-05 203
1740039448101 1.540158e-05 204
1740039448885 1.542143e-05 205
1740039449669 1.5399519e-05 206
1740039450419 1.5425016e-05 207
1740039451185 1.5244039e-05 208
1740039451951 1.51640625e-05 209
1740039452817 1.51156055e-05 210
1740039453584 1.5364534e-05 211
1740039454351 1.5243621e-05 212
1740039455102 1.51259255e-05 213
1740039455867 1.5222322e-05 214
1740039456634 1.5021685e-05 215
1740039457433 1.507817e-05 216
1740039458201 1.5178383e-05 217
1740039458984 1.4778781e-05 218
1740039459768 1.4648132e-05 219
1740039460534 1.4739603e-05 220
1740039461301 1.4784942e-05 221
1740039462083 1.4642135e-05 222
1740039462883 1.4881498e-05 223
1740039463635 1.4945766e-05 224
1740039464417 1.4774751e-05 225
1740039465186 1.469536e-05 226
1740039465969 1.4740989e-05 227
1740039466706 1.4804504e-05 228
1740039467485 1.4565835e-05 229
1740039468252 1.440167e-05 230
1740039469002 1.44420765e-05 231
1740039469738 1.4678922e-05 232
1740039470518 1.4756834e-05 233
1740039471283 1.4608844e-05 234
1740039472037 1.4549779e-05 235
1740039472785 1.44816495e-05 236
1740039473535 1.4333495e-05 237
1740039474316 1.4395223e-05 238
1740039475084 1.43950765e-05 239
1740039475851 1.4579516e-05 240
1740039476634 1.43375455e-05 241
1740039477432 1.4316555e-05 242
1740039478201 1.4148493e-05 243
1740039478984 1.4244921e-05 244
1740039479751 1.4125545e-05 245
1740039480503 1.3984993e-05 246
1740039481268 1.442324e-05 247
1740039482035 1.4229322e-05 248
1740039482775 1.3902651e-05 249
1740039483554 1.4077384e-05 250
1740039484310 1.4071124e-05 251
1740039485079 1.3892697e-05 252
1740039485846 1.3706828e-05 253
1740039486596 1.3998469e-05 254
1740039487360 1.3892865e-05 255
1740039488121 1.4118967e-05 256
1740039488894 1.3876644e-05 257
1740039489641 1.3778532e-05 258
1740039490378 1.3867448e-05 259
1740039491143 1.3834655e-05 260
1740039491909 1.3734188e-05 261
1740039492658 1.365856e-05 262
1740039493437 1.3660107e-05 263
1740039494184 1.3496426e-05 264
1740039494928 1.3560741e-05 265
1740039495674 1.36320505e-05 266
1740039496424 1.3555789e-05 267
1740039497183 1.3755503e-05 268
1740039497930 1.3598509e-05 269
1740039498709 1.3687738e-05 270
1740039499488 1.3585767e-05 271
1740039500270 1.3497065e-05 272
1740039501043 1.356717e-05 273
1740039501821 1.353009e-05 274
1740039502579 1.3505376e-05 275
1740039503340 1.33029625e-05 276
1740039504143 1.3530788e-05 277
1740039504937 1.3275613e-05 278
1740039505721 1.352301e-05 279
1740039506537 1.3387696e-05 280
1740039507350 1.3247464e-05 281
1740039508137 1.3058833e-05 282
1740039508921 1.3186262e-05 283
1740039509718 1.3287228e-05 284
1740039510505 1.2995941e-05 285
1740039511300 1.3094518e-05 286
1740039512099 1.32409705e-05 287
1740039512899 1.2998528e-05 288
1740039513668 1.3027801e-05 289
1740039514436 1.3110921e-05 290
1740039515202 1.2859682e-05 291
1740039515983 1.30699855e-05 292
1740039516766 1.3003557e-05 293
1740039517534 1.3009901e-05 294
1740039518301 1.3091207e-05 295
1740039519069 1.281998e-05 296
1740039519852 1.2930979e-05 297
1740039520620 1.2924587e-05 298
1740039521386 1.29859645e-05 299
1740039522169 1.2905715e-05 300
1740039522934 1.2589571e-05 301
1740039523716 1.3017635e-05 302
1740039524532 1.2874221e-05 303
1740039525301 1.2830008e-05 304
1740039526037 1.2850049e-05 305
1740039526786 1.2590014e-05 306
1740039527540 1.2708339e-05 307
1740039528294 1.252354e-05 308
1740039529052 1.2668777e-05 309
1740039529906 1.2497694e-05 310
1740039530747 1.2613508e-05 311
1740039531519 1.2573642e-05 312
1740039532269 1.2568828e-05 313
1740039533035 1.234578e-05 314
1740039533801 1.2349004e-05 315
1740039534567 1.2602623e-05 316
1740039535319 1.2427506e-05 317
1740039536069 1.2457286e-05 318
1740039536835 1.2289147e-05 319
1740039537601 1.2313836e-05 320
1740039538352 1.2302679e-05 321
1740039539119 1.233027e-05 322
1740039539868 1.2362908e-05 323
1740039540634 1.2238532e-05 324
1740039541386 1.2195712e-05 325
1740039542152 1.211691e-05 326
1740039542920 1.2360036e-05 327
1740039543668 1.21313815e-05 328
1740039544419 1.2252062e-05 329
1740039545186 1.2165518e-05 330
1740039545936 1.2205298e-05 331
1740039546702 1.2020207e-05 332
1740039547456 1.2269881e-05 333
1740039548213 1.2206216e-05 334
1740039548970 1.1960072e-05 335
1740039549721 1.2134383e-05 336
1740039550471 1.2094154e-05 337
1740039551222 1.2046423e-05 338
1740039551979 1.1960699e-05 339
1740039552731 1.1817945e-05 340
1740039553487 1.2020056e-05 341
1740039554238 1.2025571e-05 342
1740039554992 1.1789057e-05 343
1740039555773 1.1981647e-05 344
1740039556563 1.18699445e-05 345
1740039557321 1.1886926e-05 346
1740039558105 1.1716172e-05 347
1740039558889 1.1826376e-05 348
1740039559657 1.1792498e-05 349
1740039560406 1.172519e-05 350
1740039561207 1.1795886e-05 351
1740039562001 1.1628139e-05 352
1740039562758 1.1601815e-05 353
1740039563522 1.18571315e-05 354
1740039564313 1.1658352e-05 355
1740039565103 1.1622522e-05 356
1740039565874 1.1679556e-05 357
1740039566635 1.16063575e-05 358
1740039567448 1.1621055e-05 359
1740039568237 1.1456265e-05 360
1740039569016 1.1637111e-05 361
1740039569835 1.1640957e-05 362
1740039570600 1.1541569e-05 363
1740039571367 1.1476274e-05 364
1740039572133 1.14835475e-05 365
1740039572933 1.1508082e-05 366
1740039573700 1.1343671e-05 367
1740039574499 1.1549861e-05 368
1740039575298 1.150205e-05 369
1740039576068 1.1322532e-05 370
1740039576850 1.1350718e-05 371
1740039577648 1.1166441e-05 372
1740039578401 1.118683e-05 373
1740039579153 1.1212647e-05 374
1740039579902 1.1392677e-05 375
1740039580668 1.124202e-05 376
1740039581467 1.1325158e-05 377
1740039582250 1.1347062e-05 378
1740039583032 1.12057505e-05 379
1740039583816 1.109735e-05 380
1740039584615 1.1058794e-05 381
1740039585446 1.1153812e-05 382
1740039586233 1.1179369e-05 383
1740039587049 1.1122429e-05 384
1740039587837 1.0927312e-05 385
1740039588603 1.1134544e-05 386
1740039589388 1.1098097e-05 387
1740039590168 1.1022274e-05 388
1740039590952 1.1195793e-05 389
1740039591766 1.1036324e-05 390
1740039592584 1.1014669e-05 391
1740039593415 1.0967275e-05 392
1740039594169 1.09809835e-05 393
1740039594954 1.0747378e-05 394
1740039595737 1.0803821e-05 395
1740039596535 1.0786718e-05 396
1740039597336 1.0847208e-05 397
1740039598155 1.077849e-05 398
1740039598967 1.0918478e-05 399
1740039599753 1.1014533e-05 400
1740039600535 1.0507961e-05 401
1740039601307 1.0580234e-05 402
1740039602105 1.0774876e-05 403
1740039602872 1.0583571e-05 404
1740039603652 1.0764898e-05 405
1740039604418 1.0569806e-05 406
1740039605190 1.05968265e-05 407
1740039605985 1.05273e-05 408
1740039606771 1.0593597e-05 409
1740039607654 1.0548158e-05 410
1740039608440 1.0583276e-05 411
1740039609218 1.0600639e-05 412
1740039610004 1.0534499e-05 413
1740039610790 1.0517263e-05 414
1740039611568 1.0453314e-05 415
1740039612320 1.0612122e-05 416
1740039613099 1.0476759e-05 417
1740039613870 1.04846495e-05 418
1740039614652 1.0498327e-05 419
1740039615435 1.0240268e-05 420
1740039616216 1.0348261e-05 421
1740039616986 1.0302856e-05 422
1740039617751 1.030618e-05 423
1740039618521 1.0342115e-05 424
1740039619275 1.0325762e-05 425
1740039620036 1.0310672e-05 426
1740039620792 1.0325443e-05 427
1740039621535 1.0355775e-05 428
1740039622317 1.0299328e-05 429
1740039623070 1.0304336e-05 430
1740039623829 1.0357804e-05 431
1740039624585 1.0242776e-05 432
1740039625352 1.0200212e-05 433
1740039626165 1.01777605e-05 434
1740039626934 1.022936e-05 435
1740039627717 1.0074786e-05 436
1740039628473 1.0039938e-05 437
1740039629251 1.0117789e-05 438
1740039630004 1.0451809e-05 439
1740039630769 1.0136189e-05 440
1740039631534 1.0155815e-05 441
1740039632306 9.998598e-06 442
1740039633070 1.0126861e-05 443
1740039633866 1.0001541e-05 444
1740039634651 9.943765e-06 445
1740039635451 1.0168866e-05 446
1740039636269 9.899228e-06 447
1740039637066 9.985963e-06 448
1740039637897 9.7973625e-06 449
1740039638717 9.927524e-06 450
1740039639516 9.9783565e-06 451
1740039640331 1.00115785e-05 452
1740039641129 9.736848e-06 453
1740039641922 9.881917e-06 454
1740039642731 9.83397e-06 455
1740039643516 9.696628e-06 456
1740039644299 9.8517185e-06 457
1740039645082 9.861992e-06 458
1740039645866 9.815797e-06 459
1740039646668 9.764039e-06 460
1740039647463 9.833209e-06 461
1740039648249 9.877237e-06 462
1740039649017 9.934413e-06 463
1740039649800 9.90133e-06 464
1740039650567 9.710114e-06 465
1740039651349 9.629906e-06 466
1740039652158 9.664806e-06 467
1740039652919 9.621917e-06 468
1740039653673 9.664314e-06 469
1740039654434 9.696321e-06 470
1740039655201 9.573554e-06 471
1740039656000 9.717589e-06 472
1740039656784 9.666225e-06 473
1740039657563 9.552621e-06 474
1740039658335 9.529231e-06 475
1740039659115 9.613328e-06 476
1740039659885 9.568021e-06 477
1740039660662 9.4523875e-06 478
1740039661422 9.450734e-06 479
1740039662171 9.6741605e-06 480
1740039662924 9.588001e-06 481
1740039663678 9.4623065e-06 482
1740039664438 9.497139e-06 483
1740039665200 9.442986e-06 484
1740039665956 9.476268e-06 485
1740039666704 9.466364e-06 486
1740039667463 9.257679e-06 487
1740039668215 9.516502e-06 488
1740039668972 9.3712615e-06 489
1740039669730 9.368181e-06 490
1740039670493 9.36039e-06 491
1740039671246 9.252378e-06 492
1740039672009 9.369234e-06 493
1740039672771 9.375621e-06 494
1740039673526 9.314535e-06 495
1740039674287 9.340389e-06 496
1740039675040 9.231994e-06 497
1740039675786 9.120499e-06 498
1740039676536 9.237817e-06 499
1740039677302 9.201423e-06 500
1740039678052 9.333316e-06 501
1740039678802 9.233191e-06 502
1740039679552 9.274341e-06 503
1740039680318 9.184402e-06 504
1740039681080 9.235927e-06 505
1740039681826 9.104866e-06 506
1740039682579 9.096562e-06 507
1740039683340 9.1296115e-06 508
1740039684102 9.0677895e-06 509
1740039684953 9.112408e-06 510
1740039685703 9.1711345e-06 511
1740039686452 9.106259e-06 512
1740039687218 9.001001e-06 513
1740039687968 9.0073245e-06 514
1740039688736 8.926539e-06 515
1740039689485 9.06337e-06 516
1740039690251 8.981502e-06 517
1740039691017 8.882466e-06 518
1740039691784 8.984363e-06 519
1740039692535 9.069537e-06 520
1740039693286 9.021647e-06 521
1740039694036 9.036291e-06 522
1740039694801 8.83504e-06 523
1740039695552 8.929565e-06 524
1740039696302 8.980901e-06 525
1740039697053 8.702381e-06 526
1740039697821 8.854409e-06 527
1740039698572 8.79009e-06 528
1740039699325 8.733021e-06 529
1740039700088 8.654389e-06 530
1740039700840 8.87886e-06 531
1740039701603 8.852033e-06 532
1740039702342 8.683073e-06 533
1740039703126 8.821575e-06 534
1740039703889 8.727043e-06 535
1740039704653 8.887532e-06 536
1740039705411 8.648228e-06 537
1740039706168 8.84155e-06 538
1740039706952 8.728196e-06 539
1740039707718 8.578114e-06 540
1740039708500 8.697419e-06 541
1740039709267 8.731963e-06 542
1740039710018 8.701432e-06 543
1740039710784 8.540712e-06 544
1740039711551 8.567058e-06 545
1740039712316 8.633267e-06 546
1740039713100 8.652834e-06 547
1740039713867 8.725297e-06 548
1740039714634 8.686402e-06 549
1740039715401 8.724398e-06 550
1740039716167 8.394934e-06 551
1740039716934 8.425349e-06 552
1740039717700 8.568338e-06 553
1740039718484 8.464619e-06 554
1740039719250 8.463083e-06 555
1740039720017 8.4871945e-06 556
1740039720769 8.3758905e-06 557
1740039721550 8.539719e-06 558
1740039722334 8.355103e-06 559
1740039723110 8.43226e-06 560
1740039723859 8.322714e-06 561
1740039724609 8.348406e-06 562
1740039725358 8.497685e-06 563
1740039726109 8.281281e-06 564
1740039726883 8.3421355e-06 565
1740039727683 8.276733e-06 566
1740039728466 8.34548e-06 567
1740039729250 8.292846e-06 568
1740039730034 8.409068e-06 569
1740039730816 8.29856e-06 570
1740039731584 8.185254e-06 571
1740039732384 8.364455e-06 572
1740039733153 8.330034e-06 573
1740039733924 8.269922e-06 574
1740039734703 8.261334e-06 575
1740039735489 8.153625e-06 576
1740039736253 8.243225e-06 577
1740039737052 8.1807675e-06 578
1740039737819 8.129474e-06 579
1740039738585 8.218548e-06 580
1740039739338 8.205246e-06 581
1740039740085 8.199178e-06 582
1740039740850 8.194915e-06 583
1740039741634 8.188515e-06 584
1740039742431 8.103165e-06 585
1740039743232 8.143527e-06 586
1740039744016 8.162727e-06 587
1740039744799 8.018585e-06 588
1740039745567 8.138641e-06 589
1740039746366 8.097204e-06 590
1740039747135 7.930704e-06 591
1740039747900 8.083859e-06 592
1740039748684 8.144705e-06 593
1740039749450 8.078582e-06 594
1740039750217 8.032277e-06 595
1740039750984 7.965647e-06 596
1740039751751 8.040663e-06 597
1740039752534 7.934484e-06 598
1740039753315 7.891369e-06 599
1740039754083 7.963339e-06 600
1740039754835 7.939393e-06 601
1740039755617 7.921559e-06 602
1740039756384 7.938216e-06 603
1740039757155 7.825758e-06 604
1740039757925 7.9532965e-06 605
1740039758695 7.907295e-06 606
1740039759460 7.918613e-06 607
1740039760244 7.879033e-06 608
1740039761009 7.762138e-06 609
1740039761879 7.786046e-06 610
1740039762652 7.882118e-06 611
1740039763421 7.849008e-06 612
1740039764186 7.822606e-06 613
1740039764963 7.798531e-06 614
1740039765743 7.777054e-06 615
1740039766537 7.867836e-06 616
1740039767313 7.796256e-06 617
1740039768092 7.804761e-06 618
1740039768862 7.739967e-06 619
1740039769631 7.6011243e-06 620
1740039770406 7.623537e-06 621
1740039771201 7.764536e-06 622
1740039771970 7.745161e-06 623
1740039772810 7.621625e-06 624
1740039773643 7.738986e-06 625
1740039774503 7.658833e-06 626
1740039775293 7.5555254e-06 627
1740039776074 7.665189e-06 628
1740039776854 7.5266703e-06 629
1740039777913 7.512675e-06 630
1740039779572 7.719024e-06 631
1740039781259 7.545889e-06 632
1740039782866 7.515024e-06 633
1740039784267 7.5644593e-06 634
1740039784907 7.550417e-06 635
1740039785548 7.592615e-06 636
1740039786233 7.5434327e-06 637
1740039787002 7.5514204e-06 638
1740039787782 7.5239063e-06 639
1740039788544 7.5152375e-06 640
1740039789312 7.497852e-06 641
1740039790106 7.5546254e-06 642
1740039790856 7.516812e-06 643
1740039791675 7.500224e-06 644
1740039792487 7.3123624e-06 645
1740039793277 7.397536e-06 646
1740039794052 7.5855924e-06 647
1740039794814 7.514542e-06 648
1740039795567 7.4242826e-06 649
1740039796313 7.3612455e-06 650
1740039797059 7.275472e-06 651
1740039797811 7.401327e-06 652
1740039798575 7.4561635e-06 653
1740039799333 7.4285917e-06 654
1740039800076 7.2505295e-06 655
1740039800829 7.3529873e-06 656
1740039801572 7.3574515e-06 657
1740039802324 7.368354e-06 658
1740039803078 7.251913e-06 659
1740039803830 7.3290216e-06 660
1740039804600 7.344278e-06 661
1740039805363 7.2980756e-06 662
1740039806136 7.3538145e-06 663
1740039806888 7.1996387e-06 664
1740039807640 7.273017e-06 665
1740039808383 7.314578e-06 666
1740039809133 7.283024e-06 667
1740039809883 7.3275046e-06 668
1740039810639 7.2004723e-06 669
1740039811405 7.1807353e-06 670
1740039812181 7.1182435e-06 671
1740039812969 7.2571574e-06 672
1740039813721 7.2101825e-06 673
1740039814502 7.105699e-06 674
1740039815259 7.138495e-06 675
1740039816015 7.1862146e-06 676
1740039816766 7.130753e-06 677
1740039817508 7.2213707e-06 678
1740039818266 7.2548614e-06 679
1740039819021 7.1193163e-06 680
1740039819775 7.14901e-06 681
1740039820526 7.0622978e-06 682
1740039821277 7.152393e-06 683
1740039822025 7.065948e-06 684
1740039822764 7.1553286e-06 685
1740039823516 7.0093865e-06 686
1740039824272 7.1356926e-06 687
1740039825019 7.023367e-06 688
1740039825763 6.8968834e-06 689
1740039827320 6.894486e-06 0
1740039828064 7.053719e-06 1
1740039828818 6.9602534e-06 2
1740039829555 6.904441e-06 3
1740039830300 6.991998e-06 4
1740039831047 7.0824694e-06 5
1740039831794 6.965897e-06 6
1740039832553 6.9713847e-06 7
1740039833300 6.901177e-06 8
1740039834053 6.9379707e-06 9
1740039834806 6.9759662e-06 10
1740039835552 6.8357544e-06 11
1740039836305 6.9169178e-06 12
1740039837053 6.9609646e-06 13
1740039837819 6.8756685e-06 14
1740039838566 6.870293e-06 15
1740039839325 6.8906056e-06 16
1740039840079 6.9201315e-06 17
1740039840821 6.9440243e-06 18
1740039841566 6.9222824e-06 19
1740039842418 6.791342e-06 20
1740039843203 6.7736246e-06 21
1740039843960 6.824919e-06 22
1740039844708 6.81646e-06 23
1740039845470 6.8222134e-06 24
1740039846216 6.8313366e-06 25
1740039846994 6.773902e-06 26
1740039847750 6.818505e-06 27
1740039848510 6.810341e-06 28
1740039849269 6.7784827e-06 29
1740039850024 6.8181726e-06 30
1740039850784 6.7018573e-06 31
1740039851572 6.717617e-06 32
1740039852361 6.7078645e-06 33
1740039853139 6.670309e-06 34
1740039853912 6.6866965e-06 35
1740039854700 6.7353385e-06 36
1740039855459 6.6967914e-06 37
1740039856222 6.698028e-06 38
1740039856980 6.6733805e-06 39
1740039857750 6.631944e-06 40
1740039858544 6.6476246e-06 41
1740039859325 6.635421e-06 42
1740039860107 6.652882e-06 43
1740039860873 6.6044495e-06 44
1740039861631 6.659577e-06 45
1740039862410 6.6469906e-06 46
1740039863195 6.5776644e-06 47
1740039863991 6.624835e-06 48
1740039864772 6.6496e-06 49
1740039865561 6.511562e-06 50
1740039866352 6.581386e-06 51
1740039867140 6.529588e-06 52
1740039867922 6.552126e-06 53
1740039868697 6.486899e-06 54
1740039869482 6.4820274e-06 55
1740039870225 6.535192e-06 56
1740039870970 6.5587305e-06 57
1740039871735 6.5168347e-06 58
1740039872486 6.5420836e-06 59
1740039873236 6.491361e-06 60
1740039873972 6.5085515e-06 61
1740039874713 6.3856182e-06 62
1740039875463 6.5420354e-06 63
1740039876211 6.550925e-06 64
1740039876952 6.517192e-06 65
1740039877694 6.3275224e-06 66
1740039878441 6.4152714e-06 67
1740039879194 6.447718e-06 68
1740039879945 6.3602847e-06 69
1740039880691 6.4134447e-06 70
1740039881439 6.4145393e-06 71
1740039882185 6.42253e-06 72
1740039882928 6.3081043e-06 73
1740039883672 6.3337748e-06 74
1740039884417 6.273733e-06 75
1740039885154 6.3959515e-06 76
1740039885883 6.2727577e-06 77
1740039886610 6.212275e-06 78
1740039887347 6.2997347e-06 79
1740039888101 6.236337e-06 80
1740039888838 6.298721e-06 81
1740039889581 6.3124107e-06 82
1740039890321 6.261092e-06 83
1740039891055 6.3321663e-06 84
1740039891792 6.36521e-06 85
1740039892533 6.265669e-06 86
1740039893278 6.3017014e-06 87
1740039894033 6.295774e-06 88
1740039894779 6.3502844e-06 89
1740039895528 6.2536656e-06 90
1740039896279 6.206398e-06 91
1740039897020 6.2214685e-06 92
1740039897768 6.2516847e-06 93
1740039898512 6.185147e-06 94
1740039899260 6.2339554e-06 95
1740039900018 6.2883023e-06 96
1740039900766 6.1642577e-06 97
1740039901510 6.12828e-06 98
1740039902262 6.2370586e-06 99
1740039903008 6.0838306e-06 100
1740039903755 6.1461137e-06 101
1740039904509 6.184201e-06 102
1740039905257 6.1518144e-06 103
1740039906003 6.0871043e-06 104
1740039906751 6.117432e-06 105
1740039907500 6.1671835e-06 106
1740039908246 6.070388e-06 107
1740039908998 6.0618645e-06 108
1740039909749 6.051205e-06 109
1740039910500 6.1102764e-06 110
1740039911255 6.059918e-06 111
1740039912026 6.1704254e-06 112
1740039912776 6.050884e-06 113
1740039913527 6.003798e-06 114
1740039914283 6.157614e-06 115
1740039915038 6.0027696e-06 116
1740039915798 6.0951315e-06 117
1740039916582 5.999468e-06 118
1740039917372 6.020756e-06 119
1740039918238 6.129386e-06 120
1740039918994 6.1153933e-06 121
1740039919749 5.9667823e-06 122
1740039920502 5.937599e-06 123
1740039921321 6.0355947e-06 124
1740039922080 6.0168927e-06 125
1740039922834 5.982287e-06 126
1740039923576 5.9504973e-06 127
1740039924340 5.927699e-06 128
1740039925106 5.9243976e-06 129
1740039925919 5.942486e-06 130
1740039926664 5.9462413e-06 131
1740039927414 5.9105073e-06 132
1740039928162 5.9420036e-06 133
1740039928902 5.8972428e-06 134
1740039929655 5.8099804e-06 135
1740039930398 5.896762e-06 136
1740039931143 5.9432773e-06 137
1740039931883 5.7923708e-06 138
1740039932622 5.876672e-06 139
1740039933380 5.9363656e-06 140
1740039934139 5.9109816e-06 141
1740039934890 5.8250944e-06 142
1740039935721 5.8575624e-06 143
1740039936492 5.7923617e-06 144
1740039937241 5.930756e-06 145
1740039937985 5.77057e-06 146
1740039938734 5.8610954e-06 147
1740039939484 5.6912572e-06 148
1740039940234 5.8031032e-06 149
1740039940994 5.92245e-06 150
1740039941745 5.8657247e-06 151
1740039942494 5.755104e-06 152
1740039943251 5.780337e-06 153
1740039944004 5.702383e-06 154
1740039944826 5.863515e-06 155
1740039945680 5.7799393e-06 156
1740039946426 5.7640423e-06 157
1740039947169 5.663543e-06 158
1740039947921 5.8764494e-06 159
1740039948663 5.740848e-06 160
1740039949412 5.6972904e-06 161
1740039950157 5.731611e-06 162
1740039950904 5.7583566e-06 163
1740039951646 5.76688e-06 164
1740039952393 5.722702e-06 165
1740039953148 5.72697e-06 166
1740039953900 5.6283693e-06 167
1740039954650 5.679268e-06 168
1740039955403 5.7408715e-06 169
1740039956165 5.6290783e-06 170
1740039956913 5.626917e-06 171
1740039957670 5.670698e-06 172
1740039958415 5.6488047e-06 173
1740039959164 5.58521e-06 174
1740039959916 5.6225063e-06 175
1740039960658 5.668518e-06 176
1740039961407 5.605822e-06 177
1740039962159 5.5776504e-06 178
1740039962909 5.5835285e-06 179
1740039963647 5.5485443e-06 180
1740039964386 5.4551906e-06 181
1740039965124 5.6042268e-06 182
1740039965859 5.6097356e-06 183
1740039966605 5.6271515e-06 184
1740039967352 5.542991e-06 185
1740039968095 5.5223827e-06 186
1740039968833 5.653757e-06 187
1740039969575 5.5564365e-06 188
1740039970341 5.5582345e-06 189
1740039971090 5.5475116e-06 190
1740039971842 5.525906e-06 191
1740039972593 5.4841717e-06 192
1740039973341 5.5556025e-06 193
1740039974093 5.5153364e-06 194
1740039974830 5.461466e-06 195
1740039975572 5.3998565e-06 196
1740039976308 5.5090068e-06 197
1740039977046 5.5357195e-06 198
1740039977790 5.422534e-06 199
1740039978527 5.367562e-06 200
1740039979263 5.52564e-06 201
1740039979999 5.4401485e-06 202
1740039980734 5.48415e-06 203
1740039981474 5.43982e-06 204
1740039982219 5.4217353e-06 205
1740039982982 5.464807e-06 206
1740039983735 5.3964304e-06 207
1740039984480 5.4142797e-06 208
1740039985239 5.387531e-06 209
1740039986028 5.4072834e-06 210
1740039986757 5.3804984e-06 211
1740039987505 5.422337e-06 212
1740039988260 5.2985e-06 213
1740039989005 5.478161e-06 214
1740039989761 5.302539e-06 215
1740039990517 5.3419353e-06 216
1740039991271 5.423635e-06 217
1740039992006 5.347088e-06 218
1740039992762 5.3182803e-06 219
1740039993596 5.346327e-06 220
1740039994343 5.367471e-06 221
1740039995094 5.26522e-06 222
1740039995842 5.3379936e-06 223
1740039996603 5.3050503e-06 224
1740039997345 5.365663e-06 225
1740039998094 5.276979e-06 226
1740039998840 5.2878618e-06 227
1740039999590 5.344951e-06 228
1740040000340 5.307506e-06 229
1740040001079 5.3210915e-06 230
1740040001818 5.3136287e-06 231
1740040002555 5.280934e-06 232
1740040003295 5.32147e-06 233
1740040004037 5.3137355e-06 234
1740040004778 5.2245186e-06 235
1740040005518 5.2692126e-06 236
1740040006257 5.2004207e-06 237
1740040006995 5.2393293e-06 238
1740040007745 5.210273e-06 239
1740040008475 5.1936827e-06 240
1740040009227 5.1770667e-06 241
1740040009992 5.2923206e-06 242
1740040010784 5.241879e-06 243
1740040011520 5.232613e-06 244
1740040012267 5.169659e-06 245
1740040013006 5.2704936e-06 246
1740040013753 5.2236182e-06 247
1740040014490 5.10125e-06 248
1740040015236 5.1294874e-06 249
1740040015975 5.197251e-06 250
1740040016718 5.2112273e-06 251
1740040017460 5.2205264e-06 252
1740040018205 5.1793304e-06 253
1740040018950 5.192595e-06 254
1740040019696 5.124486e-06 255
1740040020443 5.088928e-06 256
1740040021189 5.2010996e-06 257
1740040021933 5.12831e-06 258
1740040022679 5.093752e-06 259
1740040023424 5.1138077e-06 260
1740040024170 5.1102866e-06 261
1740040024925 5.1335724e-06 262
1740040025681 5.141548e-06 263
1740040026432 5.0711055e-06 264
1740040027173 5.0482836e-06 265
1740040027923 5.1728757e-06 266
1740040028670 5.1243856e-06 267
1740040029420 5.098368e-06 268
1740040030162 5.0005183e-06 269
1740040030902 4.97881e-06 270
1740040031649 5.0047583e-06 271
1740040032391 5.077411e-06 272
1740040033132 5.0746066e-06 273
1740040033872 4.9804967e-06 274
1740040034618 5.0664416e-06 275
1740040035364 4.9675923e-06 276
1740040036114 5.074547e-06 277
1740040036861 4.9888226e-06 278
1740040037609 5.035977e-06 279
1740040038355 5.002283e-06 280
1740040039101 4.92391e-06 281
1740040039848 4.9864475e-06 282
1740040040588 5.0067097e-06 283
1740040041336 5.000367e-06 284
1740040042083 4.938458e-06 285
1740040042835 4.9348046e-06 286
1740040043571 4.91154e-06 287
1740040044320 4.951085e-06 288
1740040045060 4.906929e-06 289
1740040045804 4.9831274e-06 290
1740040046549 4.9789064e-06 291
1740040047296 4.970111e-06 292
1740040048044 4.9829746e-06 293
1740040048789 4.897293e-06 294
1740040049537 4.9117666e-06 295
1740040050287 4.929632e-06 296
1740040051028 4.862826e-06 297
1740040051765 4.8650004e-06 298
1740040052495 4.790809e-06 299
1740040053254 4.86855e-06 300
1740040053994 4.919298e-06 301
1740040054741 4.8541374e-06 302
1740040055476 4.886566e-06 303
1740040056217 4.8039615e-06 304
1740040056957 4.920378e-06 305
1740040057729 4.8629045e-06 306
1740040058471 4.8705983e-06 307
1740040059212 4.878061e-06 308
1740040059950 4.8016823e-06 309
1740040060685 4.821445e-06 310
1740040061416 4.929442e-06 311
1740040062146 4.8214442e-06 312
1740040062881 4.8279444e-06 313
1740040063616 4.7457165e-06 314
1740040064353 4.775846e-06 315
1740040065093 4.738211e-06 316
1740040065830 4.7964036e-06 317
1740040066567 4.760578e-06 318
1740040067311 4.768994e-06 319
1740040068135 4.783569e-06 320
1740040068875 4.768995e-06 321
1740040069616 4.706395e-06 322
1740040070360 4.809979e-06 323
1740040071097 4.766392e-06 324
1740040071837 4.761567e-06 325
1740040072577 4.7693334e-06 326
1740040073313 4.760739e-06 327
1740040074060 4.713007e-06 328
1740040074799 4.7516937e-06 329
1740040075540 4.6986e-06 330
1740040076274 4.7111653e-06 331
1740040077026 4.680971e-06 332
1740040077761 4.724064e-06 333
1740040078501 4.6746163e-06 334
1740040079238 4.6853447e-06 335
1740040079978 4.722526e-06 336
1740040080719 4.7549943e-06 337
1740040081462 4.6462874e-06 338
1740040082204 4.676833e-06 339
1740040082946 4.630708e-06 340
1740040083687 4.686058e-06 341
1740040084424 4.686987e-06 342
1740040085162 4.6537584e-06 343
1740040085899 4.7255194e-06 344
1740040086639 4.6347805e-06 345
1740040087393 4.653183e-06 346
1740040088132 4.6970536e-06 347
1740040088870 4.700018e-06 348
1740040089615 4.652416e-06 349
1740040090364 4.630133e-06 350
1740040091109 4.670645e-06 351
1740040091852 4.635132e-06 352
1740040092588 4.6467085e-06 353
1740040093336 4.598868e-06 354
1740040094073 4.6353375e-06 355
1740040094815 4.57665e-06 356
1740040095557 4.5247775e-06 357
1740040096298 4.602513e-06 358
1740040097043 4.463548e-06 359
1740040097790 4.5763827e-06 360
1740040098531 4.572337e-06 361
1740040099268 4.5489546e-06 362
1740040100012 4.5116926e-06 363
1740040100749 4.5841502e-06 364
1740040101487 4.5591096e-06 365
1740040102219 4.606134e-06 366
1740040102966 4.550417e-06 367
1740040103706 4.552795e-06 368
1740040104445 4.563356e-06 369
1740040105183 4.4758126e-06 370
1740040105935 4.544833e-06 371
1740040106672 4.5235784e-06 372
1740040107415 4.5505612e-06 373
1740040108151 4.586501e-06 374
1740040108890 4.5357992e-06 375
1740040109627 4.54926e-06 376
1740040110364 4.4511e-06 377
1740040111104 4.5142338e-06 378
1740040111846 4.4050275e-06 379
1740040112584 4.506309e-06 380
1740040113323 4.4637136e-06 381
1740040114069 4.4140247e-06 382
1740040114804 4.3756377e-06 383
1740040115538 4.4732265e-06 384
1740040116271 4.4885946e-06 385
1740040117032 4.3942723e-06 386
1740040117777 4.425747e-06 387
1740040118524 4.4193375e-06 388
1740040119272 4.411945e-06 389
1740040120014 4.4964177e-06 390
1740040120762 4.433787e-06 391
1740040121523 4.37739e-06 392
1740040122286 4.4707162e-06 393
1740040123023 4.389169e-06 394
1740040123757 4.4125763e-06 395
1740040124496 4.462958e-06 396
1740040125249 4.3656855e-06 397
1740040125990 4.4665735e-06 398
1740040126725 4.381946e-06 399
1740040127462 4.373203e-06 400
1740040128200 4.3805526e-06 401
1740040128930 4.361041e-06 402
1740040129662 4.2973725e-06 403
1740040130396 4.401584e-06 404
1740040131133 4.3547197e-06 405
1740040131868 4.416584e-06 406
1740040132603 4.3850146e-06 407
1740040133342 4.3477753e-06 408
1740040134086 4.3238897e-06 409
1740040134824 4.326208e-06 410
1740040135560 4.3184823e-06 411
1740040136298 4.352922e-06 412
1740040137033 4.3092214e-06 413
1740040137770 4.275283e-06 414
1740040138511 4.2670617e-06 415
1740040139251 4.313856e-06 416
1740040139996 4.2597535e-06 417
1740040140735 4.347761e-06 418
1740040141473 4.2407537e-06 419
1740040142306 4.309333e-06 420
1740040143047 4.3539185e-06 421
1740040143786 4.2489437e-06 422
1740040144524 4.2849865e-06 423
1740040145261 4.3037126e-06 424
1740040146000 4.2493716e-06 425
1740040146734 4.2494894e-06 426
1740040147538 4.208838e-06 427
1740040148393 4.20474e-06 428
1740040149212 4.280383e-06 429
1740040149986 4.290568e-06 430
1740040150723 4.2516835e-06 431
1740040151474 4.2665083e-06 432
1740040152212 4.268373e-06 433
1740040152951 4.158167e-06 434
1740040153704 4.243766e-06 435
1740040154444 4.276002e-06 436
1740040155196 4.230255e-06 437
1740040155942 4.2902643e-06 438
1740040156687 4.2537763e-06 439
1740040157434 4.20371e-06 440
1740040158183 4.1424487e-06 441
1740040158939 4.1543835e-06 442
1740040159689 4.212608e-06 443
1740040160436 4.201349e-06 444
1740040161184 4.219504e-06 445
1740040161936 4.181579e-06 446
1740040162693 4.1771777e-06 447
1740040163462 4.183002e-06 448
1740040164210 4.1914886e-06 449
1740040164952 4.171273e-06 450
1740040165700 4.18424e-06 451
1740040166451 4.1659764e-06 452
1740040167207 4.188896e-06 453
1740040168477 4.186429e-06 454
1740040170081 4.1501016e-06 455
1740040171645 4.137732e-06 456
1740040173235 4.1318663e-06 457
1740040174811 4.1468006e-06 458
1740040176534 4.151537e-06 459
1740040178268 4.175265e-06 460
1740040179959 4.0996874e-06 461
1740040180777 4.080344e-06 462
1740040181422 4.104259e-06 463
1740040182114 4.07901e-06 464
1740040182776 4.116224e-06 465
1740040183490 4.157304e-06 466
1740040184245 4.05388e-06 467
1740040185002 4.134071e-06 468
1740040185757 4.075219e-06 469
1740040186527 4.1269914e-06 470
1740040187289 4.081321e-06 471
1740040188032 4.050283e-06 472
1740040188782 4.025425e-06 473
1740040189557 4.096421e-06 474
1740040190302 4.104678e-06 475
1740040191062 4.048861e-06 476
1740040191821 4.0781747e-06 477
1740040192612 4.134582e-06 478
1740040193365 4.061687e-06 479
1740040194121 4.0051546e-06 480
1740040194893 4.0027753e-06 481
1740040195638 4.051919e-06 482
1740040196401 3.991783e-06 483
1740040197155 4.0884006e-06 484
1740040197896 4.0476393e-06 485
1740040198709 4.0245222e-06 486
1740040199568 4.0250466e-06 487
1740040200406 4.003342e-06 488
1740040201280 3.990229e-06 489
1740040202144 3.9892097e-06 490
1740040202999 3.990241e-06 491
1740040203861 3.9610613e-06 492
1740040204694 3.9487904e-06 493
1740040205520 3.9848032e-06 494
1740040206295 3.938738e-06 495
1740040207070 3.946298e-06 496
1740040207848 3.9646807e-06 497
1740040208629 3.9738866e-06 498
1740040209380 3.995429e-06 499
1740040210135 3.982596e-06 500
1740040210905 3.9667643e-06 501
1740040211658 3.938792e-06 502
1740040212418 3.9562447e-06 503
1740040213185 3.9079177e-06 504
1740040213924 3.9305405e-06 505
1740040214674 3.939073e-06 506
1740040215429 3.846352e-06 507
1740040216186 3.8818193e-06 508
1740040216945 3.9436136e-06 509
1740040217727 3.927511e-06 510
1740040218542 3.9153283e-06 511
1740040219306 3.953343e-06 512
1740040220059 3.8676153e-06 513
1740040220814 3.8598378e-06 514
1740040221572 3.8657267e-06 515
1740040222325 3.9476904e-06 516
1740040223070 3.827976e-06 517
1740040223812 3.877014e-06 518
1740040224553 3.835718e-06 519
1740040225421 3.8990097e-06 520
1740040226168 3.9260926e-06 521
1740040226916 3.8266903e-06 522
1740040227682 3.8267826e-06 523
1740040228427 3.943238e-06 524
1740040229172 3.8488897e-06 525
1740040229922 3.8823537e-06 526
1740040230699 3.8804956e-06 527
1740040231442 3.867542e-06 528
1740040232193 3.8321946e-06 529
1740040232941 3.834373e-06 530
1740040233681 3.8601534e-06 531
1740040234437 3.866077e-06 532
1740040235184 3.8041494e-06 533
1740040235923 3.8732765e-06 534
1740040236680 3.7492764e-06 535
1740040237417 3.7456834e-06 536
1740040238166 3.7984573e-06 537
1740040239027 3.836513e-06 538
1740040239867 3.8406033e-06 539
1740040240760 3.8029175e-06 540
1740040241563 3.8351413e-06 541
1740040242313 3.824732e-06 542
1740040243082 3.7845052e-06 543
1740040243902 3.784419e-06 544
1740040244762 3.7118966e-06 545
1740040245501 3.7467064e-06 546
1740040246276 3.8081962e-06 547
1740040247025 3.7875768e-06 548
1740040247786 3.7829584e-06 549
1740040248593 3.7638838e-06 550
1740040249383 3.6713943e-06 551
1740040250125 3.7681261e-06 552
1740040250881 3.7675084e-06 553
1740040251664 3.7212421e-06 554
1740040252427 3.7879606e-06 555
1740040253190 3.7403117e-06 556
1740040253946 3.6618753e-06 557
1740040254698 3.8010517e-06 558
1740040255447 3.6910121e-06 559
1740040256699 3.7119223e-06 560
1740040258271 3.8034607e-06 561
1740040259859 3.7551351e-06 562
1740040261430 3.6955623e-06 563
1740040263016 3.7161692e-06 564
1740040264582 3.714213e-06 565
1740040266174 3.7128934e-06 566
1740040267747 3.731977e-06 567
1740040269339 3.695921e-06 568
1740040270915 3.7012835e-06 569
1740040272570 3.7041775e-06 570
1740040274216 3.6646516e-06 571
1740040275812 3.6759898e-06 572
1740040277403 3.6217039e-06 573
1740040278987 3.712101e-06 574
1740040280582 3.7145828e-06 575
1740040282158 3.6507715e-06 576
1740040283839 3.6560223e-06 577
1740040285464 3.6367135e-06 578
1740040287549 3.6631236e-06 579
1740040288939 3.6529054e-06 580
1740040289662 3.7097138e-06 581
1740040290308 3.678013e-06 582
1740040290979 3.6905576e-06 583
1740040291611 3.6754152e-06 584
1740040292246 3.6228128e-06 585
1740040292885 3.6054096e-06 586
1740040293598 3.6209588e-06 587
1740040294362 3.653152e-06 588
1740040295112 3.6421138e-06 589
1740040295908 3.681777e-06 590
1740040296747 3.6135543e-06 591
1740040297513 3.6603733e-06 592
1740040298272 3.662893e-06 593
1740040299026 3.596566e-06 594
1740040299863 3.5762587e-06 595
1740040300631 3.5747098e-06 596
1740040301412 3.59991e-06 597
1740040302189 3.5911967e-06 598
1740040302936 3.6167858e-06 599
1740040303687 3.5476723e-06 600
1740040304432 3.582659e-06 601
1740040305176 3.5872713e-06 602
1740040305946 3.5842888e-06 603
1740040306696 3.5964547e-06 604
1740040307443 3.525821e-06 605
1740040308212 3.5283392e-06 606
1740040308964 3.6160648e-06 607
1740040309724 3.6244317e-06 608
1740040310491 3.5826797e-06 609
1740040311273 3.5481748e-06 610
1740040312032 3.5103997e-06 611
1740040312786 3.4893558e-06 612
1740040313536 3.5407822e-06 613
1740040314300 3.5416797e-06 614
1740040315160 3.5536934e-06 615
1740040315915 3.5618934e-06 616
1740040316732 3.5104479e-06 617
1740040317600 3.579298e-06 618
1740040318364 3.5295398e-06 619
1740040319200 3.5260823e-06 620
1740040320084 3.4682096e-06 621
1740040320868 3.4781413e-06 622
1740040321605 3.5385592e-06 623
1740040322352 3.5480145e-06 624
1740040323098 3.5275145e-06 625
1740040323852 3.4266359e-06 626
1740040324580 3.4320622e-06 627
1740040325312 3.5255791e-06 628
1740040326043 3.490345e-06 629
1740040326781 3.4574255e-06 630
1740040327516 3.5027301e-06 631
1740040328257 3.4944296e-06 632
1740040329001 3.5012645e-06 633
1740040329746 3.4713098e-06 634
1740040330493 3.4514535e-06 635
1740040331231 3.465436e-06 636
1740040331984 3.4376906e-06 637
1740040332733 3.4951424e-06 638
1740040333489 3.4626946e-06 639
1740040334239 3.4509967e-06 640
1740040334972 3.5096068e-06 641
1740040335719 3.4097998e-06 642
1740040336459 3.436538e-06 643
1740040337209 3.4446307e-06 644
1740040337955 3.3951444e-06 645
1740040338716 3.4531145e-06 646
1740040339462 3.4856691e-06 647
1740040340209 3.3923693e-06 648
1740040340952 3.4227307e-06 649
1740040341696 3.364483e-06 650
1740040342446 3.4228065e-06 651
1740040343192 3.4626657e-06 652
1740040343948 3.449625e-06 653
1740040344707 3.4140255e-06 654
1740040345454 3.3590886e-06 655
1740040346234 3.4024642e-06 656
1740040346990 3.3561917e-06 657
1740040347725 3.4004909e-06 658
1740040348496 3.403965e-06 659
1740040349269 3.3850938e-06 660
1740040350020 3.3750784e-06 661
1740040350776 3.3124763e-06 662
1740040351522 3.3534357e-06 663
1740040352264 3.4130774e-06 664
1740040353026 3.379274e-06 665
1740040353800 3.3711958e-06 666
1740040354555 3.406534e-06 667
1740040355302 3.3388e-06 668
1740040356049 3.3310037e-06 669
1740040356805 3.3623382e-06 670
1740040357555 3.3041467e-06 671
1740040358650 3.3756335e-06 672
1740040360246 3.3469703e-06 673
1740040361828 3.3275076e-06 674
1740040363428 3.3714791e-06 675
1740040365019 3.3289691e-06 676
1740040366613 3.3862107e-06 677
1740040368194 3.2993344e-06 678
1740040369799 3.3253443e-06 679
1740040371379 3.376519e-06 680
1740040373080 3.3689641e-06 681
1740040374703 3.2805967e-06 682
1740040376327 3.3411081e-06 683
1740040377160 3.3085064e-06 684
1740040377812 3.332879e-06 685
1740040378456 3.2526293e-06 686
1740040379107 3.2819382e-06 687
1740040379751 3.2948024e-06 688
1740040380399 3.2994924e-06 689
1740040381905 3.2693522e-06 0
1740040382616 3.2466844e-06 1
1740040383381 3.2965286e-06 2
1740040384121 3.257897e-06 3
1740040384866 3.264546e-06 4
1740040385611 3.2497512e-06 5
1740040386367 3.280101e-06 6
1740040387121 3.296016e-06 7
1740040387881 3.2959465e-06 8
1740040388634 3.2816235e-06 9
1740040389418 3.2928986e-06 10
1740040390231 3.2615928e-06 11
1740040390999 3.2329858e-06 12
1740040391757 3.3074557e-06 13
1740040392507 3.3098238e-06 14
1740040393256 3.2440885e-06 15
1740040394002 3.293296e-06 16
1740040394750 3.2713947e-06 17
1740040395498 3.2379123e-06 18
1740040396325 3.214753e-06 19
1740040397133 3.2709374e-06 20
1740040397993 3.2384694e-06 21
1740040398884 3.2470778e-06 22
1740040399640 3.2188855e-06 23
1740040400405 3.1850682e-06 24
1740040401189 3.251794e-06 25
1740040401944 3.2393016e-06 26
1740040402704 3.1946045e-06 27
1740040403471 3.1871584e-06 28
1740040404254 3.2080225e-06 29
1740040405098 3.24215e-06 30
1740040406094 3.1997567e-06 31
1740040407694 3.290516e-06 32
1740040409435 3.2316107e-06 33
1740040411263 3.1835054e-06 34
1740040412953 3.168714e-06 35
1740040413671 3.1863874e-06 36
1740040414316 3.2185528e-06 37
1740040414966 3.1760055e-06 38
1740040415711 3.136061e-06 39
1740040416460 3.2409766e-06 40
1740040417206 3.1502004e-06 41
1740040417961 3.1923e-06 42
1740040418711 3.1720558e-06 43
1740040419481 3.1626112e-06 44
1740040420246 3.1812206e-06 45
1740040420996 3.1101836e-06 46
1740040421732 3.1705415e-06 47
1740040422476 3.174461e-06 48
1740040423222 3.135363e-06 49
1740040423967 3.078585e-06 50
1740040424709 3.1092595e-06 51
1740040425504 3.116339e-06 52
1740040426281 3.1404395e-06 53
1740040427101 3.0754068e-06 54
1740040427895 3.1038498e-06 55
1740040428679 3.1235518e-06 56
1740040429445 3.1231136e-06 57
1740040430178 3.1282589e-06 58
1740040430914 3.1514978e-06 59
1740040431656 3.084446e-06 60
1740040432406 3.1441573e-06 61
1740040433145 3.139607e-06 62
1740040433956 3.1042844e-06 63
1740040434711 3.1529955e-06 64
1740040435441 3.172995e-06 65
1740040436190 3.1501618e-06 66
1740040436916 3.131356e-06 67
1740040437650 3.1527954e-06 68
1740040438382 3.102974e-06 69
1740040439134 3.1141017e-06 70
1740040439883 3.078972e-06 71
1740040440621 3.0879712e-06 72
1740040441383 3.0664396e-06 73
1740040442181 3.0627073e-06 74
1740040442928 3.0768665e-06 75
1740040443667 3.063248e-06 76
1740040444419 3.0785222e-06 77
1740040445152 3.1023667e-06 78
1740040445875 3.0561946e-06 79
1740040446622 3.0517913e-06 80
1740040447349 3.053285e-06 81
1740040448077 3.1023412e-06 82
1740040448814 2.996978e-06 83
1740040449567 3.0794015e-06 84
1740040450304 3.045796e-06 85
1740040451041 3.0585616e-06 86
1740040451796 3.0877143e-06 87
1740040452551 3.045329e-06 88
1740040453295 3.0789722e-06 89
1740040454044 3.0258363e-06 90
1740040454881 3.049981e-06 91
1740040455642 3.0020306e-06 92
1740040456393 3.0766264e-06 93
1740040457144 3.0417666e-06 94
1740040457899 3.0277315e-06 95
1740040458661 3.0424983e-06 96
1740040459408 2.9742084e-06 97
1740040460171 2.992828e-06 98
1740040460926 2.9745959e-06 99
1740040461684 3.0461445e-06 100
1740040462406 3.0102801e-06 101
1740040463143 3.0023841e-06 102
1740040463901 3.0298709e-06 103
1740040464660 3.0524498e-06 104
1740040465412 2.9680289e-06 105
1740040466161 3.0051463e-06 106
1740040466921 3.029683e-06 107
1740040467696 3.0215192e-06 108
1740040468441 2.991499e-06 109
1740040469251 2.9787361e-06 110
1740040470074 3.009172e-06 111
1740040470901 3.0329747e-06 112
1740040471653 2.9814705e-06 113
1740040472469 2.9219584e-06 114
1740040473218 2.978415e-06 115
1740040473970 2.935052e-06 116
1740040474727 3.0021106e-06 117
1740040475525 2.984412e-06 118
1740040476271 2.9199618e-06 119
1740040477013 2.9200105e-06 120
1740040477761 2.9234125e-06 121
1740040478565 2.9420673e-06 122
1740040479324 2.955947e-06 123
1740040480143 2.9484881e-06 124
1740040480925 2.9393527e-06 125
1740040481707 2.9258708e-06 126
1740040482482 2.9098435e-06 127
1740040483251 2.959704e-06 128
1740040484024 2.9310465e-06 129
1740040484884 2.9247892e-06 130
1740040485636 2.960444e-06 131
1740040486401 2.868799e-06 132
1740040487166 2.8842874e-06 133
1740040487934 2.8992145e-06 134
1740040488706 2.948176e-06 135
1740040489502 2.8892287e-06 136
1740040490258 2.918774e-06 137
1740040491004 2.9651164e-06 138
1740040491767 2.900234e-06 139
1740040492525 2.841292e-06 140
1740040493274 2.9778055e-06 141
1740040494036 2.9266612e-06 142
1740040494786 2.8687534e-06 143
1740040495531 2.8626791e-06 144
1740040496271 2.9090763e-06 145
1740040497026 2.8958475e-06 146
1740040497815 2.8873678e-06 147
1740040498577 2.876874e-06 148
1740040499401 2.8657382e-06 149
1740040500211 2.9131256e-06 150
1740040501011 2.8550114e-06 151
1740040501793 2.8539323e-06 152
1740040503250 2.9145383e-06 153
1740040504854 2.8297122e-06 154
1740040506432 2.8937466e-06 155
1740040508039 2.8627765e-06 156
1740040509630 2.8167344e-06 157
1740040511236 2.8169602e-06 158
1740040512819 2.832073e-06 159
1740040514420 2.8766617e-06 160
1740040516025 2.8208829e-06 161
1740040517642 2.8572274e-06 162
1740040519238 2.809697e-06 163
1740040520851 2.8402749e-06 164
1740040522444 2.809324e-06 165
1740040524064 2.8259012e-06 166
1740040525660 2.8391867e-06 167
1740040527299 2.860295e-06 168
1740040528915 2.826158e-06 169
1740040530505 2.8496074e-06 170
1740040532116 2.8325182e-06 171
1740040533709 2.8733905e-06 172
1740040535313 2.8136938e-06 173
1740040536906 2.7748213e-06 174
1740040538505 2.8432012e-06 175
1740040540081 2.8453755e-06 176
1740040541667 2.784286e-06 177
1740040543329 2.789283e-06 178
1740040544926 2.8121285e-06 179
1740040546496 2.7969286e-06 180
1740040548085 2.8067825e-06 181
1740040549659 2.8274521e-06 182
1740040551253 2.835141e-06 183
1740040552827 2.7933781e-06 184
1740040554423 2.784176e-06 185
1740040556021 2.784049e-06 186
1740040557637 2.7950616e-06 187
1740040559212 2.7614599e-06 188
1740040560811 2.795505e-06 189
1740040562394 2.7590206e-06 190
1740040564011 2.7989659e-06 191
1740040565592 2.7992246e-06 192
1740040567191 2.8022748e-06 193
1740040568764 2.7721358e-06 194
1740040570359 2.7486449e-06 195
1740040571950 2.7915237e-06 196
1740040573554 2.7437368e-06 197
1740040575155 2.8169056e-06 198
1740040576754 2.7367432e-06 199
1740040578364 2.7896206e-06 200
1740040579962 2.7826452e-06 201
1740040581568 2.7021256e-06 202
1740040583155 2.7349106e-06 203
1740040584771 2.7859917e-06 204
1740040586338 2.7139474e-06 205
1740040587938 2.796687e-06 206
1740040589539 2.748191e-06 207
1740040591138 2.732582e-06 208
1740040592718 2.6917105e-06 209
1740040594326 2.7707258e-06 210
1740040595916 2.7537556e-06 211
1740040597516 2.713382e-06 212
1740040599107 2.7397984e-06 213
1740040600724 2.7511592e-06 214
1740040602316 2.7167916e-06 215
1740040603917 2.7278802e-06 216
1740040605503 2.727779e-06 217
1740040607096 2.722553e-06 218
1740040608682 2.678059e-06 219
1740040610281 2.6893426e-06 220
1740040611879 2.679954e-06 221
1740040613473 2.6911662e-06 222
1740040615266 2.7184408e-06 223
1740040616955 2.7110123e-06 224
1740040618719 2.6775335e-06 225
1740040619622 2.6637674e-06 226
1740040620261 2.7193382e-06 227
1740040620900 2.6698162e-06 228
1740040621542 2.6959597e-06 229
1740040622257 2.6638984e-06 230
1740040622891 2.6358819e-06 231
1740040623524 2.673318e-06 232
1740040624159 2.6715725e-06 233
1740040624821 2.6787616e-06 234
1740040625614 2.6540251e-06 235
1740040626371 2.7176916e-06 236
1740040627129 2.7039957e-06 237
1740040627885 2.6751104e-06 238
1740040628641 2.6864584e-06 239
1740040629421 2.6436408e-06 240
1740040630176 2.655685e-06 241
1740040630948 2.6336568e-06 242
1740040631714 2.663587e-06 243
1740040632461 2.681997e-06 244
1740040633274 2.6666344e-06 245
1740040634076 2.6667885e-06 246
1740040634816 2.6300618e-06 247
1740040635552 2.6443072e-06 248
1740040636338 2.650838e-06 249
1740040637096 2.6373687e-06 250
1740040637882 2.6467521e-06 251
1740040638652 2.6593498e-06 252
1740040639409 2.6784862e-06 253
1740040640160 2.6551697e-06 254
1740040640907 2.6081136e-06 255
1740040641653 2.6380303e-06 256
1740040642403 2.6255461e-06 257
1740040643176 2.6439775e-06 258
1740040643937 2.616958e-06 259
1740040644687 2.5957656e-06 260
1740040645426 2.599655e-06 261
1740040646202 2.5779482e-06 262
1740040646946 2.605489e-06 263
1740040647692 2.6886257e-06 264
1740040648436 2.6315104e-06 265
1740040649192 2.6282858e-06 266
1740040649951 2.5940603e-06 267
1740040650721 2.5957063e-06 268
1740040651496 2.6801636e-06 269
1740040652248 2.5795007e-06 270
1740040653002 2.578543e-06 271
1740040653845 2.5760698e-06 272
1740040654723 2.5780898e-06 273
1740040655503 2.5960478e-06 274
1740040656278 2.555215e-06 275
1740040657030 2.586894e-06 276
1740040657780 2.575477e-06 277
1740040658525 2.5741128e-06 278
1740040659279 2.5864924e-06 279
1740040660016 2.5495897e-06 280
1740040661010 2.579015e-06 281
1740040662593 2.5808472e-06 282
1740040664186 2.5770498e-06 283
1740040665769 2.587176e-06 284
1740040667369 2.5781846e-06 285
1740040668951 2.5524384e-06 286
1740040670545 2.4958879e-06 287
1740040672122 2.5169113e-06 288
1740040673712 2.5345946e-06 289
1740040675285 2.536079e-06 290
1740040676873 2.5305e-06 291
1740040678522 2.5710879e-06 292
1740040680138 2.5421327e-06 293
1740040681758 2.5210306e-06 294
1740040682861 2.527004e-06 295
1740040683503 2.509297e-06 296
1740040684146 2.5240222e-06 297
1740040684781 2.4915787e-06 298
1740040685419 2.515931e-06 299
1740040686063 2.5540912e-06 300
1740040686720 2.5449617e-06 301
1740040687369 2.5468e-06 302
1740040688121 2.503599e-06 303
1740040688889 2.5038626e-06 304
1740040689656 2.5406903e-06 305
1740040690438 2.4705444e-06 306
1740040691199 2.5245815e-06 307
1740040691968 2.5247873e-06 308
1740040692748 2.5084494e-06 309
1740040693555 2.518034e-06 310
1740040694342 2.5238753e-06 311
1740040695117 2.523355e-06 312
1740040695891 2.4990422e-06 313
1740040696667 2.4951653e-06 314
1740040697451 2.5074241e-06 315
1740040698221 2.5094491e-06 316
1740040698971 2.4898386e-06 317
1740040699713 2.4616083e-06 318
1740040700509 2.5164868e-06 319
1740040701273 2.5023965e-06 320
1740040702024 2.4930212e-06 321
1740040702784 2.4761216e-06 322
1740040703566 2.4685514e-06 323
1740040704334 2.5190907e-06 324
1740040705472 2.4988503e-06 325
1740040707063 2.482547e-06 326
1740040708658 2.5082272e-06 327
1740040710256 2.4656406e-06 328
1740040711843 2.4801911e-06 329
1740040713729 2.4875694e-06 330
1740040715331 2.4678325e-06 331
1740040716937 2.5185752e-06 332
1740040718512 2.4415651e-06 333
1740040720114 2.4182052e-06 334
1740040721688 2.4622973e-06 335
1740040723288 2.4751512e-06 336
1740040724869 2.436767e-06 337
1740040726474 2.4731517e-06 338
1740040728062 2.4446306e-06 339
1740040729669 2.4320448e-06 340
1740040731251 2.4541241e-06 341
1740040732853 2.4501167e-06 342
1740040734439 2.423857e-06 343
1740040736046 2.4791157e-06 344
1740040737639 2.4763622e-06 345
1740040739241 2.3964835e-06 346
1740040740827 2.4232663e-06 347
1740040742426 2.476746e-06 348
1740040744034 2.4485819e-06 349
1740040745623 2.4056267e-06 350
1740040747217 2.3971568e-06 351
1740040748803 2.4370568e-06 352
1740040750413 2.4610683e-06 353
1740040751996 2.3971102e-06 354
1740040753593 2.4129995e-06 355
1740040755176 2.4258513e-06 356
1740040756785 2.410219e-06 357
1740040758376 2.4058597e-06 358
1740040759990 2.3818827e-06 359
1740040761565 2.4245865e-06 360
1740040763181 2.4054416e-06 361
1740040764758 2.3928048e-06 362
1740040766368 2.4218775e-06 363
1740040767958 2.3552507e-06 364
1740040769783 2.3649736e-06 365
1740040771406 2.4210524e-06 366
1740040773084 2.4083968e-06 367
1740040774689 2.3940095e-06 368
1740040776392 2.4116014e-06 369
1740040778958 2.41406e-06 370
1740040780593 2.3794023e-06 371
1740040781236 2.3459093e-06 372
1740040781862 2.3589387e-06 373
1740040782506 2.3620003e-06 374
1740040783158 2.398481e-06 375
1740040783821 2.3865282e-06 376
1740040784453 2.3638197e-06 377
1740040785098 2.3850423e-06 378
1740040785730 2.3688413e-06 379
1740040786478 2.4003493e-06 380
1740040787230 2.3510563e-06 381
1740040788124 2.3435412e-06 382
1740040788992 2.3692662e-06 383
1740040789766 2.3734003e-06 384
1740040790543 2.3821103e-06 385
1740040791334 2.330583e-06 386
1740040792096 2.3426473e-06 387
1740040792852 2.3806326e-06 388
1740040793634 2.384559e-06 389
1740040794393 2.3759924e-06 390
1740040795162 2.3631233e-06 391
1740040795899 2.3237487e-06 392
1740040796629 2.345135e-06 393
1740040797378 2.3474836e-06 394
1740040798131 2.3660464e-06 395
1740040798913 2.302093e-06 396
1740040799659 2.3754853e-06 397
1740040800395 2.3444798e-06 398
1740040801148 2.3431974e-06 399
1740040801897 2.3356802e-06 400
1740040802643 2.3508146e-06 401
1740040803423 2.3519367e-06 402
1740040804175 2.3264174e-06 403
1740040804921 2.2925483e-06 404
1740040805674 2.3012171e-06 405
1740040806425 2.3127898e-06 406
1740040807176 2.3225434e-06 407
1740040808155 2.3477246e-06 408
1740040809769 2.357947e-06 409
1740040811348 2.2972067e-06 410
1740040812945 2.3359853e-06 411
1740040814527 2.3160496e-06 412
1740040816120 2.2862764e-06 413
1740040817696 2.2986874e-06 414
1740040819299 2.2940008e-06 415
1740040820876 2.2980657e-06 416
1740040822593 2.3293492e-06 417
1740040824193 2.2702216e-06 418
1740040825781 2.2988331e-06 419
1740040827407 2.30474e-06 420
1740040828983 2.320347e-06 421
1740040830581 2.2973722e-06 422
1740040832153 2.2891907e-06 423
1740040833755 2.2869642e-06 424
1740040835333 2.268025e-06 425
1740040836929 2.269303e-06 426
1740040838498 2.2772033e-06 427
1740040840094 2.255944e-06 428
1740040841659 2.2777956e-06 429
1740040843521 2.3098776e-06 430
1740040845097 2.2445865e-06 431
1740040846700 2.2765084e-06 432
1740040848270 2.2709594e-06 433
1740040849863 2.3145483e-06 434
1740040851445 2.2442657e-06 435
1740040853047 2.3389025e-06 436
1740040854634 2.2689312e-06 437
1740040856255 2.2453812e-06 438
1740040857871 2.2551635e-06 439
1740040859469 2.2415359e-06 440
1740040861082 2.2846318e-06 441
1740040862680 2.2495171e-06 442
1740040864294 2.2753175e-06 443
1740040865871 2.235388e-06 444
1740040867471 2.263632e-06 445
1740040869060 2.2489596e-06 446
1740040870701 2.2249772e-06 447
1740040872362 2.2235088e-06 448
1740040874451 2.2357203e-06 449
1740040875701 2.2176205e-06 450
1740040876415 2.2067718e-06 451
1740040877105 2.2289294e-06 452
1740040877776 2.2395645e-06 453
1740040878422 2.2514619e-06 454
1740040879065 2.2124746e-06 455
1740040879714 2.230815e-06 456
1740040880358 2.1954625e-06 457
1740040881005 2.2475376e-06 458
1740040881714 2.2086933e-06 459
1740040883371 2.2114639e-06 460
1740040884976 2.2182792e-06 461
1740040886593 2.205804e-06 462
1740040887381 2.2308916e-06 463
1740040888023 2.1968e-06 464
1740040888706 2.2278678e-06 465
1740040889470 2.196932e-06 466
1740040890218 2.2051838e-06 467
1740040890978 2.1941005e-06 468
1740040891728 2.2213949e-06 469
1740040892477 2.2260215e-06 470
1740040893230 2.1969481e-06 471
1740040893985 2.1662138e-06 472
1740040894741 2.2203706e-06 473
1740040895486 2.1785868e-06 474
1740040896235 2.222271e-06 475
1740040896976 2.1394603e-06 476
1740040897735 2.1519145e-06 477
1740040898476 2.1687956e-06 478
1740040899259 2.1863023e-06 479
1740040900015 2.2094478e-06 480
1740040900776 2.1634307e-06 481
1740040901531 2.195993e-06 482
1740040902292 2.1737178e-06 483
1740040903081 2.1376145e-06 484
1740040903840 2.1625651e-06 485
1740040904601 2.1294093e-06 486
1740040905391 2.1828716e-06 487
1740040906141 2.1960777e-06 488
1740040906903 2.1891542e-06 489
1740040907659 2.1671576e-06 490
1740040908424 2.1786698e-06 491
1740040909171 2.1792428e-06 492
1740040909983 2.1986305e-06 493
1740040910746 2.1541164e-06 494
1740040911507 2.1445287e-06 495
1740040912291 2.1453734e-06 496
1740040913042 2.1345818e-06 497
1740040913866 2.1876353e-06 498
1740040914621 2.1235865e-06 499
1740040915361 2.1439905e-06 500
1740040916107 2.1134902e-06 501
1740040916859 2.1377145e-06 502
1740040917615 2.1171702e-06 503
1740040918355 2.1591495e-06 504
1740040919092 2.1614069e-06 505
1740040919835 2.1542874e-06 506
1740040920592 2.1611982e-06 507
1740040921385 2.1699989e-06 508
1740040922144 2.1699707e-06 509
1740040922895 2.088182e-06 510
1740040923680 2.150218e-06 511
1740040924442 2.1466815e-06 512
1740040925220 2.161357e-06 513
1740040925994 2.1461958e-06 514
1740040926752 2.1169815e-06 515
1740040927500 2.1410176e-06 516
1740040928243 2.1429726e-06 517
1740040928988 2.1403998e-06 518
1740040929731 2.1223923e-06 519
1740040930489 2.1045068e-06 520
1740040931245 2.1323888e-06 521
1740040931992 2.121118e-06 522
1740040932744 2.1565486e-06 523
1740040933490 2.152687e-06 524
1740040934248 2.0916868e-06 525
1740040935012 2.1531775e-06 526
1740040935755 2.118965e-06 527
1740040936508 2.1517985e-06 528
1740040937274 2.1167755e-06 529
1740040938115 2.0932737e-06 530
1740040938854 2.1291726e-06 531
1740040939590 2.0820337e-06 532
1740040940356 2.0741086e-06 533
1740040941103 2.0947673e-06 534
1740040941860 2.089473e-06 535
1740040942606 2.0733537e-06 536
1740040943350 2.0842808e-06 537
1740040944091 2.0956893e-06 538
1740040944825 2.1058092e-06 539
1740040945560 2.0685468e-06 540
1740040946302 2.072715e-06 541
1740040947046 2.0776904e-06 542
1740040947790 2.063561e-06 543
1740040948531 2.054511e-06 544
1740040949275 2.0954037e-06 545
1740040950047 2.1219391e-06 546
1740040950817 2.1244423e-06 547
1740040951609 2.1143069e-06 548
1740040952375 2.0755344e-06 549
1740040953127 2.106515e-06 550
1740040953886 2.0930029e-06 551
1740040954635 2.0635368e-06 552
1740040955386 2.056635e-06 553
1740040956154 2.0772877e-06 554
1740040956895 2.0859768e-06 555
1740040957630 2.0711561e-06 556
1740040958368 2.0196087e-06 557
1740040959105 2.0552127e-06 558
1740040959842 2.0839002e-06 559
1740040960580 2.0696932e-06 560
1740040961315 2.0518305e-06 561
1740040962055 2.0691984e-06 562
1740040962790 2.047655e-06 563
1740040963545 2.0797283e-06 564
1740040964291 2.0437062e-06 565
1740040965050 2.0747666e-06 566
1740040965815 2.0288437e-06 567
1740040966575 2.0444086e-06 568
1740040967320 2.0255084e-06 569
1740040968066 2.0412867e-06 570
1740040968809 2.0811053e-06 571
1740040970035 2.038116e-06 572
1740040971628 2.0096938e-06 573
1740040973201 2.0351958e-06 574
1740040974786 2.0235757e-06 575
1740040976360 2.0706889e-06 576
1740040977949 1.9858696e-06 577
1740040979514 2.0187865e-06 578
1740040981113 2.0580267e-06 579
1740040982802 2.0323137e-06 580
1740040984457 2.0786563e-06 581
1740040986055 2.044244e-06 582
1740040987315 2.0094574e-06 583
1740040987970 2.0202028e-06 584
1740040988611 2.0346056e-06 585
1740040989255 1.9939398e-06 586
1740040989893 2.021655e-06 587
1740040990555 2.0032767e-06 588
1740040991184 2.0078432e-06 589
1740040991900 2.0022635e-06 590
1740040992646 2.003535e-06 591
1740040993403 1.9952734e-06 592
1740040994150 1.993853e-06 593
1740040994895 1.9665151e-06 594
1740040996125 2.0065995e-06 595
1740040997702 2.0244336e-06 596
1740040999295 1.9768083e-06 597
1740041000867 2.0162136e-06 598
1740041002470 1.9935258e-06 599
1740041004061 1.9920433e-06 600
1740041005659 2.0032296e-06 601
1740041007244 1.9652157e-06 602
1740041008846 2.007719e-06 603
1740041010423 1.9921627e-06 604
1740041012149 1.974354e-06 605
1740041013745 1.9476543e-06 606
1740041015350 2.0025186e-06 607
1740041016325 1.9626925e-06 608
1740041016973 1.9773177e-06 609
1740041017605 1.9826102e-06 610
1740041018240 1.9969186e-06 611
1740041018867 1.9748602e-06 612
1740041019495 1.9626357e-06 613
1740041020123 1.9695033e-06 614
1740041020751 1.9950578e-06 615
1740041021487 1.9367603e-06 616
1740041022230 1.9535214e-06 617
1740041022975 1.9534878e-06 618
1740041023710 1.9590454e-06 619
1740041024450 1.944335e-06 620
1740041025187 1.9498143e-06 621
1740041025930 1.9573774e-06 622
1740041026670 1.9686772e-06 623
1740041027402 1.977362e-06 624
1740041028146 1.9381796e-06 625
1740041028883 1.9475565e-06 626
1740041029628 1.9611791e-06 627
1740041030374 1.9542774e-06 628
1740041031119 1.911728e-06 629
1740041031955 1.963365e-06 630
1740041032697 1.9759689e-06 631
1740041033445 1.9366446e-06 632
1740041034192 1.9524884e-06 633
1740041034931 1.9358115e-06 634
1740041035670 1.9367305e-06 635
1740041036435 1.8931001e-06 636
1740041037200 1.9647941e-06 637
1740041037960 1.9594152e-06 638
1740041038711 1.945223e-06 639
1740041039453 1.915651e-06 640
1740041040205 1.9218207e-06 641
1740041040952 1.936311e-06 642
1740041041690 1.9463932e-06 643
1740041042450 1.9434526e-06 644
1740041043215 1.9337722e-06 645
1740041043975 1.9313998e-06 646
1740041044720 1.9069874e-06 647
1740041045495 1.908361e-06 648
1740041046247 1.942747e-06 649
1740041046995 1.8794332e-06 650
1740041047740 1.9206022e-06 651
1740041048490 1.922601e-06 652
1740041049240 1.8921678e-06 653
1740041049997 1.9134695e-06 654
1740041050740 1.9325125e-06 655
1740041051500 1.9117856e-06 656
1740041052255 1.8811508e-06 657
1740041053010 1.8927813e-06 658
1740041053791 1.908194e-06 659
1740041054565 1.8883652e-06 660
1740041055331 1.9249196e-06 661
1740041056097 1.9166152e-06 662
1740041056870 1.8749629e-06 663
1740041057646 1.9021368e-06 664
1740041058410 1.9073689e-06 665
1740041059175 1.921517e-06 666
1740041059931 1.9132021e-06 667
1740041060700 1.8821391e-06 668
1740041061485 1.9073211e-06 669
1740041062240 1.8657432e-06 670
1740041062981 1.8608428e-06 671
1740041063735 1.907827e-06 672
1740041064497 1.8447381e-06 673
1740041065260 1.860481e-06 674
1740041066010 1.8627536e-06 675
1740041066770 1.9081078e-06 676
1740041067555 1.8879887e-06 677
1740041068314 1.8861873e-06 678
1740041069079 1.9384438e-06 679
1740041069830 1.8859878e-06 680
1740041070600 1.8726292e-06 681
1740041071375 1.8775462e-06 682
1740041072135 1.8707624e-06 683
1740041072910 1.9077247e-06 684
1740041073671 1.9138347e-06 685
1740041074432 1.853364e-06 686
1740041075205 1.8667012e-06 687
1740041076000 1.8648333e-06 688
1740041076760 1.8852179e-06 689
1740041078358 1.8496196e-06 0
1740041079100 1.9013554e-06 1
1740041079862 1.8853918e-06 2
1740041080630 1.8519369e-06 3
1740041081408 1.8691529e-06 4
1740041082180 1.8707085e-06 5
1740041082960 1.8674183e-06 6
1740041083730 1.8437923e-06 7
1740041084510 1.868002e-06 8
1740041085309 1.7994673e-06 9
1740041086074 1.8589982e-06 10
1740041086845 1.8232904e-06 11
1740041087610 1.8682371e-06 12
1740041088380 1.8545686e-06 13
1740041089140 1.8429537e-06 14
1740041089913 1.826758e-06 15
1740041090665 1.8646991e-06 16
1740041091401 1.8136316e-06 17
1740041092173 1.8376749e-06 18
1740041092910 1.8848435e-06 19
1740041093658 1.8372809e-06 20
1740041094404 1.8174094e-06 21
1740041095136 1.7996513e-06 22
1740041095881 1.8604358e-06 23
1740041096610 1.855845e-06 24
1740041097358 1.8241877e-06 25
1740041098095 1.7868323e-06 26
1740041098838 1.8160113e-06 27
1740041099580 1.8263004e-06 28
1740041100330 1.8204829e-06 29
1740041101070 1.8519901e-06 30
1740041101810 1.8233453e-06 31
1740041102549 1.8173683e-06 32
1740041103291 1.8070859e-06 33
1740041104022 1.8149678e-06 34
1740041104765 1.8244308e-06 35
1740041105508 1.8183723e-06 36
1740041106260 1.7968562e-06 37
1740041107000 1.7748829e-06 38
1740041107743 1.8342176e-06 39
1740041108580 1.7953257e-06 40
1740041109310 1.8184187e-06 41
1740041110058 1.8197015e-06 42
1740041110790 1.8263033e-06 43
1740041111526 1.8179188e-06 44
1740041112276 1.8139853e-06 45
1740041113020 1.8283499e-06 46
1740041113767 1.8095747e-06 47
1740041114520 1.7667422e-06 48
1740041115259 1.7939627e-06 49
1740041116070 1.8217535e-06 50
1740041116842 1.8111608e-06 51
1740041117593 1.8045182e-06 52
1740041118332 1.8100919e-06 53
1740041119080 1.7802429e-06 54
1740041119841 1.7878234e-06 55
1740041120590 1.7951089e-06 56
1740041121370 1.750571e-06 57
1740041122196 1.7599751e-06 58
1740041122941 1.7915395e-06 59
1740041123691 1.7826658e-06 60
1740041124445 1.7592118e-06 61
1740041125191 1.7956703e-06 62
1740041125941 1.7695484e-06 63
1740041126708 1.7803072e-06 64
1740041127458 1.7633452e-06 65
1740041128212 1.7726172e-06 66
1740041128966 1.7699025e-06 67
1740041129710 1.7345156e-06 68
1740041130460 1.803492e-06 69
1740041131215 1.7719302e-06 70
1740041131960 1.7945532e-06 71
1740041132708 1.7574165e-06 72
1740041133450 1.7771287e-06 73
1740041134200 1.7392083e-06 74
1740041134958 1.7788673e-06 75
1740041135700 1.7847452e-06 76
1740041136450 1.7650434e-06 77
1740041137210 1.7419853e-06 78
1740041137950 1.7797828e-06 79
1740041138691 1.771183e-06 80
1740041139446 1.7145704e-06 81
1740041140205 1.7266111e-06 82
1740041140957 1.7448608e-06 83
1740041141703 1.7382378e-06 84
1740041142447 1.7248134e-06 85
1740041143209 1.7170989e-06 86
1740041143970 1.7463666e-06 87
1740041144762 1.7307715e-06 88
1740041145517 1.7636904e-06 89
1740041146270 1.7386761e-06 90
1740041147024 1.7192108e-06 91
1740041147785 1.7568977e-06 92
1740041148542 1.7406317e-06 93
1740041149291 1.7404834e-06 94
1740041150050 1.7349794e-06 95
1740041150808 1.7326314e-06 96
1740041151575 1.7290582e-06 97
1740041152361 1.7324219e-06 98
1740041153155 1.7619402e-06 99
1740041153941 1.7418536e-06 100
1740041154722 1.725566e-06 101
1740041155535 1.726774e-06 102
1740041156308 1.6973881e-06 103
1740041157057 1.7328472e-06 104
1740041157842 1.7422449e-06 105
1740041158663 1.7398097e-06 106
1740041159455 1.7005796e-06 107
1740041160275 1.7061386e-06 108
1740041161044 1.6921888e-06 109
1740041161825 1.7215044e-06 110
1740041162593 1.7352055e-06 111
1740041163341 1.7139855e-06 112
1740041164100 1.6980202e-06 113
1740041164850 1.6771312e-06 114
1740041165594 1.735457e-06 115
1740041166341 1.7130104e-06 116
1740041167110 1.716295e-06 117
1740041167863 1.7373726e-06 118
1740041168612 1.6855739e-06 119
1740041169374 1.6848849e-06 120
1740041170130 1.6980224e-06 121
1740041170885 1.6564958e-06 122
1740041171635 1.6597013e-06 123
1740041172387 1.6855465e-06 124
1740041173141 1.7250788e-06 125
1740041173891 1.6914195e-06 126
1740041174641 1.6711676e-06 127
1740041175392 1.6752426e-06 128
1740041176173 1.6717224e-06 129
1740041176966 1.6937269e-06 130
1740041177715 1.7003149e-06 131
1740041178457 1.6736612e-06 132
1740041179191 1.6956047e-06 133
1740041179950 1.6677689e-06 134
1740041180702 1.6988316e-06 135
1740041181448 1.7264952e-06 136
1740041182200 1.6719029e-06 137
1740041182950 1.6700576e-06 138
1740041183700 1.666447e-06 139
1740041184552 1.6844727e-06 140
1740041185323 1.6975721e-06 141
1740041186080 1.6885045e-06 142
1740041186833 1.6810149e-06 143
1740041187585 1.6790675e-06 144
1740041188355 1.6732314e-06 145
1740041189110 1.6886577e-06 146
1740041189860 1.6647433e-06 147
1740041190615 1.6227536e-06 148
1740041191375 1.6741731e-06 149
1740041192151 1.6350609e-06 150
1740041192926 1.6665192e-06 151
1740041193682 1.6471117e-06 152
1740041194441 1.666755e-06 153
1740041195215 1.6380654e-06 154
1740041195974 1.6503127e-06 155
1740041196731 1.6524081e-06 156
1740041197485 1.6601609e-06 157
1740041198241 1.6537163e-06 158
1740041198995 1.6536097e-06 159
1740041199750 1.6456153e-06 160
1740041200511 1.6414634e-06 161
1740041201270 1.652038e-06 162
1740041202041 1.6691359e-06 163
1740041202791 1.6389952e-06 164
1740041203541 1.6835443e-06 165
1740041204300 1.6366142e-06 166
1740041205055 1.641676e-06 167
1740041205810 1.6611735e-06 168
1740041206560 1.6369745e-06 169
1740041207310 1.6600873e-06 170
1740041208065 1.6055347e-06 171
1740041208810 1.6519779e-06 172
1740041209562 1.6558361e-06 173
1740041210317 1.6272962e-06 174
1740041211074 1.6268951e-06 175
1740041211850 1.6443464e-06 176
1740041212606 1.6244846e-06 177
1740041213370 1.6476587e-06 178
1740041214120 1.6217919e-06 179
1740041214870 1.6345061e-06 180
1740041215631 1.6313581e-06 181
1740041216375 1.6195564e-06 182
1740041217125 1.6120407e-06 183
1740041217890 1.6213604e-06 184
1740041218641 1.6303767e-06 185
1740041219390 1.6139361e-06 186
1740041220141 1.6441725e-06 187
1740041220900 1.6288784e-06 188
1740041221655 1.6200785e-06 189
1740041222400 1.6368697e-06 190
1740041223151 1.6080515e-06 191
1740041223907 1.6024725e-06 192
1740041224658 1.6251546e-06 193
1740041225408 1.6064723e-06 194
1740041226160 1.6066582e-06 195
1740041226912 1.6158875e-06 196
1740041227660 1.6234039e-06 197
1740041228410 1.5858983e-06 198
1740041229165 1.6042234e-06 199
1740041229915 1.5946341e-06 200
1740041230670 1.60767e-06 201
1740041231424 1.6013022e-06 202
1740041232180 1.6072623e-06 203
1740041232930 1.6002128e-06 204
1740041233681 1.6071917e-06 205
1740041234440 1.5826122e-06 206
1740041235191 1.6520082e-06 207
1740041235944 1.5904177e-06 208
1740041236691 1.5971331e-06 209
1740041237441 1.5815036e-06 210
1740041238200 1.5817051e-06 211
1740041238950 1.5960204e-06 212
1740041239705 1.5688354e-06 213
1740041240450 1.600284e-06 214
1740041241208 1.5920069e-06 215
1740041241955 1.6047061e-06 216
1740041242708 1.5752657e-06 217
1740041243460 1.5758097e-06 218
1740041244212 1.5845801e-06 219
1740041244970 1.5873735e-06 220
1740041245724 1.592066e-06 221
1740041246480 1.5414249e-06 222
1740041247231 1.592932e-06 223
1740041248010 1.5701569e-06 224
1740041248780 1.5987445e-06 225
1740041249531 1.5513892e-06 226
1740041250274 1.5555396e-06 227
1740041251023 1.5642015e-06 228
1740041251760 1.5631347e-06 229
1740041252508 1.5837738e-06 230
1740041253250 1.5645394e-06 231
1740041253991 1.5715298e-06 232
1740041254730 1.5837871e-06 233
1740041255474 1.551504e-06 234
1740041256215 1.5718963e-06 235
1740041256958 1.5430878e-06 236
1740041257700 1.5761826e-06 237
1740041258447 1.5707355e-06 238
1740041259191 1.5639438e-06 239
1740041260035 1.5632387e-06 240
1740041260860 1.5585761e-06 241
1740041261610 1.5562819e-06 242
1740041262358 1.5541731e-06 243
1740041263107 1.5921029e-06 244
1740041263850 1.5590797e-06 245
1740041264585 1.5364982e-06 246
1740041265335 1.5555827e-06 247
1740041266080 1.5519105e-06 248
1740041266815 1.5453926e-06 249
1740041267570 1.5497143e-06 250
1740041268311 1.5192574e-06 251
1740041269060 1.5199229e-06 252
1740041269810 1.5466438e-06 253
1740041270555 1.550574e-06 254
1740041271302 1.539139e-06 255
1740041272050 1.5656594e-06 256
1740041272795 1.5437016e-06 257
1740041273534 1.5288074e-06 258
1740041274277 1.5567447e-06 259
1740041275024 1.5128649e-06 260
1740041275765 1.5070732e-06 261
1740041276515 1.5423238e-06 262
1740041277260 1.5216145e-06 263
1740041278010 1.5018683e-06 264
1740041278762 1.5578395e-06 265
1740041279515 1.5262328e-06 266
1740041280262 1.522484e-06 267
1740041281013 1.5474652e-06 268
1740041281774 1.5272109e-06 269
1740041282515 1.5175389e-06 270
1740041283270 1.5237266e-06 271
1740041284011 1.5332066e-06 272
1740041284765 1.507369e-06 273
1740041285520 1.541273e-06 274
1740041286266 1.5297544e-06 275
1740041287014 1.5222157e-06 276
1740041287760 1.5256169e-06 277
1740041288510 1.5133289e-06 278
1740041289260 1.5189147e-06 279
1740041290030 1.5312606e-06 280
1740041290782 1.5312214e-06 281
1740041291561 1.5188034e-06 282
1740041292343 1.5072776e-06 283
1740041293112 1.475738e-06 284
1740041293873 1.4902269e-06 285
1740041294621 1.5081027e-06 286
1740041295365 1.5227882e-06 287
1740041296106 1.5153063e-06 288
1740041296875 1.5199046e-06 289
1740041297620 1.4939939e-06 290
1740041298365 1.4815205e-06 291
1740041299114 1.4617096e-06 292
1740041299865 1.5214746e-06 293
1740041300614 1.4923294e-06 294
1740041301365 1.4992193e-06 295
1740041302113 1.5289968e-06 296
1740041302851 1.4871871e-06 297
1740041303590 1.5087796e-06 298
1740041304325 1.5077053e-06 299
1740041305060 1.5082973e-06 300
1740041305805 1.5239056e-06 301
1740041306540 1.4811277e-06 302
1740041307285 1.529907e-06 303
1740041308016 1.5018913e-06 304
1740041308753 1.481773e-06 305
1740041309494 1.4909427e-06 306
1740041310240 1.487459e-06 307
1740041310980 1.5023298e-06 308
1740041311713 1.4904034e-06 309
1740041312452 1.4750848e-06 310
1740041313199 1.5074384e-06 311
1740041313953 1.4753039e-06 312
1740041314700 1.4667608e-06 313
1740041315434 1.4750145e-06 314
1740041316191 1.4884303e-06 315
1740041316935 1.4895552e-06 316
1740041317685 1.4732152e-06 317
1740041318450 1.4711134e-06 318
1740041319204 1.4712857e-06 319
1740041319958 1.4701532e-06 320
1740041320743 1.4877796e-06 321
1740041321513 1.4642189e-06 322
1740041322285 1.4678419e-06 323
1740041323040 1.456024e-06 324
1740041323807 1.462709e-06 325
1740041324563 1.4341135e-06 326
1740041325311 1.4636453e-06 327
1740041326072 1.4924514e-06 328
1740041326835 1.4491106e-06 329
1740041327618 1.4314144e-06 330
1740041328377 1.5157575e-06 331
1740041329118 1.4498726e-06 332
1740041329858 1.4437007e-06 333
1740041330594 1.4475185e-06 334
1740041331356 1.4659894e-06 335
1740041332109 1.4664766e-06 336
1740041332869 1.4535234e-06 337
1740041333710 1.4389827e-06 338
1740041334480 1.4335735e-06 339
1740041335373 1.4614677e-06 340
1740041336160 1.450349e-06 341
1740041336939 1.4433298e-06 342
1740041337684 1.4559594e-06 343
1740041338431 1.4440502e-06 344
1740041339190 1.4542466e-06 345
1740041339945 1.4389499e-06 346
1740041340694 1.4519655e-06 347
1740041341441 1.4029276e-06 348
1740041342189 1.4746962e-06 349
1740041342940 1.4459156e-06 350
1740041343696 1.4179733e-06 351
1740041344450 1.4401072e-06 352
1740041345202 1.452411e-06 353
1740041345992 1.4313159e-06 354
1740041346742 1.4161019e-06 355
1740041347498 1.4459777e-06 356
1740041348250 1.4259432e-06 357
1740041349020 1.430605e-06 358
1740041349780 1.4268714e-06 359
1740041350550 1.4396879e-06 360
1740041351323 1.4154808e-06 361
1740041352080 1.4263587e-06 362
1740041353212 1.4506844e-06 363
1740041354868 1.4264039e-06 364
1740041356516 1.4464083e-06 365
1740041358162 1.4082955e-06 366
1740041359775 1.4275787e-06 367
1740041361437 1.4350721e-06 368
1740041363067 1.4243957e-06 369
1740041364700 1.3913566e-06 370
1740041366330 1.4356887e-06 371
1740041367965 1.4023085e-06 372
1740041369596 1.4204525e-06 373
1740041371240 1.3936228e-06 374
1740041372886 1.3941079e-06 375
1740041374516 1.4203946e-06 376
1740041376159 1.4185824e-06 377
1740041377794 1.4014441e-06 378
1740041379439 1.4271096e-06 379
1740041381064 1.3998022e-06 380
1740041382706 1.4549255e-06 381
1740041384330 1.4143052e-06 382
1740041385971 1.4010283e-06 383
1740041387595 1.3602391e-06 384
1740041389393 1.4357425e-06 385
1740041391029 1.392434e-06 386
