1740038716156 1.417067 0
1740038716898 1.3715966 1
1740038717532 1.3540769 2
1740038718162 1.3696659 3
1740038718792 1.351879 4
1740038719425 1.3141963 5
1740038720056 1.3060784 6
1740038720691 1.3187835 7
1740038721324 1.3336756 8
1740038721953 1.3489853 9
1740038722584 1.3695927 10
1740038723218 1.3763344 11
1740038723848 1.3537998 12
1740038724471 1.3193758 13
1740038725106 1.3248816 14
1740038725738 1.3330613 15
1740038726369 1.3294935 16
1740038727001 1.3421063 17
1740038727631 1.3532985 18
1740038728267 1.3621762 19
1740038728955 1.3829098 20
1740038729694 1.3725896 21
1740038730426 1.3597655 22
1740038731194 1.3619294 23
1740038731939 1.3328791 24
1740038732684 1.3625503 25
1740038733431 1.4142351 26
1740038734171 1.4920914 27
1740038734915 1.5183103 28
1740038735690 1.4999912 29
1740038736458 1.4630561 30
1740038737253 1.4099964 31
1740038738010 1.387177 32
1740038738793 1.3901663 33
1740038739554 1.4435228 34
1740038740319 1.4429904 35
1740038741092 1.4017522 36
1740038741860 1.354156 37
1740038742651 1.3530704 38
1740038743389 1.4005492 39
1740038744142 1.4302726 40
1740038744886 1.4464273 41
1740038745658 1.4156275 42
1740038747243 1.3868871 43
1740038748841 1.3686252 44
1740038750416 1.3611429 45
1740038752020 1.3582119 46
1740038753591 1.3882372 47
1740038755193 1.4160706 48
1740038756775 1.4342515 49
1740038758458 1.4574091 50
1740038760047 1.4983957 51
1740038761662 1.4578378 52
1740038762703 1.3956385 53
1740038763394 1.354161 54
1740038764074 1.3329324 55
1740038764753 1.3352101 56
1740038765414 1.3590591 57
1740038766091 1.4301108 58
1740038766766 1.4539573 59
1740038767569 1.4642749 60
1740038768561 1.5006299 61
1740038770153 1.4821384 62
1740038771749 1.4595237 63
1740038773346 1.4333332 64
1740038774927 1.4186962 65
1740038776531 1.4173127 66
1740038778128 1.4192297 67
1740038779732 1.4050347 68
1740038781309 1.3928705 69
1740038782912 1.3940661 70
1740038784684 1.4041994 71
1740038786294 1.3987738 72
1740038787956 1.4004827 73
1740038789038 1.4004614 74
1740038789708 1.4061928 75
1740038790374 1.4195983 76
1740038791038 1.4852889 77
1740038791709 1.525245 78
1740038792439 1.4883914 79
1740038793237 1.4402175 80
1740038794032 1.3974746 81
1740038794831 1.3670242 82
1740038795625 1.3515534 83
1740038796424 1.3509991 84
1740038797217 1.3643425 85
1740038798022 1.4049635 86
1740038798809 1.4420607 87
1740038799571 1.4558421 88
1740038800341 1.447829 89
1740038801129 1.4039624 90
1740038801897 1.3659763 91
1740038802670 1.33923 92
1740038803424 1.3500011 93
1740038804176 1.3926154 94
1740038804929 1.4508626 95
1740038805683 1.4551796 96
1740038806448 1.4615949 97
1740038807207 1.4776897 98
1740038807976 1.4959972 99
1740038808938 1.4877989 100
1740038809689 1.4695952 101
1740038810441 1.4861716 102
1740038811190 1.4707209 103
1740038811930 1.4288568 104
1740038812727 1.3978993 105
1740038813510 1.3691039 106
1740038814257 1.3687541 107
1740038815014 1.3747057 108
1740038815762 1.3776014 109
1740038816514 1.368838 110
1740038817262 1.3642128 111
1740038818032 1.3880262 112
1740038818778 1.4537399 113
1740038819558 1.4352543 114
1740038820311 1.3878686 115
1740038821066 1.3570994 116
1740038821832 1.3275303 117
1740038822576 1.3092822 118
1740038823312 1.3068616 119
1740038824061 1.3157842 120
1740038824802 1.3913081 121
1740038825553 1.4458082 122
1740038826296 1.4660525 123
1740038827045 1.4782962 124
1740038827789 1.4975896 125
1740038828535 1.4815423 126
1740038829277 1.4946324 127
1740038830021 1.4888543 128
1740038830757 1.4664754 129
1740038831503 1.4593046 130
1740038832246 1.4417429 131
1740038832982 1.4200274 132
1740038833728 1.4014223 133
1740038834479 1.3821781 134
1740038835226 1.3697653 135
1740038835987 1.3630123 136
1740038836729 1.3612478 137
1740038837467 1.3788164 138
1740038838209 1.3969228 139
1740038838951 1.422528 140
1740038839689 1.4755282 141
1740038840433 1.4805642 142
1740038841179 1.4501874 143
1740038841924 1.4153993 144
1740038842669 1.3863484 145
1740038843416 1.3774755 146
1740038844166 1.3783736 147
1740038844911 1.3895863 148
1740038845672 1.4121547 149
1740038846421 1.42099 150
1740038847166 1.4203691 151
1740038847912 1.3935547 152
1740038848662 1.3991569 153
1740038849409 1.4193316 154
1740038850146 1.4310253 155
1740038850893 1.4421079 156
1740038851632 1.4452376 157
1740038852382 1.435754 158
1740038853133 1.411384 159
1740038853875 1.3831158 160
1740038854626 1.3653262 161
1740038855370 1.3557336 162
1740038856114 1.3711879 163
1740038856854 1.3781972 164
1740038857594 1.4015781 165
1740038858341 1.4267938 166
1740038859081 1.4286706 167
1740038859828 1.4216647 168
1740038860571 1.4117048 169
1740038861317 1.3895665 170
1740038862066 1.3658848 171
1740038862828 1.3544579 172
1740038863600 1.3508811 173
1740038864362 1.3612752 174
1740038865124 1.3763664 175
1740038865886 1.3907945 176
1740038866639 1.4010975 177
1740038867382 1.4072385 178
1740038868156 1.4029188 179
1740038869052 1.4000278 180
1740038869818 1.4004347 181
1740038870607 1.4049273 182
1740038871386 1.4140298 183
1740038872155 1.399998 184
1740038872914 1.3810097 185
1740038873671 1.3663323 186
1740038874419 1.3545148 187
1740038875189 1.3481402 188
1740038875943 1.3517869 189
1740038876686 1.3522298 190
1740038877432 1.3612293 191
1740038878169 1.3821694 192
1740038878914 1.3935709 193
1740038879671 1.4111664 194
1740038880415 1.4122672 195
1740038881153 1.4159395 196
1740038881904 1.4143063 197
1740038882660 1.3981767 198
1740038883437 1.3702102 199
1740038884321 1.3447313 200
1740038885071 1.3228164 201
1740038885813 1.3049845 202
1740038886546 1.3013738 203
1740038887285 1.3177775 204
1740038888019 1.354759 205
1740038888755 1.3825877 206
1740038889519 1.4200926 207
1740038890294 1.4172376 208
1740038891049 1.4112365 209
1740038891812 1.4184549 210
1740038892557 1.4125243 211
1740038893308 1.4148645 212
1740038894061 1.4243598 213
1740038894811 1.4081237 214
1740038895561 1.3837287 215
1740038896312 1.3574535 216
1740038897059 1.3452222 217
1740038897806 1.3272071 218
1740038898573 1.3362011 219
1740038899355 1.3448188 220
1740038900124 1.4047229 221
1740038900875 1.4528742 222
1740038901629 1.4636061 223
1740038902384 1.4466231 224
1740038903135 1.4266415 225
1740038903901 1.3962584 226
1740038904682 1.370914 227
1740038905465 1.349458 228
1740038906236 1.3407068 229
1740038906997 1.324554 230
1740038907758 1.3140571 231
1740038908529 1.3044544 232
1740038909294 1.2901993 233
1740038910059 1.30568 234
1740038910819 1.3471265 235
1740038911587 1.3590574 236
1740038912343 1.3520571 237
1740038913099 1.4109888 238
1740038913898 1.4463472 239
1740038914673 1.4488358 240
1740038915429 1.4388244 241
1740038916174 1.4315779 242
1740038916935 1.4165932 243
1740038917689 1.411602 244
1740038918433 1.4078286 245
1740038919182 1.4097246 246
1740038919930 1.4010674 247
1740038920685 1.3809912 248
1740038921444 1.3677883 249
1740038922189 1.3720801 250
1740038922931 1.3860475 251
1740038923684 1.3745263 252
1740038924427 1.3685002 253
1740038925178 1.3674042 254
1740038925919 1.3726964 255
1740038926677 1.3774985 256
1740038927424 1.386625 257
1740038928181 1.3973825 258
1740038928938 1.4075487 259
1740038929697 1.3997724 260
1740038930447 1.3815365 261
1740038931194 1.3769565 262
1740038931962 1.3720826 263
1740038932724 1.3691114 264
1740038933473 1.371104 265
1740038934225 1.4028639 266
1740038934976 1.4340174 267
1740038935736 1.4483773 268
1740038936484 1.4426521 269
1740038937228 1.4281695 270
1740038937978 1.4085296 271
1740038938721 1.3865783 272
1740038939463 1.3668697 273
1740038940218 1.3602747 274
1740038940969 1.361737 275
1740038941731 1.3568106 276
1740038942493 1.3574255 277
1740038943243 1.3590436 278
1740038943998 1.3474985 279
1740038944753 1.3524424 280
1740038945498 1.3462312 281
1740038946253 1.3449479 282
1740038947001 1.3419591 283
1740038947751 1.403537 284
1740038948502 1.4066974 285
1740038949251 1.3821459 286
1740038950011 1.3798465 287
1740038950766 1.3886402 288
1740038951515 1.396426 289
1740038952276 1.3718038 290
1740038953022 1.3571181 291
1740038953774 1.3531003 292
1740038954534 1.3638728 293
1740038955288 1.3762321 294
1740038956039 1.3940585 295
1740038956803 1.4052088 296
1740038957556 1.4448726 297
1740038958302 1.4310443 298
1740038959049 1.4053571 299
1740038959892 1.3739936 300
1740038960642 1.342741 301
1740038961391 1.3042866 302
1740038962139 1.2765021 303
1740038962886 1.2296968 304
1740038963642 1.2001721 305
1740038964413 1.2009083 306
1740038965165 1.236789 307
1740038965925 1.3430042 308
1740038966681 1.4473805 309
1740038967432 1.5245477 310
1740038968182 1.514138 311
1740038968938 1.4792297 312
1740038969688 1.4448069 313
1740038970444 1.395628 314
1740038971191 1.3679671 315
1740038971940 1.3546417 316
1740038972704 1.3820091 317
1740038973461 1.4045691 318
1740038974242 1.3977218 319
1740038975036 1.3907053 320
1740038975826 1.3819077 321
1740038976597 1.3652084 322
1740038977381 1.3631039 323
1740038978165 1.3591485 324
1740038978946 1.3630726 325
1740038979719 1.3707063 326
1740038980483 1.3870314 327
1740038981239 1.4199383 328
1740038981988 1.4282875 329
1740038982731 1.4311571 330
1740038983473 1.4164574 331
1740038984220 1.4323357 332
1740038984967 1.438349 333
1740038985711 1.4442694 334
1740038986454 1.4542696 335
1740038987194 1.4436804 336
1740038987961 1.4181864 337
1740038988704 1.3867373 338
1740038989451 1.3561025 339
1740038990205 1.3313968 340
1740038990949 1.2931964 341
1740038991692 1.2803257 342
1740038992436 1.302856 343
1740038993185 1.3179314 344
1740038993935 1.3671467 345
1740038994694 1.4003743 346
1740038995448 1.440186 347
1740038996195 1.4329503 348
1740038996949 1.4310384 349
1740038997687 1.4231482 350
1740038998430 1.4291615 351
1740038999171 1.4060111 352
1740038999914 1.3778968 353
1740039000672 1.328174 354
1740039001416 1.2834655 355
1740039002161 1.2675383 356
1740039002906 1.2977868 357
1740039003651 1.3242829 358
1740039004393 1.3147501 359
1740039005145 1.3478413 360
1740039005889 1.3619552 361
1740039006636 1.368803 362
1740039007376 1.3791769 363
1740039008126 1.3977604 364
1740039008869 1.4025337 365
1740039009617 1.4120892 366
1740039010364 1.3959041 367
1740039011114 1.4022198 368
1740039011864 1.4054755 369
1740039012615 1.3936968 370
1740039013362 1.401578 371
1740039014114 1.4172795 372
1740039014857 1.4559517 373
1740039015608 1.4276284 374
1740039016348 1.394235 375
1740039017092 1.3384138 376
1740039017855 1.2940135 377
1740039018592 1.282711 378
1740039019339 1.2709107 379
1740039020080 1.2642832 380
1740039020824 1.2604012 381
1740039021572 1.2386621 382
1740039022311 1.2441494 383
1740039023057 1.2955692 384
1740039023804 1.3026216 385
1740039024556 1.285593 386
1740039025303 1.2946368 387
1740039026053 1.3032522 388
1740039026800 1.307289 389
1740039027545 1.331816 390
1740039028298 1.3294213 391
1740039029047 1.3485599 392
1740039029791 1.3330529 393
1740039030550 1.2797778 394
1740039031294 1.2479956 395
1740039032044 1.224547 396
1740039032785 1.239402 397
1740039033524 1.2792056 398
1740039034268 1.2999866 399
1740039035106 1.3044105 400
1740039035854 1.3079898 401
1740039036601 1.3082438 402
1740039037347 1.3650856 403
1740039038098 1.3231685 404
1740039038839 1.2699244 405
1740039039581 1.2703378 406
1740039040329 1.2675616 407
1740039041079 1.239682 408
1740039041825 1.2113695 409
1740039042569 1.2190578 410
1740039043313 1.186019 411
1740039044060 1.1801842 412
1740039044810 1.2149198 413
1740039045571 1.1781926 414
1740039046321 1.1618454 415
1740039047067 1.2494222 416
1740039047813 1.2591472 417
1740039048556 1.291549 418
1740039049300 1.3050307 419
1740039050048 1.3115793 420
1740039050809 1.3544527 421
1740039051575 1.388605 422
1740039052337 1.4443367 423
1740039053098 1.4581492 424
1740039053861 1.427757 425
1740039054609 1.401272 426
1740039055371 1.3690451 427
1740039056639 1.3576254 428
1740039058271 1.3035429 429
1740039059908 1.2716727 430
1740039061548 1.2211957 431
1740039063146 1.1802244 432
1740039064741 1.1290538 433
1740039066318 1.0959389 434
1740039067915 1.1033175 435
1740039069489 1.1277406 436
1740039071093 1.1238956 437
1740039072670 1.1394376 438
1740039074263 1.1745682 439
1740039075844 1.4282115 440
1740039077441 1.3682618 441
1740039079023 1.2692028 442
1740039080623 1.2598894 443
1740039082201 1.1991733 444
1740039083805 1.1794105 445
1740039085473 1.2094778 446
1740039087069 1.2163554 447
1740039088661 1.2091488 448
1740039090251 1.2043672 449
1740039091834 1.2005833 450
1740039093432 1.194134 451
1740039095002 1.1692324 452
1740039096604 1.1217837 453
1740039098197 1.1720703 454
1740039099778 1.2292538 455
1740039101375 1.3652709 456
1740039102955 1.5130048 457
1740039104550 1.5710235 458
1740039106123 1.5661664 459
1740039107723 1.4393218 460
1740039109304 1.3358576 461
1740039110896 1.2760538 462
1740039112472 1.3177319 463
1740039114062 1.3603723 464
1740039115632 1.4436102 465
1740039117232 1.4674317 466
1740039118800 1.4631354 467
1740039120396 1.4518417 468
1740039121975 1.3625542 469
1740039123569 1.2905176 470
1740039125143 1.2697737 471
1740039126800 1.2447019 472
1740039128377 1.2119634 473
1740039130003 1.1755646 474
1740039131621 1.1409299 475
1740039133258 1.1323199 476
1740039134843 1.1272035 477
1740039136424 1.1510777 478
1740039138002 1.1802306 479
1740039138732 1.2292851 480
1740039139382 1.2629716 481
1740039140021 1.3440394 482
1740039140668 1.5318238 483
1740039141311 1.4861134 484
1740039141949 1.3864522 485
1740039142592 1.3165318 486
1740039143231 1.2232431 487
1740039143870 1.1536126 488
1740039144514 1.1589456 489
1740039145147 1.1795295 490
1740039145868 1.1835928 491
1740039146615 1.2145897 492
1740039147358 1.2272222 493
1740039148099 1.3054321 494
1740039148844 1.3238226 495
1740039149590 1.2750807 496
1740039150332 1.2176342 497
1740039151082 1.2045903 498
1740039151821 1.1645443 499
1740039152676 1.104399 500
1740039153423 1.0955508 501
1740039154166 1.0898271 502
1740039154909 1.1791248 503
1740039155654 1.2691059 504
1740039156395 1.3397884 505
1740039157140 1.4205315 506
1740039157881 1.4528496 507
1740039158623 1.4374872 508
1740039159366 1.3593851 509
1740039160106 1.3229438 510
1740039160843 1.2576826 511
1740039161589 1.2092254 512
1740039162326 1.2572229 513
1740039163062 1.272047 514
1740039163803 1.2041776 515
1740039164554 1.1371357 516
1740039165287 1.109246 517
1740039166037 1.1134584 518
1740039166773 1.1477816 519
1740039167527 1.2048156 520
1740039168275 1.3269144 521
1740039169018 1.3748345 522
1740039169758 1.3423635 523
1740039170502 1.3507748 524
1740039171242 1.34139 525
1740039171980 1.3748479 526
1740039172717 1.397681 527
1740039173457 1.4072903 528
1740039174214 1.3867095 529
1740039174941 1.3721595 530
1740039175685 1.3741193 531
1740039176428 1.3281039 532
1740039177168 1.2969911 533
1740039177908 1.2765872 534
1740039178655 1.2124418 535
1740039179388 1.1502182 536
1740039180129 1.1394372 537
1740039180876 1.1669734 538
1740039181611 1.3083568 539
1740039182350 1.4964408 540
1740039183096 1.5670097 541
1740039183828 1.5267383 542
1740039184575 1.4612288 543
1740039185304 1.3854183 544
1740039186060 1.3067248 545
1740039186795 1.2544138 546
1740039187543 1.226634 547
1740039188296 1.177428 548
1740039189035 1.1653838 549
1740039189786 1.1593351 550
1740039190538 1.1961861 551
1740039191270 1.2368261 552
1740039192021 1.2881867 553
1740039192754 1.3188269 554
1740039193504 1.3401356 555
1740039194247 1.3354964 556
1740039194988 1.3126143 557
1740039195741 1.2844758 558
1740039196493 1.2320518 559
1740039197233 1.2231915 560
1740039197979 1.2804978 561
1740039198706 1.3737555 562
1740039199465 1.4446719 563
1740039200209 1.480892 564
1740039200961 1.5004292 565
1740039201713 1.4986901 566
1740039202442 1.4622291 567
1740039203186 1.4524636 568
1740039203921 1.3973029 569
1740039204638 1.3598375 570
1740039205387 1.3518672 571
1740039206120 1.3583555 572
1740039206855 1.3759987 573
1740039207588 1.3820779 574
1740039208334 1.382888 575
1740039209076 1.3766851 576
1740039209812 1.3839705 577
1740039210561 1.4146692 578
1740039211295 1.3967097 579
1740039212045 1.3643692 580
1740039212779 1.3372643 581
1740039213522 1.316638 582
1740039214253 1.3171542 583
1740039215011 1.3072159 584
1740039215738 1.3146741 585
1740039216472 1.345354 586
1740039217212 1.4220386 587
1740039217954 1.4199128 588
1740039218687 1.3824637 589
1740039219421 1.3452039 590
1740039220154 1.3359265 591
1740039220886 1.3408344 592
1740039221636 1.3423064 593
1740039222370 1.3629768 594
1740039223103 1.4006755 595
1740039223836 1.4442785 596
1740039224572 1.4836793 597
1740039225306 1.4604373 598
1740039226056 1.4228761 599
1740039226890 1.3663127 600
1740039227621 1.3265696 601
1740039228376 1.3232342 602
1740039229115 1.3139548 603
1740039229841 1.3527033 604
1740039230596 1.3766882 605
1740039231334 1.3652668 606
1740039232066 1.3382246 607
1740039232809 1.3227139 608
1740039233552 1.3034695 609
1740039234290 1.308465 610
1740039235029 1.3401556 611
1740039235762 1.358135 612
1740039236509 1.3652333 613
1740039237245 1.383653 614
1740039237990 1.3821452 615
1740039238728 1.3823433 616
1740039239476 1.3739438 617
1740039240211 1.3732327 618
1740039240945 1.3689196 619
1740039241693 1.3710713 620
1740039242426 1.378495 621
1740039243167 1.3768345 622
1740039243925 1.3802733 623
1740039244662 1.3730943 624
1740039245404 1.3785675 625
1740039246154 1.3782648 626
1740039246893 1.3872502 627
1740039247644 1.377825 628
1740039248386 1.3417149 629
1740039249124 1.3204508 630
1740039249870 1.2834892 631
1740039250607 1.2740712 632
1740039251344 1.2840655 633
1740039252104 1.3206472 634
1740039252840 1.3475502 635
1740039253579 1.3666508 636
1740039254326 1.3778107 637
1740039255069 1.3808146 638
1740039255812 1.4105067 639
1740039256556 1.4749097 640
1740039257300 1.5225549 641
1740039258038 1.5177772 642
1740039258771 1.512027 643
1740039259503 1.4818606 644
1740039260238 1.449234 645
1740039260971 1.4441106 646
1740039261704 1.4188554 647
1740039262461 1.4045863 648
1740039263210 1.387489 649
1740039263946 1.3754084 650
1740039264685 1.383579 651
1740039265418 1.4121168 652
1740039266151 1.4585246 653
1740039266893 1.4505 654
1740039267624 1.4400052 655
1740039268374 1.419002 656
1740039269111 1.3903424 657
1740039269854 1.3721873 658
1740039270603 1.3704295 659
1740039271342 1.4020735 660
1740039272089 1.4026439 661
1740039272838 1.4064124 662
1740039273587 1.4006948 663
1740039274354 1.3903233 664
1740039275120 1.3798063 665
1740039275877 1.3726914 666
1740039276623 1.3972077 667
1740039277385 1.3987764 668
1740039278138 1.4269902 669
1740039278872 1.4544938 670
1740039279624 1.4740639 671
1740039280342 1.4710267 672
1740039281080 1.4593679 673
1740039281813 1.4303412 674
1740039282553 1.4056911 675
1740039283289 1.3794138 676
1740039284020 1.3476338 677
1740039284755 1.3316678 678
1740039285487 1.3176726 679
1740039286225 1.3158958 680
1740039286971 1.318627 681
1740039287692 1.3348651 682
1740039288428 1.3557222 683
1740039289147 1.3937359 684
1740039289882 1.4079888 685
1740039290608 1.3942487 686
1740039291357 1.3557384 687
1740039292097 1.3214694 688
1740039292830 1.2994486 689
1740039294375 1.2985342 0
1740039295125 1.324438 1
1740039295869 1.3672693 2
1740039296603 1.3891251 3
1740039297352 1.3773937 4
1740039298087 1.3760912 5
1740039298834 1.3647413 6
1740039299583 1.3531901 7
1740039300325 1.3365251 8
1740039301063 1.3208126 9
1740039301904 1.3132865 10
1740039302637 1.3169811 11
1740039303370 1.345032 12
1740039304103 1.3542176 13
1740039304854 1.3541532 14
1740039305587 1.3422356 15
1740039306337 1.3305902 16
1740039307070 1.3288466 17
1740039307804 1.3118167 18
1740039308556 1.2975423 19
1740039309302 1.2789599 20
1740039310037 1.2711291 21
1740039310785 1.2971189 22
1740039311520 1.3255726 23
1740039312254 1.3818611 24
1740039312988 1.3792732 25
1740039313721 1.3325186 26
1740039314470 1.2856057 27
1740039315204 1.2488945 28
1740039315953 1.243195 29
1740039316671 1.2341787 30
1740039317420 1.2161229 31
1740039318153 1.1962757 32
1740039318902 1.2374343 33
1740039319638 1.3659015 34
1740039320371 1.4180224 35
1740039321120 1.4121342 36
1740039321853 1.400296 37
1740039322587 1.376081 38
1740039323320 1.3144994 39
1740039324054 1.2418919 40
1740039324786 1.1999667 41
1740039325537 1.1940761 42
1740039326286 1.2146857 43
1740039327036 1.2218726 44
1740039327770 1.2378955 45
1740039328504 1.2320509 46
1740039329238 1.2933745 47
1740039329985 1.3292513 48
1740039330708 1.3034663 49
1740039331468 1.2684491 50
1740039332204 1.3070846 51
1740039332952 1.3168962 52
1740039333679 1.2898567 53
1740039334421 1.2684764 54
1740039335171 1.2534432 55
1740039335904 1.2732553 56
1740039336638 1.2824152 57
1740039337379 1.2898211 58
1740039338104 1.2936268 59
1740039338838 1.2964573 60
1740039339578 1.280266 61
1740039340304 1.2702954 62
1740039341038 1.2394338 63
1740039341802 1.2195189 64
1740039342521 1.2222335 65
1740039343254 1.2494128 66
1740039344003 1.2531725 67
1740039344736 1.2579479 68
1740039345472 1.2483412 69
1740039346206 1.2569668 70
1740039346939 1.2588098 71
1740039347681 1.2606857 72
1740039348407 1.2258725 73
1740039349155 1.1600475 74
1740039349893 1.1203667 75
1740039350641 1.1008949 76
1740039351375 1.0754907 77
1740039352113 1.1062777 78
1740039352847 1.174086 79
1740039353578 1.2616618 80
1740039354318 1.286039 81
1740039355058 1.3055353 82
1740039355794 1.3138585 83
1740039356530 1.2697315 84
1740039357272 1.2250807 85
1740039358005 1.2118247 86
1740039358748 1.1972711 87
1740039359470 1.1681728 88
1740039360219 1.1673789 89
1740039360954 1.1504371 90
1740039361686 1.1432414 91
1740039362420 1.1262689 92
1740039363154 1.0803266 93
1740039363888 1.0870203 94
1740039364622 1.1622778 95
1740039365369 1.305303 96
1740039366103 1.4240534 97
1740039366837 1.5105289 98
1740039367570 1.2769724 99
1740039368303 1.2650952 100
1740039369037 1.2787622 101
1740039369775 1.3251863 102
1740039370534 1.4036701 103
1740039371280 1.4015896 104
1740039372024 1.4000103 105
1740039372770 1.3485745 106
1740039373537 1.262155 107
1740039374323 1.17555 108
1740039375109 1.169841 109
1740039375959 1.1705451 110
1740039376773 1.1729951 111
1740039377553 1.1588154 112
1740039378313 1.1706545 113
1740039379070 1.1777805 114
1740039379824 1.1366994 115
1740039380590 1.0756793 116
1740039381349 1.0332117 117
1740039382103 1.1517271 118
1740039382868 1.1948521 119
1740039383635 1.2707068 120
1740039384401 1.3732944 121
1740039385152 1.5544311 122
1740039385919 1.4776247 123
1740039386686 1.429107 124
1740039387435 1.3793504 125
1740039388202 1.3507242 126
1740039388956 1.398432 127
1740039389705 1.4201834 128
1740039390455 1.3864374 129
1740039391213 1.3018644 130
1740039391958 1.2179273 131
1740039392722 1.1516969 132
1740039393469 1.1518109 133
1740039394208 1.1922174 134
1740039394953 1.3059934 135
1740039395719 1.4203491 136
1740039396455 1.4498329 137
1740039397217 1.4649034 138
1740039397985 1.5382707 139
1740039398752 1.5963359 140
1740039399534 1.5708344 141
1740039400301 1.4657028 142
1740039401068 1.3572998 143
1740039401835 1.2662562 144
1740039402617 1.2192078 145
1740039403384 1.1914563 146
1740039404152 1.1726847 147
1740039404950 1.1906813 148
1740039405733 1.2141356 149
1740039406516 1.2436446 150
1740039407285 1.2824358 151
1740039408052 1.2887325 152
1740039408821 1.2889744 153
1740039409601 1.2635268 154
1740039410368 1.2558541 155
1740039411150 1.2244368 156
1740039411919 1.219742 157
1740039412702 1.2431033 158
1740039413484 1.2138287 159
1740039414266 1.1795564 160
1740039415034 1.1166544 161
1740039415819 1.085197 162
1740039416633 1.0556729 163
1740039417404 1.0630276 164
1740039418206 1.0828922 165
1740039418998 1.105336 166
1740039419754 1.1505401 167
1740039420519 1.206241 168
1740039421302 1.2660439 169
1740039422071 1.3470614 170
1740039422820 1.4305803 171
1740039423592 1.4012245 172
1740039424359 1.316963 173
1740039425114 1.2422204 174
1740039425886 1.2034203 175
1740039426652 1.1896551 176
1740039427419 1.1590023 177
1740039428201 1.1623335 178
1740039428984 1.1474712 179
1740039429742 1.1732056 180
1740039430489 1.207894 181
1740039431241 1.2211542 182
1740039432006 1.2344329 183
1740039432784 1.1981275 184
1740039433552 1.177896 185
1740039434318 1.1494927 186
1740039435086 1.1649228 187
1740039435851 1.1567987 188
1740039436617 1.1470513 189
1740039437385 1.2009692 190
1740039438137 1.310323 191
1740039438902 1.3565395 192
1740039439669 1.3362056 193
1740039440450 1.2780151 194
1740039441217 1.2450664 195
1740039442000 1.2874417 196
1740039442752 1.3699257 197
1740039443519 1.3474481 198
1740039444286 1.2767202 199
1740039445035 1.2055085 200
1740039445803 1.1770889 201
1740039446567 1.1372175 202
1740039447334 1.1187861 203
1740039448101 1.1121135 204
1740039448885 1.1668221 205
1740039449669 1.1961648 206
1740039450419 1.1721249 207
1740039451185 1.1692016 208
1740039451951 1.1708233 209
1740039452817 1.2233646 210
1740039453584 1.3010366 211
1740039454335 1.336483 212
1740039455102 1.3524232 213
1740039455867 1.3093824 214
1740039456634 1.22857 215
1740039457433 1.1875321 216
1740039458201 1.1737621 217
1740039458984 1.219998 218
1740039459768 1.2174855 219
1740039460534 1.2458191 220
1740039461301 1.2979987 221
1740039462083 1.3675075 222
1740039462867 1.3538536 223
1740039463635 1.3308504 224
1740039464417 1.3275564 225
1740039465186 1.3411787 226
1740039465969 1.3893615 227
1740039466706 1.3570551 228
1740039467485 1.3631736 229
1740039468252 1.3710024 230
1740039469002 1.3994355 231
1740039469738 1.3527781 232
1740039470518 1.3203906 233
1740039471268 1.2998356 234
1740039472037 1.2918756 235
1740039472785 1.2739818 236
1740039473535 1.2606132 237
1740039474301 1.2455336 238
1740039475084 1.2665088 239
1740039475851 1.252687 240
1740039476634 1.2476554 241
1740039477432 1.2342527 242
1740039478201 1.2272205 243
1740039478984 1.2552873 244
1740039479751 1.2734531 245
1740039480503 1.2981812 246
1740039481268 1.2677 247
1740039482035 1.2522073 248
1740039482775 1.2519352 249
1740039483548 1.2205093 250
1740039484310 1.1903979 251
1740039485079 1.1673955 252
1740039485846 1.1866021 253
1740039486596 1.172162 254
1740039487360 1.1801753 255
1740039488121 1.1712565 256
1740039488894 1.1881838 257
1740039489641 1.2192404 258
1740039490378 1.206347 259
1740039491142 1.1922374 260
1740039491909 1.2251203 261
1740039492658 1.2392163 262
1740039493437 1.2070056 263
1740039494184 1.2183747 264
1740039494928 1.2129383 265
1740039495674 1.2375064 266
1740039496424 1.2289186 267
1740039497183 1.147406 268
1740039497930 1.1748683 269
1740039498709 1.1743155 270
1740039499488 1.1825039 271
1740039500266 1.2400997 272
1740039501043 1.2644253 273
1740039501821 1.2542313 274
1740039502579 1.2390646 275
1740039503340 1.2840583 276
1740039504143 1.3011565 277
1740039504937 1.2668734 278
1740039505721 1.2331338 279
1740039506537 1.1761706 280
1740039507350 1.1545978 281
1740039508135 1.112627 282
1740039508921 1.0831429 283
1740039509718 1.1743665 284
1740039510505 1.2619779 285
1740039511300 1.2019413 286
1740039512083 1.0019374 287
1740039512899 0.93905574 288
1740039513653 1.0217758 289
1740039514420 1.0692277 290
1740039515202 1.0433148 291
1740039515967 1.1102971 292
1740039516750 1.1805925 293
1740039517534 1.2470074 294
1740039518285 1.302391 295
1740039519069 1.3129468 296
1740039519852 1.2286026 297
1740039520620 1.172008 298
1740039521386 1.1433213 299
1740039522169 1.2239546 300
1740039522934 1.3391851 301
1740039523716 1.4360535 302
1740039524532 1.3887645 303
1740039525301 1.2983477 304
1740039526037 1.2000678 305
1740039526786 1.0868518 306
1740039527540 1.0287452 307
1740039528294 0.99312484 308
1740039529052 0.9807019 309
1740039529906 1.0726162 310
1740039530747 1.1094108 311
1740039531519 1.1407129 312
1740039532269 1.1464226 313
1740039533035 1.1397672 314
1740039533801 1.1262475 315
1740039534567 1.1277286 316
1740039535319 1.224077 317
1740039536069 1.3185 318
1740039536835 1.3580735 319
1740039537601 1.3629352 320
1740039538352 1.3519042 321
1740039539103 1.2902417 322
1740039539868 1.2845232 323
1740039540634 1.2549806 324
1740039541386 1.2424169 325
1740039542152 1.1912477 326
1740039542920 1.1460633 327
1740039543668 1.1252246 328
1740039544419 1.1026928 329
1740039545186 1.1081164 330
1740039545936 1.125845 331
1740039546702 1.1897959 332
1740039547456 1.1922059 333
1740039548213 1.1524175 334
1740039548970 1.1676054 335
1740039549721 1.1283079 336
1740039550471 1.1391313 337
1740039551222 1.16822 338
1740039551979 1.1451766 339
1740039552731 1.1090202 340
1740039553471 1.091211 341
1740039554238 1.1516094 342
1740039554992 1.2127951 343
1740039555773 1.2155645 344
1740039556563 1.18696 345
1740039557321 1.109518 346
1740039558101 1.0636835 347
1740039558889 0.99553555 348
1740039559654 0.9649759 349
1740039560406 1.0012591 350
1740039561206 1.0658404 351
1740039562001 1.0957115 352
1740039562758 1.1241758 353
1740039563518 1.1282566 354
1740039564313 1.114568 355
1740039565103 1.0842963 356
1740039565874 1.0922605 357
1740039566635 1.100395 358
1740039567448 1.1081209 359
1740039568237 1.2189462 360
1740039569016 1.2997006 361
1740039569835 1.3229108 362
1740039570600 1.3288124 363
1740039571367 1.3073105 364
1740039572133 1.2484393 365
1740039572933 1.1887307 366
1740039573700 1.175386 367
1740039574499 1.1721102 368
1740039575298 1.1614465 369
1740039576068 1.161339 370
1740039576850 1.1705344 371
1740039577648 1.1807516 372
1740039578401 1.1593809 373
1740039579153 1.2063237 374
1740039579902 1.2060748 375
1740039580668 1.2440324 376
1740039581467 1.1818416 377
1740039582250 1.1540524 378
1740039583032 1.1665554 379
1740039583816 1.1505902 380
1740039584615 1.1263686 381
1740039585446 1.0902988 382
1740039586233 1.1459081 383
1740039587049 1.1535785 384
1740039587837 1.1550825 385
1740039588603 1.0788789 386
1740039589388 1.0626961 387
1740039590168 1.0490406 388
1740039590950 1.0215083 389
1740039591766 1.0490448 390
1740039592568 1.0982114 391
1740039593400 1.1823831 392
1740039594169 1.2074478 393
1740039594939 1.2213941 394
1740039595737 1.1980131 395
1740039596519 1.1706285 396
1740039597336 1.1487937 397
1740039598141 1.1069882 398
1740039598960 1.1055558 399
1740039599751 1.0890191 400
1740039600535 1.1137375 401
1740039601307 1.149123 402
1740039602105 1.1373585 403
1740039602872 1.1496868 404
1740039603652 1.112462 405
1740039604418 1.1033783 406
1740039605190 1.1309543 407
1740039605985 1.1573138 408
1740039606769 1.1331334 409
1740039607654 1.0886939 410
1740039608440 1.0068265 411
1740039609218 0.97941196 412
1740039609998 0.9926293 413
1740039610774 1.0186461 414
1740039611566 1.0654004 415
1740039612320 1.080306 416
1740039613099 1.1000915 417
1740039613870 1.1001241 418
1740039614652 1.113783 419
1740039615435 1.1567471 420
1740039616216 1.1310612 421
1740039616986 1.1609441 422
1740039617751 1.1275575 423
1740039618505 1.1637871 424
1740039619275 1.1117201 425
1740039620036 1.0772579 426
1740039620792 1.0514594 427
1740039621535 1.0566766 428
1740039622313 1.1003659 429
1740039623070 1.1243798 430
1740039623829 1.1896164 431
1740039624585 1.2251623 432
1740039625352 1.1730638 433
1740039626165 1.1379383 434
1740039626934 1.1584438 435
1740039627702 1.2083232 436
1740039628473 1.3290074 437
1740039629243 1.3631079 438
1740039630004 1.3117852 439
1740039630769 1.3440329 440
1740039631534 1.310632 441
1740039632306 1.3024788 442
1740039633070 1.266652 443
1740039633866 1.2999237 444
1740039634636 1.3425934 445
1740039635451 1.3874606 446
1740039636269 1.3927007 447
1740039637066 1.4585936 448
1740039637897 1.437953 449
1740039638717 1.3986862 450
1740039639516 1.3619732 451
1740039640331 1.3759186 452
1740039641129 1.403228 453
1740039641922 1.4151773 454
1740039642731 1.3982158 455
1740039643516 1.3813334 456
1740039644299 1.411662 457
1740039645082 1.4372101 458
1740039645866 1.4407487 459
1740039646668 1.457506 460
1740039647463 1.4733487 461
1740039648249 1.4737033 462
1740039649017 1.4626467 463
1740039649800 1.4283301 464
1740039650567 1.3965418 465
1740039651349 1.3661302 466
1740039652158 1.3788781 467
1740039652919 1.3802338 468
1740039653673 1.3925955 469
1740039654434 1.3973218 470
1740039655201 1.4241022 471
1740039656000 1.4183362 472
1740039656784 1.3882104 473
1740039657563 1.3686639 474
1740039658335 1.3465647 475
1740039659115 1.3061829 476
1740039659885 1.3029041 477
1740039660662 1.2928853 478
1740039661422 1.3699653 479
1740039662171 1.4038284 480
1740039662924 1.4698576 481
1740039663678 1.4988879 482
1740039664438 1.4709256 483
1740039665200 1.398979 484
1740039665952 1.3360924 485
1740039666704 1.292268 486
1740039667463 1.328098 487
1740039668215 1.3857418 488
1740039668957 1.3993113 489
1740039669723 1.3999139 490
1740039670493 1.3916626 491
1740039671246 1.3715515 492
1740039672009 1.3300524 493
1740039672764 1.3268644 494
1740039673523 1.3345249 495
1740039674272 1.358444 496
1740039675040 1.3688582 497
1740039675786 1.3779109 498
1740039676536 1.3970813 499
1740039677302 1.3857799 500
1740039678052 1.358747 501
1740039678802 1.3219337 502
1740039679552 1.2801988 503
1740039680318 1.2629945 504
1740039681080 1.2567198 505
1740039681826 1.2937673 506
1740039682579 1.3416243 507
1740039683340 1.3766483 508
1740039684086 1.3739796 509
1740039684952 1.3757877 510
1740039685703 1.4130518 511
1740039686452 1.4354472 512
1740039687218 1.4290309 513
1740039687968 1.3694006 514
1740039688736 1.353197 515
1740039689485 1.3359005 516
1740039690251 1.3163126 517
1740039691017 1.2959528 518
1740039691784 1.2833374 519
1740039692535 1.2816988 520
1740039693286 1.2901587 521
1740039694036 1.3031354 522
1740039694785 1.3510484 523
1740039695552 1.3552005 524
1740039696286 1.3431888 525
1740039697053 1.31529 526
1740039697821 1.2940457 527
1740039698572 1.2784817 528
1740039699325 1.2686801 529
1740039700087 1.2952504 530
1740039700840 1.3065698 531
1740039701587 1.3448727 532
1740039702342 1.376812 533
1740039703118 1.3845892 534
1740039703889 1.3922083 535
1740039704653 1.3893511 536
1740039705411 1.3806955 537
1740039706168 1.3323519 538
1740039706936 1.3106425 539
1740039707718 1.3054417 540
1740039708485 1.2835581 541
1740039709252 1.3184836 542
1740039710018 1.3354864 543
1740039710768 1.3384968 544
1740039711535 1.3472753 545
1740039712316 1.3334646 546
1740039713100 1.3384634 547
1740039713867 1.3472593 548
1740039714634 1.3395566 549
1740039715401 1.3153808 550
1740039716167 1.3165292 551
1740039716934 1.3136584 552
1740039717700 1.3118563 553
1740039718468 1.3251998 554
1740039719250 1.3301325 555
1740039720017 1.3095473 556
1740039720769 1.3305649 557
1740039721550 1.3015281 558
1740039722334 1.2870495 559
1740039723108 1.2878964 560
1740039723859 1.2943132 561
1740039724609 1.3135848 562
1740039725358 1.323643 563
1740039726109 1.3232619 564
1740039726883 1.3106797 565
1740039727667 1.3337681 566
1740039728466 1.3478892 567
1740039729250 1.3338284 568
1740039730034 1.3065988 569
1740039730816 1.2904451 570
1740039731584 1.2929354 571
1740039732368 1.296943 572
1740039733153 1.310212 573
1740039733924 1.3012164 574
1740039734703 1.2897695 575
1740039735489 1.2773759 576
1740039736253 1.279659 577
1740039737036 1.286109 578
1740039737813 1.3064427 579
1740039738569 1.2903187 580
1740039739322 1.2915497 581
1740039740085 1.2871418 582
1740039740850 1.2800212 583
1740039741634 1.291774 584
1740039742431 1.2980917 585
1740039743232 1.2992389 586
1740039744016 1.2897592 587
1740039744799 1.2766931 588
1740039745567 1.2845622 589
1740039746366 1.2769239 590
1740039747119 1.279887 591
1740039747900 1.3070574 592
1740039748684 1.3155532 593
1740039749450 1.279067 594
1740039750217 1.2856057 595
1740039750984 1.2686746 596
1740039751751 1.2893994 597
1740039752534 1.2921975 598
1740039753300 1.2803721 599
1740039754083 1.281018 600
1740039754835 1.2907275 601
1740039755617 1.2714562 602
1740039756384 1.2740653 603
1740039757147 1.2961247 604
1740039757925 1.286061 605
1740039758695 1.2562013 606
1740039759459 1.2618794 607
1740039760244 1.2621295 608
1740039761009 1.2623637 609
1740039761879 1.2715657 610
1740039762637 1.2697664 611
1740039763417 1.3241351 612
1740039764186 1.3633845 613
1740039764963 1.3757323 614
1740039765743 1.3203334 615
1740039766530 1.2764726 616
1740039767313 1.2804713 617
1740039768092 1.2954255 618
1740039768862 1.3322246 619
1740039769631 1.3298694 620
1740039770406 1.3165119 621
1740039771193 1.301039 622
1740039771970 1.2831075 623
1740039772807 1.2883699 624
1740039773640 1.2907741 625
1740039774500 1.3008777 626
1740039775291 1.309087 627
1740039776071 1.2990726 628
1740039776851 1.3189838 629
1740039777909 1.3195658 630
1740039779567 1.3054664 631
1740039781254 1.2985955 632
1740039782861 1.3049164 633
1740039784262 1.2942288 634
1740039784907 1.2930734 635
1740039785543 1.2966957 636
1740039786233 1.3160076 637
1740039786999 1.3446636 638
1740039787780 1.320996 639
1740039788544 1.3165166 640
1740039789311 1.2942312 641
1740039790106 1.2758243 642
1740039790856 1.2615464 643
1740039791672 1.2507634 644
1740039792487 1.2503879 645
1740039793272 1.2579122 646
1740039794047 1.2351999 647
1740039794811 1.2658839 648
1740039795564 1.2796633 649
1740039796310 1.2822344 650
1740039797057 1.2939755 651
1740039797808 1.2728914 652
1740039798573 1.2501802 653
1740039799330 1.2719245 654
1740039800074 1.2962811 655
1740039800827 1.2920278 656
1740039801569 1.2553031 657
1740039802321 1.2312195 658
1740039803075 1.3275657 659
1740039803828 1.3684447 660
1740039804597 1.3589758 661
1740039805361 1.3713205 662
1740039806133 1.3523191 663
1740039806886 1.260633 664
1740039807638 1.2573843 665
1740039808381 1.2871796 666
1740039809130 1.3203738 667
1740039809880 1.3161879 668
1740039810637 1.2955902 669
1740039811403 1.3069441 670
1740039812179 1.3191035 671
1740039812966 1.2878025 672
1740039813719 1.2833846 673
1740039814500 1.3152924 674
1740039815257 1.3662953 675
1740039816013 1.3490806 676
1740039816764 1.3406372 677
1740039817506 1.3173795 678
1740039818264 1.2903152 679
1740039819019 1.2964598 680
1740039819772 1.2655089 681
1740039820524 1.2923594 682
1740039821274 1.2954593 683
1740039822023 1.3273904 684
1740039822761 1.3257394 685
1740039823513 1.2843065 686
1740039824270 1.2272289 687
1740039825017 1.2389345 688
1740039825760 1.2577506 689
1740039827317 1.2994695 0
1740039828062 1.3089082 1
1740039828815 1.2796521 2
1740039829553 1.2900527 3
1740039830297 1.2806301 4
1740039831045 1.2809596 5
1740039831791 1.3168027 6
1740039832551 1.3107874 7
1740039833298 1.2770593 8
1740039834050 1.2601426 9
1740039834803 1.2338877 10
1740039835550 1.314116 11
1740039836302 1.3347584 12
1740039837051 1.3707745 13
1740039837816 1.3835549 14
1740039838563 1.432486 15
1740039839322 1.3280184 16
1740039840077 1.2706269 17
1740039840819 1.2586797 18
1740039841564 1.2934275 19
1740039842416 1.2916348 20
1740039843201 1.3052242 21
1740039843958 1.2899153 22
1740039844706 1.2682304 23
1740039845468 1.2507377 24
1740039846215 1.2488676 25
1740039846991 1.2768013 26
1740039847748 1.2643363 27
1740039848508 1.2771409 28
1740039849266 1.2896652 29
1740039850022 1.2903819 30
1740039850782 1.3073272 31
1740039851570 1.2938788 32
1740039852359 1.2557273 33
1740039853136 1.292481 34
1740039853910 1.3076993 35
1740039854698 1.3177607 36
1740039855457 1.3572187 37
1740039856219 1.3617167 38
1740039856978 1.3735378 39
1740039857747 1.3814641 40
1740039858541 1.3785502 41
1740039859323 1.3573496 42
1740039860105 1.3467696 43
1740039860871 1.2991645 44
1740039861628 1.2840981 45
1740039862407 1.2982914 46
1740039863192 1.3437252 47
1740039863989 1.3506807 48
1740039864769 1.4347786 49
1740039865558 1.5646868 50
1740039866350 1.5063643 51
1740039867138 1.3678422 52
1740039867920 1.1754222 53
1740039868695 1.1199802 54
1740039869479 1.0868958 55
1740039870222 1.0424914 56
1740039870968 0.99358076 57
1740039871729 1.0006204 58
1740039872483 1.1452532 59
1740039873234 1.350393 60
1740039873970 1.3573024 61
1740039874711 1.3291967 62
1740039875461 1.338959 63
1740039876209 1.3152113 64
1740039876952 1.3355272 65
1740039877691 1.3468597 66
1740039878439 1.3612306 67
1740039879192 1.3462965 68
1740039879943 1.3323076 69
1740039880690 1.3097743 70
1740039881437 1.2976363 71
1740039882182 1.3070576 72
1740039882925 1.3165736 73
1740039883670 1.3333077 74
1740039884415 1.3266482 75
1740039885152 1.2977166 76
1740039885880 1.2528133 77
1740039886608 1.280416 78
1740039887344 1.2917888 79
1740039888094 1.3414638 80
1740039888836 1.3647634 81
1740039889579 1.3656664 82
1740039890317 1.3520558 83
1740039891052 1.3271943 84
1740039891790 1.278942 85
1740039892530 1.2915132 86
1740039893276 1.2840041 87
1740039894030 1.2776542 88
1740039894776 1.2949831 89
1740039895526 1.3070171 90
1740039896269 1.3027167 91
1740039897018 1.2965317 92
1740039897765 1.3086871 93
1740039898511 1.3152602 94
1740039899257 1.2778425 95
1740039900016 1.2688904 96
1740039900763 1.2987516 97
1740039901507 1.305003 98
1740039902260 1.3086547 99
1740039903006 1.3167386 100
1740039903752 1.3181362 101
1740039904507 1.3523867 102
1740039905255 1.3719873 103
1740039906000 1.3471439 104
1740039906748 1.3285905 105
1740039907498 1.3346914 106
1740039908246 1.3471779 107
1740039908996 1.3416686 108
1740039909745 1.3120478 109
1740039910498 1.3352735 110
1740039911253 1.3347561 111
1740039912024 1.3218162 112
1740039912773 1.3254842 113
1740039913525 1.3207225 114
1740039914280 1.321058 115
1740039915036 1.317741 116
1740039915795 1.2968273 117
1740039916579 1.3063254 118
1740039917369 1.3109624 119
1740039918235 1.309102 120
1740039918992 1.3230455 121
1740039919747 1.3320365 122
1740039920500 1.3151721 123
1740039921319 1.2764075 124
1740039922077 1.2886894 125
1740039922831 1.3160671 126
1740039923573 1.3055332 127
1740039924338 1.272903 128
1740039925104 1.2781644 129
1740039925917 1.3028641 130
1740039926662 1.3325346 131
1740039927411 1.3507711 132
1740039928159 1.357035 133
1740039928899 1.3091494 134
1740039929653 1.3194811 135
1740039930396 1.3221459 136
1740039931141 1.3061986 137
1740039931880 1.2766385 138
1740039932622 1.2978032 139
1740039933377 1.2921193 140
1740039934137 1.3407745 141
1740039934888 1.328442 142
1740039935718 1.3155422 143
1740039936490 1.2628497 144
1740039937238 1.2487137 145
1740039937983 1.255132 146
1740039938732 1.2696822 147
1740039939480 1.266432 148
1740039940231 1.2832818 149
1740039940991 1.2511321 150
1740039941743 1.2554927 151
1740039942492 1.3032241 152
1740039943248 1.3208522 153
1740039944001 1.3169329 154
1740039944823 1.298549 155
1740039945678 1.2927955 156
1740039946424 1.2704686 157
1740039947167 1.297971 158
1740039947918 1.2883902 159
1740039948657 1.2729366 160
1740039949409 1.2493488 161
1740039950154 1.2471738 162
1740039950902 1.2256861 163
1740039951644 1.2246273 164
1740039952390 1.2247732 165
1740039953146 1.2355 166
1740039953898 1.2609603 167
1740039954648 1.2741871 168
1740039955401 1.2859164 169
1740039956163 1.3196003 170
1740039956911 1.2893491 171
1740039957668 1.3017831 172
1740039958413 1.321872 173
1740039959161 1.3000546 174
1740039959914 1.3059549 175
1740039960656 1.3103907 176
1740039961402 1.347935 177
1740039962156 1.3445857 178
1740039962906 1.3328841 179
1740039963645 1.3398652 180
1740039964383 1.3319476 181
1740039965122 1.3188572 182
1740039965856 1.3025938 183
1740039966602 1.2726523 184
1740039967349 1.2776934 185
1740039968093 1.2653763 186
1740039968832 1.2811642 187
1740039969573 1.2651916 188
1740039970339 1.2635736 189
1740039971087 1.2693535 190
1740039971841 1.2567973 191
1740039972590 1.257883 192
1740039973339 1.2797788 193
1740039974092 1.2757726 194
1740039974828 1.2866395 195
1740039975570 1.2897434 196
1740039976305 1.2873571 197
1740039977044 1.3120838 198
1740039977788 1.315835 199
1740039978525 1.3274455 200
1740039979261 1.3550637 201
1740039979997 1.3778229 202
1740039980730 1.3031747 203
1740039981472 1.2937288 204
1740039982216 1.2754824 205
1740039982979 1.2905679 206
1740039983732 1.3139472 207
1740039984478 1.3067538 208
1740039985237 1.3312849 209
1740039986025 1.3361497 210
1740039986754 1.3248618 211
1740039987503 1.3204732 212
1740039988258 1.3407142 213
1740039989003 1.2940111 214
1740039989759 1.2691832 215
1740039990515 1.303661 216
1740039991268 1.3728831 217
1740039992004 1.3799129 218
1740039992760 1.4192731 219
1740039993594 1.402525 220
1740039994340 1.356883 221
1740039995092 1.2731596 222
1740039995839 1.2664111 223
1740039996600 1.2905369 224
1740039997343 1.3209755 225
1740039998091 1.3433579 226
1740039998838 1.3429921 227
1740039999588 1.3730195 228
1740040000338 1.3831676 229
1740040001076 1.3761992 230
1740040001816 1.3442922 231
1740040002553 1.2851222 232
1740040003292 1.2677803 233
1740040004035 1.2688993 234
1740040004775 1.2491823 235
1740040005516 1.26474 236
1740040006255 1.2914777 237
1740040006993 1.2727947 238
1740040007742 1.262866 239
1740040008473 1.214673 240
1740040009224 1.211143 241
1740040009990 1.2949079 242
1740040010782 1.2857534 243
1740040011517 1.3130277 244
1740040012265 1.302861 245
1740040013004 1.2995691 246
1740040013750 1.2676604 247
1740040014488 1.2158947 248
1740040015234 1.2085314 249
1740040015972 1.2400256 250
1740040016716 1.2909982 251
1740040017458 1.3389933 252
1740040018203 1.3667392 253
1740040018947 1.318277 254
1740040019694 1.294488 255
1740040020441 1.2434618 256
1740040021187 1.1947033 257
1740040021930 1.1696703 258
1740040022677 1.2257651 259
1740040023422 1.2693157 260
1740040024168 1.3048755 261
1740040024925 1.2857016 262
1740040025678 1.2991842 263
1740040026429 1.3356538 264
1740040027171 1.2764928 265
1740040027920 1.2337867 266
1740040028668 1.2337556 267
1740040029418 1.2128417 268
1740040030159 1.2305722 269
1740040030902 1.2797177 270
1740040031647 1.2544442 271
1740040032389 1.2492454 272
1740040033129 1.2829227 273
1740040033872 1.248929 274
1740040034615 1.2633876 275
1740040035362 1.2526773 276
1740040036112 1.2794548 277
1740040036859 1.3432527 278
1740040037607 1.3564868 279
1740040038352 1.3458954 280
1740040039099 1.276133 281
1740040039846 1.2070682 282
1740040040585 1.1944073 283
1740040041333 1.2152692 284
1740040042080 1.2471251 285
1740040042833 1.26265 286
1740040043569 1.3356478 287
1740040044318 1.327393 288
1740040045058 1.3128743 289
1740040045802 1.3098431 290
1740040046547 1.2374249 291
1740040047293 1.1758868 292
1740040048041 1.1891105 293
1740040048786 1.2163401 294
1740040049534 1.2481844 295
1740040050285 1.3256192 296
1740040051026 1.3340402 297
1740040051762 1.2517083 298
1740040052493 1.2652644 299
1740040053251 1.2580417 300
1740040053992 1.286007 301
1740040054738 1.2874453 302
1740040055474 1.3021069 303
1740040056215 1.2851539 304
1740040056955 1.2736421 305
1740040057726 1.315163 306
1740040058469 1.2890375 307
1740040059210 1.3756425 308
1740040059948 1.3058162 309
1740040060683 1.2282913 310
1740040061413 1.24341 311
1740040062144 1.2145321 312
1740040062879 1.257463 313
1740040063614 1.2697573 314
1740040064350 1.1973051 315
1740040065090 1.1805261 316
1740040065828 1.1749163 317
1740040066565 1.2165439 318
1740040067308 1.2006005 319
1740040068133 1.2630119 320
1740040068872 1.230144 321
1740040069614 1.2330496 322
1740040070357 1.2127895 323
1740040071095 1.2055931 324
1740040071835 1.181004 325
1740040072575 1.1575922 326
1740040073311 1.2006297 327
1740040074058 1.230174 328
1740040074796 1.256069 329
1740040075538 1.2464565 330
1740040076272 1.3057587 331
1740040077023 1.2145877 332
1740040077759 1.1794547 333
1740040078499 1.1496022 334
1740040079236 1.201773 335
1740040079976 1.279288 336
1740040080717 1.2904928 337
1740040081459 1.290278 338
1740040082202 1.2297335 339
1740040082943 1.205596 340
1740040083685 1.3191316 341
1740040084422 1.3990993 342
1740040085159 1.3516335 343
1740040085896 1.3167391 344
1740040086636 1.2656186 345
1740040087391 1.2700601 346
1740040088130 1.2425541 347
1740040088868 1.2297571 348
1740040089613 1.2622373 349
1740040090362 1.2644991 350
1740040091106 1.2715471 351
1740040091852 1.3030772 352
1740040092586 1.3294938 353
1740040093333 1.3167118 354
1740040094070 1.2677729 355
1740040094808 1.2050312 356
1740040095555 1.24277 357
1740040096295 1.2839394 358
1740040097040 1.3394628 359
1740040097788 1.331706 360
1740040098529 1.3368119 361
1740040099265 1.3247443 362
1740040100010 1.2867326 363
1740040100748 1.223728 364
1740040101485 1.196492 365
1740040102217 1.1956141 366
1740040102963 1.2244761 367
1740040103704 1.2332106 368
1740040104443 1.2182131 369
1740040105181 1.2143488 370
1740040105933 1.2011924 371
1740040106669 1.1864705 372
1740040107413 1.2154272 373
1740040108149 1.2091163 374
1740040108888 1.2092898 375
1740040109625 1.1855783 376
1740040110362 1.2374246 377
1740040111102 1.2493927 378
1740040111843 1.2955589 379
1740040112582 1.2963355 380
1740040113320 1.2755935 381
1740040114066 1.2653123 382
1740040114802 1.214129 383
1740040115536 1.2340152 384
1740040116267 1.2496638 385
1740040117030 1.219311 386
1740040117775 1.2136115 387
1740040118522 1.2107614 388
1740040119269 1.2161994 389
1740040120012 1.217448 390
1740040120762 1.2077928 391
1740040121520 1.1868273 392
1740040122284 1.1976651 393
1740040123021 1.1707647 394
1740040123755 1.1749227 395
1740040124496 1.1893394 396
1740040125247 1.1932724 397
1740040125988 1.2049644 398
1740040126723 1.2161343 399
1740040127461 1.2665751 400
1740040128198 1.290985 401
1740040128927 1.2720356 402
1740040129661 1.2728202 403
1740040130393 1.243049 404
1740040131131 1.2499303 405
1740040131866 1.2283361 406
1740040132601 1.2156053 407
1740040133339 1.2409096 408
1740040134084 1.2336127 409
1740040134822 1.2147899 410
1740040135557 1.233774 411
1740040136296 1.2592814 412
1740040137025 1.2263978 413
1740040137768 1.2738373 414
1740040138509 1.2792716 415
1740040139249 1.2809834 416
1740040139995 1.2824719 417
1740040140733 1.2621278 418
1740040141471 1.2843051 419
1740040142304 1.2895463 420
1740040143045 1.2668707 421
1740040143784 1.2695684 422
1740040144522 1.3141718 423
1740040145258 1.3574696 424
1740040145998 1.3740349 425
1740040146732 1.3247682 426
1740040147535 1.3643711 427
1740040148391 1.3302987 428
1740040149210 1.2921422 429
1740040149984 1.2811997 430
1740040150720 1.2976445 431
1740040151471 1.3071098 432
1740040152209 1.3453879 433
1740040152948 1.32214 434
1740040153700 1.3774124 435
1740040154444 1.3344929 436
1740040155193 1.2866256 437
1740040155940 1.2625659 438
1740040156685 1.3017222 439
1740040157432 1.3118346 440
1740040158180 1.3042057 441
1740040158936 1.331038 442
1740040159686 1.2965999 443
1740040160434 1.3057525 444
1740040161181 1.3639214 445
1740040161934 1.321829 446
1740040162691 1.3430762 447
1740040163459 1.2839644 448
1740040164207 1.323307 449
1740040164946 1.3090775 450
1740040165699 1.3097724 451
1740040166448 1.2684824 452
1740040167205 1.3082047 453
1740040168472 1.3019133 454
1740040170077 1.2880163 455
1740040171641 1.3486855 456
1740040173231 1.350908 457
1740040174806 1.2889278 458
1740040176529 1.3374513 459
1740040178263 1.2666421 460
1740040179954 1.2439339 461
1740040180777 1.3286517 462
1740040181420 1.3145595 463
1740040182112 1.2989433 464
1740040182772 1.2903457 465
1740040183487 1.356775 466
1740040184243 1.3481228 467
1740040184997 1.3692737 468
1740040185755 1.4282596 469
1740040186527 1.5370724 470
1740040187287 1.6574664 471
1740040188032 1.5735723 472
1740040188782 1.483841 473
1740040189552 1.3948553 474
1740040190296 1.3378661 475
1740040191062 1.2594669 476
1740040191818 1.2741605 477
1740040192610 1.2861784 478
1740040193363 1.3211478 479
1740040194119 1.3739967 480
1740040194891 1.3777944 481
1740040195636 1.3775803 482
1740040196399 1.3899525 483
1740040197153 1.3685291 484
1740040197896 1.3692309 485
1740040198707 1.3638194 486
1740040199565 1.3807906 487
1740040200403 1.3659796 488
1740040201278 1.3702023 489
1740040202142 1.384298 490
1740040202996 1.4038062 491
1740040203858 1.4067438 492
1740040204690 1.406316 493
1740040205518 1.4150605 494
1740040206292 1.3707356 495
1740040207061 1.3698907 496
1740040207845 1.3557222 497
1740040208627 1.3365057 498
1740040209378 1.3508695 499
1740040210132 1.3666961 500
1740040210903 1.3909359 501
1740040211656 1.4196692 502
1740040212416 1.4021938 503
1740040213183 1.3370696 504
1740040213922 1.327343 505
1740040214672 1.2981762 506
1740040215426 1.3371868 507
1740040216184 1.3769345 508
1740040216943 1.3555126 509
1740040217724 1.3424678 510
1740040218540 1.3721886 511
1740040219303 1.3739388 512
1740040220056 1.3829173 513
1740040220812 1.3778417 514
1740040221570 1.3518665 515
1740040222323 1.3135729 516
1740040223067 1.3196962 517
1740040223812 1.3260467 518
1740040224553 1.3511008 519
1740040225420 1.3244212 520
1740040226166 1.3104978 521
1740040226916 1.2885475 522
1740040227680 1.2717359 523
1740040228427 1.271798 524
1740040229164 1.2825699 525
1740040229920 1.2559195 526
1740040230696 1.2682993 527
1740040231439 1.3120211 528
1740040232190 1.2948041 529
1740040232937 1.3000098 530
1740040233681 1.303548 531
1740040234435 1.3175206 532
1740040235182 1.3345449 533
1740040235922 1.3518026 534
1740040236679 1.3989869 535
1740040237417 1.3718 536
1740040238166 1.3302214 537
1740040239022 1.3109353 538
1740040239867 1.3052864 539
1740040240756 1.3566883 540
1740040241560 1.3918636 541
1740040242313 1.3803649 542
1740040243080 1.3543558 543
1740040243898 1.3466017 544
1740040244760 1.3691092 545
1740040245496 1.3835113 546
1740040246273 1.4021202 547
1740040247022 1.3809243 548
1740040247781 1.3365345 549
1740040248588 1.37112 550
1740040249381 1.499796 551
1740040250123 1.543329 552
1740040250881 1.4999907 553
1740040251662 1.4771974 554
1740040252425 1.4290547 555
1740040253188 1.4249394 556
1740040253942 1.3713924 557
1740040254695 1.3230629 558
1740040255445 1.2537422 559
1740040256694 1.2513772 560
1740040258268 1.2835348 561
1740040259854 1.2874583 562
1740040261426 1.3273723 563
1740040263012 1.348397 564
1740040264577 1.3616385 565
1740040266170 1.3566896 566
1740040267742 1.3560908 567
1740040269335 1.3950984 568
1740040270912 1.4011121 569
1740040272566 1.4253919 570
1740040274210 1.4226269 571
1740040275808 1.3848503 572
1740040277399 1.3794327 573
1740040278983 1.3707738 574
1740040280577 1.3572283 575
1740040282154 1.3691007 576
1740040283834 1.3838494 577
1740040285459 1.3732743 578
1740040287543 1.3783057 579
1740040288936 1.3431568 580
1740040289662 1.3450856 581
1740040290305 1.366683 582
1740040290976 1.3616061 583
1740040291611 1.3494065 584
1740040292246 1.3466027 585
1740040292885 1.325423 586
1740040293594 1.3210909 587
1740040294359 1.3154874 588
1740040295112 1.2998095 589
1740040295901 1.3141222 590
1740040296741 1.3290837 591
1740040297513 1.3248992 592
1740040298265 1.3052752 593
1740040299022 1.3217051 594
1740040299860 1.3343194 595
1740040300629 1.3240769 596
1740040301411 1.3193538 597
1740040302186 1.319576 598
1740040302934 1.3282604 599
1740040303685 1.3334377 600
1740040304427 1.3245974 601
1740040305171 1.3231666 602
1740040305941 1.3340354 603
1740040306694 1.334136 604
1740040307443 1.3353727 605
1740040308212 1.3409116 606
1740040308964 1.3109845 607
1740040309721 1.317095 608
1740040310486 1.31758 609
1740040311271 1.3113303 610
1740040312029 1.2982396 611
1740040312783 1.3011233 612
1740040313533 1.298382 613
1740040314298 1.3236543 614
1740040315157 1.3140192 615
1740040315912 1.2990596 616
1740040316730 1.3112422 617
1740040317597 1.295068 618
1740040318362 1.351519 619
1740040319198 1.3255589 620
1740040320082 1.3084192 621
1740040320866 1.3271983 622
1740040321602 1.2812511 623
1740040322349 1.2896628 624
1740040323095 1.2977647 625
1740040323849 1.324838 626
1740040324578 1.3424282 627
1740040325309 1.3662193 628
1740040326041 1.449726 629
1740040326779 1.4712492 630
1740040327514 1.4715102 631
1740040328255 1.428183 632
1740040328999 1.4068488 633
1740040329744 1.3610833 634
1740040330491 1.3085563 635
1740040331229 1.2670519 636
1740040331982 1.2738307 637
1740040332730 1.290226 638
1740040333487 1.3297653 639
1740040334237 1.3741304 640
1740040334970 1.3833623 641
1740040335717 1.3868773 642
1740040336457 1.4154347 643
1740040337207 1.4201765 644
1740040337952 1.4202275 645
1740040338714 1.41593 646
1740040339459 1.3928498 647
1740040340206 1.377579 648
1740040340950 1.3600092 649
1740040341694 1.3719938 650
1740040342444 1.361566 651
1740040343190 1.3725405 652
1740040343946 1.3984416 653
1740040344704 1.397443 654
1740040345451 1.41577 655
1740040346231 1.3988873 656
1740040346987 1.3592129 657
1740040347723 1.3688507 658
1740040348494 1.4037873 659
1740040349267 1.388348 660
1740040350018 1.363865 661
1740040350771 1.3427858 662
1740040351519 1.3215673 663
1740040352261 1.3223696 664
1740040353020 1.3453124 665
1740040353798 1.3743026 666
1740040354553 1.3424013 667
1740040355299 1.3418669 668
1740040356046 1.332566 669
1740040356803 1.3059402 670
1740040357552 1.3203669 671
1740040358646 1.3145648 672
1740040360241 1.3362095 673
1740040361824 1.3365467 674
1740040363424 1.3066325 675
1740040365015 1.3220943 676
1740040366609 1.3586104 677
1740040368189 1.3324609 678
1740040369794 1.3180816 679
1740040371374 1.2956487 680
1740040373076 1.2842933 681
1740040374698 1.2961798 682
1740040376323 1.3242232 683
1740040377157 1.3398862 684
1740040377810 1.3119757 685
1740040378456 1.3077664 686
1740040379105 1.3152707 687
1740040379746 1.3307459 688
1740040380396 1.3268571 689
1740040381905 1.3091418 0
1740040382616 1.3322369 1
1740040383381 1.296345 2
1740040384115 1.2918091 3
1740040384864 1.2741652 4
1740040385606 1.2879848 5
1740040386367 1.421999 6
1740040387119 1.4909589 7
1740040387881 1.5094874 8
1740040388634 1.4953426 9
1740040389415 1.4016197 10
1740040390231 1.3660624 11
1740040390996 1.3596677 12
1740040391755 1.3470075 13
1740040392505 1.3430886 14
1740040393254 1.3707483 15
1740040394000 1.365449 16
1740040394748 1.3721375 17
1740040395496 1.3639729 18
1740040396322 1.3976625 19
1740040397130 1.3746388 20
1740040397991 1.3756638 21
1740040398881 1.3549856 22
1740040399637 1.3378484 23
1740040400403 1.34757 24
1740040401187 1.3699455 25
1740040401941 1.3685765 26
1740040402701 1.3719771 27
1740040403469 1.3353667 28
1740040404251 1.3239757 29
1740040405095 1.3052502 30
1740040406090 1.3390406 31
1740040407688 1.3910812 32
1740040409426 1.4402281 33
1740040411259 1.4539744 34
1740040412949 1.3857629 35
1740040413669 1.3773935 36
1740040414316 1.3357937 37
1740040414961 1.3212085 38
1740040415711 1.3422465 39
1740040416456 1.3627517 40
1740040417204 1.385935 41
1740040417956 1.3841789 42
1740040418706 1.333605 43
1740040419480 1.3422729 44
1740040420244 1.3541639 45
1740040420992 1.3658488 46
1740040421732 1.3301147 47
1740040422473 1.3006465 48
1740040423220 1.3137481 49
1740040423965 1.3141446 50
1740040424707 1.3284869 51
1740040425504 1.3109872 52
1740040426279 1.307892 53
1740040427096 1.2802181 54
1740040427893 1.2818501 55
1740040428676 1.2798095 56
1740040429442 1.3001792 57
1740040430175 1.2717106 58
1740040430911 1.3419172 59
1740040431651 1.3445528 60
1740040432405 1.3399502 61
1740040433145 1.3054967 62
1740040433951 1.280515 63
1740040434711 1.290434 64
1740040435441 1.3055788 65
1740040436188 1.3040808 66
1740040436911 1.3611728 67
1740040437647 1.4072597 68
1740040438382 1.4994593 69
1740040439131 1.4844183 70
1740040439881 1.5143731 71
1740040440621 1.4183908 72
1740040441381 1.351551 73
1740040442181 1.3259758 74
1740040442925 1.3270248 75
1740040443665 1.329505 76
1740040444417 1.3389366 77
1740040445150 1.3005145 78
1740040445875 1.3277493 79
1740040446619 1.339765 80
1740040447347 1.3586297 81
1740040448077 1.3644676 82
1740040448814 1.3825825 83
1740040449566 1.3850641 84
1740040450301 1.3686147 85
1740040451037 1.3653464 86
1740040451793 1.3586941 87
1740040452550 1.3621562 88
1740040453293 1.3599012 89
1740040454035 1.3815519 90
1740040454880 1.3854504 91
1740040455635 1.3789831 92
1740040456393 1.3634338 93
1740040457142 1.3476393 94
1740040457896 1.3370075 95
1740040458661 1.3736703 96
1740040459407 1.3796487 97
1740040460171 1.3145647 98
1740040460924 1.3077738 99
1740040461682 1.3299013 100
1740040462406 1.3315485 101
1740040463143 1.3217812 102
1740040463901 1.3323894 103
1740040464657 1.3134469 104
1740040465410 1.2980764 105
1740040466159 1.291815 106
1740040466914 1.2763166 107
1740040467692 1.2578528 108
1740040468434 1.2812994 109
1740040469251 1.3380218 110
1740040470072 1.3046536 111
1740040470901 1.3108515 112
1740040471650 1.3244061 113
1740040472465 1.3367115 114
1740040473216 1.3938453 115
1740040473967 1.4090376 116
1740040474727 1.3935041 117
1740040475521 1.3438336 118
1740040476266 1.3301473 119
1740040477011 1.3450917 120
1740040477759 1.3970375 121
1740040478562 1.4181094 122
1740040479321 1.4207066 123
1740040480142 1.4007041 124
1740040480921 1.3946964 125
1740040481705 1.3647416 126
1740040482480 1.3782251 127
1740040483250 1.3634263 128
1740040484021 1.3535591 129
1740040484882 1.3539542 130
1740040485634 1.347173 131
1740040486399 1.3417568 132
1740040487161 1.3293369 133
1740040487934 1.3376222 134
1740040488705 1.326822 135
1740040489494 1.3301585 136
1740040490255 1.3419685 137
1740040491002 1.3458793 138
1740040491766 1.3586643 139
1740040492524 1.3461013 140
1740040493274 1.3652432 141
1740040494031 1.3713253 142
1740040494786 1.3382231 143
1740040495531 1.3260362 144
1740040496271 1.3199778 145
1740040497026 1.3321326 146
1740040497813 1.3987329 147
1740040498575 1.421488 148
1740040499401 1.485272 149
1740040500211 1.4363033 150
1740040501009 1.3444955 151
1740040501793 1.3218741 152
1740040503246 1.316469 153
1740040504850 1.3531551 154
1740040506427 1.3366542 155
1740040508034 1.328737 156
1740040509627 1.3537884 157
1740040511232 1.3770447 158
1740040512815 1.3688364 159
1740040514415 1.3383086 160
1740040516020 1.337799 161
1740040517638 1.3259861 162
1740040519234 1.362749 163
1740040520849 1.3410965 164
1740040522439 1.325268 165
1740040524060 1.3248322 166
1740040525655 1.3677588 167
1740040527295 1.345258 168
1740040528909 1.3172517 169
1740040530501 1.3004124 170
1740040532112 1.321301 171
1740040533704 1.3420897 172
1740040535309 1.3302367 173
1740040536902 1.3463407 174
1740040538500 1.335383 175
1740040540076 1.336237 176
1740040541663 1.3279061 177
1740040543324 1.3442693 178
1740040544922 1.3802 179
1740040546492 1.3960625 180
1740040548081 1.4176157 181
1740040549655 1.4078795 182
1740040551248 1.3729762 183
1740040552823 1.331883 184
1740040554418 1.3311517 185
1740040556016 1.3127835 186
1740040557633 1.3226368 187
1740040559208 1.3387911 188
1740040560807 1.3391014 189
1740040562390 1.3395438 190
1740040564006 1.3426275 191
1740040565588 1.3202798 192
1740040567187 1.3577542 193
1740040568761 1.3675584 194
1740040570355 1.3867106 195
1740040571945 1.3663237 196
1740040573550 1.3376713 197
1740040575150 1.3210638 198
1740040576747 1.3217385 199
1740040578358 1.3460798 200
1740040579957 1.3311515 201
1740040581563 1.3526334 202
1740040583151 1.3589919 203
1740040584766 1.3841895 204
1740040586334 1.3873798 205
1740040587934 1.337786 206
1740040589535 1.3365138 207
1740040591134 1.3826033 208
1740040592714 1.3623433 209
1740040594321 1.3892658 210
1740040595912 1.383183 211
1740040597511 1.3719561 212
1740040599103 1.3829885 213
1740040600719 1.3994675 214
1740040602312 1.368473 215
1740040603912 1.3445776 216
1740040605498 1.3474331 217
1740040607092 1.3485893 218
1740040608676 1.34999 219
1740040610277 1.347291 220
1740040611874 1.323574 221
1740040613468 1.3479264 222
1740040615261 1.3588172 223
1740040616951 1.3734838 224
1740040618714 1.3849849 225
1740040619619 1.3791875 226
1740040620261 1.3627367 227
1740040620897 1.3787104 228
1740040621540 1.3561162 229
1740040622255 1.3738447 230
1740040622888 1.358054 231
1740040623522 1.3511261 232
1740040624156 1.3701544 233
1740040624817 1.3845447 234
1740040625612 1.3825753 235
1740040626369 1.3652765 236
1740040627126 1.3562298 237
1740040627883 1.3617718 238
1740040628634 1.358763 239
1740040629419 1.3403293 240
1740040630174 1.3205702 241
1740040630947 1.3240113 242
1740040631712 1.3310008 243
1740040632461 1.3487717 244
1740040633271 1.3265469 245
1740040634076 1.3412968 246
1740040634811 1.356657 247
1740040635552 1.3525059 248
1740040636336 1.4127575 249
1740040637091 1.4013927 250
1740040637880 1.3624905 251
1740040638650 1.3547218 252
1740040639406 1.3589455 253
1740040640158 1.3613453 254
1740040640905 1.3334942 255
1740040641651 1.3210373 256
1740040642401 1.3143394 257
1740040643173 1.3440661 258
1740040643934 1.3588684 259
1740040644684 1.3325409 260
1740040645424 1.3712296 261
1740040646200 1.326016 262
1740040646942 1.328784 263
1740040647690 1.3447301 264
1740040648433 1.3274386 265
1740040649190 1.3452638 266
1740040649948 1.3565619 267
1740040650716 1.3544245 268
1740040651493 1.3485718 269
1740040652246 1.3312695 270
1740040652999 1.3320093 271
1740040653842 1.3762403 272
1740040654720 1.4242437 273
1740040655501 1.4263456 274
1740040656276 1.3731909 275
1740040657028 1.341165 276
1740040657778 1.3320318 277
1740040658523 1.3390238 278
1740040659276 1.3447878 279
1740040660014 1.3268838 280
1740040661006 1.3326987 281
1740040662588 1.3222486 282
1740040664182 1.3382605 283
1740040665765 1.3508903 284
1740040667364 1.378606 285
1740040668947 1.3538017 286
1740040670541 1.3435063 287
1740040672118 1.3295022 288
1740040673706 1.362526 289
1740040675281 1.3561329 290
1740040676869 1.3643875 291
1740040678519 1.3479652 292
1740040680134 1.3472342 293
1740040681753 1.3760483 294
1740040682858 1.3642569 295
1740040683501 1.3319436 296
1740040684144 1.3249128 297
1740040684778 1.3422054 298
1740040685417 1.3241317 299
1740040686061 1.3396642 300
1740040686718 1.3658094 301
1740040687367 1.3198665 302
1740040688118 1.3422205 303
1740040688887 1.3454652 304
1740040689654 1.3674613 305
1740040690436 1.3518848 306
1740040691197 1.3498023 307
1740040691966 1.3488848 308
1740040692745 1.3285997 309
1740040693552 1.3232307 310
1740040694339 1.3274381 311
1740040695115 1.3370779 312
1740040695885 1.3481297 313
1740040696665 1.3428872 314
1740040697451 1.3397347 315
1740040698219 1.3479121 316
1740040698966 1.3454368 317
1740040699713 1.3119173 318
1740040700506 1.3176343 319
1740040701271 1.3126438 320
1740040702021 1.3379661 321
1740040702782 1.3504937 322
1740040703566 1.3536565 323
1740040704331 1.3549405 324
1740040705468 1.343611 325
1740040707059 1.3227682 326
1740040708654 1.3204908 327
1740040710252 1.3233945 328
1740040711839 1.3420004 329
1740040713724 1.3324339 330
1740040715326 1.3557091 331
1740040716933 1.3846498 332
1740040718507 1.3556921 333
1740040720109 1.3409901 334
1740040721684 1.3283141 335
1740040723284 1.3496399 336
1740040724865 1.343019 337
1740040726470 1.35919 338
1740040728058 1.3561807 339
1740040729664 1.4006202 340
1740040731246 1.4072456 341
1740040732848 1.3516346 342
1740040734435 1.3297065 343
1740040736042 1.3345413 344
1740040737634 1.3117701 345
1740040739237 1.3472286 346
1740040740823 1.345541 347
1740040742422 1.3479278 348
1740040744030 1.338546 349
1740040745618 1.3530636 350
1740040747212 1.347269 351
1740040748799 1.3461386 352
1740040750410 1.3574939 353
1740040751991 1.364568 354
1740040753588 1.3619714 355
1740040755171 1.3911858 356
1740040756781 1.3838696 357
1740040758371 1.3824478 358
1740040759985 1.3725239 359
1740040761561 1.3545836 360
1740040763177 1.3423038 361
1740040764754 1.3233541 362
1740040766364 1.3129499 363
1740040767953 1.3383586 364
1740040769778 1.3603083 365
1740040771402 1.3622489 366
1740040773079 1.3319376 367
1740040774681 1.3397083 368
1740040776387 1.3392954 369
1740040778953 1.3505932 370
1740040780590 1.3487599 371
1740040781231 1.3243333 372
1740040781862 1.3202801 373
1740040782504 1.3085527 374
1740040783156 1.3302784 375
1740040783821 1.3403404 376
1740040784453 1.3469586 377
1740040785097 1.3709192 378
1740040785722 1.360436 379
1740040786475 1.3232116 380
1740040787225 1.3411893 381
1740040788122 1.3353312 382
1740040788992 1.3422285 383
1740040789761 1.3328097 384
1740040790534 1.3396695 385
1740040791334 1.3269589 386
1740040792096 1.3589787 387
1740040792852 1.3810152 388
1740040793631 1.3687658 389
1740040794390 1.3425391 390
1740040795160 1.3307679 391
1740040795897 1.3149631 392
1740040796625 1.313878 393
1740040797376 1.3273883 394
1740040798128 1.3199835 395
1740040798911 1.3551986 396
1740040799657 1.353699 397
1740040800395 1.3138478 398
1740040801146 1.3055023 399
1740040801895 1.3277875 400
1740040802641 1.3505596 401
1740040803421 1.3509405 402
1740040804171 1.3381656 403
1740040804918 1.3368077 404
1740040805674 1.3197505 405
1740040806425 1.3390222 406
1740040807171 1.3674258 407
1740040808150 1.3565681 408
1740040809765 1.3588009 409
1740040811344 1.3809114 410
1740040812941 1.3701174 411
1740040814522 1.3521525 412
1740040816117 1.3409779 413
1740040817691 1.3201532 414
1740040819294 1.3057806 415
1740040820871 1.3316609 416
1740040822587 1.296788 417
1740040824188 1.3331559 418
1740040825777 1.3013842 419
1740040827403 1.296041 420
1740040828979 1.2884729 421
1740040830577 1.314756 422
1740040832149 1.3424896 423
1740040833751 1.3123685 424
1740040835329 1.3428332 425
1740040836925 1.3023698 426
1740040838493 1.3001449 427
1740040840089 1.3258642 428
1740040841655 1.3311895 429
1740040843520 1.3640947 430
1740040845093 1.3910003 431
1740040846696 1.4224387 432
1740040848266 1.3982141 433
1740040849858 1.3594961 434
1740040851441 1.3366398 435
1740040853043 1.302778 436
1740040854628 1.3097516 437
1740040856251 1.3200587 438
1740040857867 1.3303236 439
1740040859465 1.354435 440
1740040861078 1.3272164 441
1740040862675 1.3114638 442
1740040864290 1.3209959 443
1740040865869 1.3308479 444
1740040867466 1.354567 445
1740040869055 1.3288467 446
1740040870696 1.3417462 447
1740040872357 1.3058228 448
1740040874446 1.309992 449
1740040875701 1.334067 450
1740040876410 1.3680074 451
1740040877103 1.3352293 452
1740040877770 1.3493891 453
1740040878418 1.33837 454
1740040879062 1.3580626 455
1740040879712 1.3364573 456
1740040880356 1.3170252 457
1740040881003 1.3237269 458
1740040881712 1.3393675 459
1740040883366 1.3317899 460
1740040884972 1.2957268 461
1740040886589 1.3283743 462
1740040887380 1.3418422 463
1740040888021 1.34863 464
1740040888704 1.338187 465
1740040889468 1.3534768 466
1740040890216 1.3254526 467
1740040890976 1.3971913 468
1740040891725 1.3784369 469
1740040892474 1.3834167 470
1740040893222 1.3399749 471
1740040893983 1.3331704 472
1740040894738 1.3350883 473
1740040895483 1.3350644 474
1740040896232 1.3436016 475
1740040896974 1.367734 476
1740040897733 1.3977565 477
1740040898474 1.3586307 478
1740040899256 1.3179405 479
1740040900013 1.3254833 480
1740040900774 1.3560063 481
1740040901528 1.3702532 482
1740040902289 1.3668642 483
1740040903078 1.3317161 484
1740040903840 1.3059754 485
1740040904601 1.2752203 486
1740040905387 1.3051131 487
1740040906141 1.3262342 488
1740040906901 1.3758335 489
1740040907656 1.3791753 490
1740040908420 1.3717346 491
1740040909168 1.3353372 492
1740040909980 1.342624 493
1740040910745 1.3236394 494
1740040911504 1.3326066 495
1740040912284 1.3228145 496
1740040913040 1.3308922 497
1740040913864 1.3338001 498
1740040914616 1.3608878 499
1740040915359 1.3653947 500
1740040916107 1.3075273 501
1740040916857 1.2973623 502
1740040917615 1.3126333 503
1740040918351 1.3499728 504
1740040919091 1.331142 505
1740040919832 1.3276577 506
1740040920589 1.3129174 507
1740040921385 1.3233552 508
1740040922142 1.3278985 509
1740040922895 1.3156123 510
1740040923680 1.3413416 511
1740040924442 1.325769 512
1740040925220 1.3192033 513
1740040925994 1.311599 514
1740040926752 1.3269631 515
1740040927499 1.3343868 516
1740040928243 1.3553758 517
1740040928986 1.3212874 518
1740040929729 1.3205867 519
1740040930487 1.3391719 520
1740040931243 1.3350353 521
1740040931990 1.3289671 522
1740040932741 1.3268445 523
1740040933488 1.3452382 524
1740040934247 1.3498218 525
1740040935009 1.3421032 526
1740040935752 1.3291595 527
1740040936506 1.3000405 528
1740040937274 1.3079989 529
1740040938115 1.3003528 530
1740040938854 1.3149819 531
1740040939589 1.3077757 532
1740040940354 1.2841012 533
1740040941100 1.2821102 534
1740040941854 1.3115084 535
1740040942601 1.2971628 536
1740040943350 1.3353736 537
1740040944090 1.3347256 538
1740040944820 1.333936 539
1740040945560 1.3107724 540
1740040946300 1.3139569 541
1740040947043 1.3051537 542
1740040947788 1.3003476 543
1740040948531 1.3177838 544
1740040949273 1.3329282 545
1740040950044 1.337214 546
1740040950815 1.344782 547
1740040951607 1.3348068 548
1740040952370 1.3563528 549
1740040953125 1.4013448 550
1740040953883 1.4173472 551
1740040954630 1.3907044 552
1740040955383 1.3588301 553
1740040956151 1.3266902 554
1740040956890 1.2972243 555
1740040957630 1.3182113 556
1740040958365 1.2826813 557
1740040959105 1.3040675 558
1740040959842 1.3357215 559
1740040960573 1.2983937 560
1740040961310 1.3297496 561
1740040962055 1.3177075 562
1740040962790 1.33098 563
1740040963541 1.3372955 564
1740040964290 1.3247459 565
1740040965050 1.3394372 566
1740040965810 1.3416858 567
1740040966573 1.3279414 568
1740040967314 1.3220112 569
1740040968064 1.3304497 570
1740040968807 1.2911959 571
1740040970031 1.3041186 572
1740040971624 1.3427949 573
1740040973197 1.4119241 574
1740040974782 1.441998 575
1740040976356 1.3948205 576
1740040977945 1.354734 577
1740040979509 1.2860669 578
1740040981109 1.3003113 579
1740040982797 1.2820309 580
1740040984453 1.295794 581
1740040986051 1.3158143 582
1740040987310 1.3196046 583
1740040987968 1.3568375 584
1740040988611 1.3459454 585
1740040989250 1.3362632 586
1740040989893 1.3281382 587
1740040990552 1.3255055 588
1740040991184 1.3106207 589
1740040991899 1.335012 590
1740040992645 1.3286446 591
1740040993401 1.3086855 592
1740040994148 1.3440435 593
1740040994893 1.343637 594
1740040996121 1.322651 595
1740040997698 1.3309073 596
1740040999291 1.3446708 597
1740041000863 1.3298855 598
1740041002466 1.347362 599
1740041004056 1.3453659 600
1740041005655 1.3382254 601
1740041007239 1.3814855 602
1740041008841 1.3590721 603
1740041010419 1.3507059 604
1740041012145 1.3157297 605
1740041013740 1.3103163 606
1740041015345 1.312437 607
1740041016325 1.3311236 608
1740041016973 1.3185031 609
1740041017600 1.3206717 610
1740041018238 1.3416414 611
1740041018865 1.3301895 612
1740041019490 1.3200831 613
1740041020123 1.3297765 614
1740041020751 1.3276278 615
1740041021487 1.3708783 616
1740041022230 1.3803103 617
1740041022970 1.3510685 618
1740041023710 1.3278276 619
1740041024448 1.3110493 620
1740041025187 1.3075352 621
1740041025927 1.3289596 622
1740041026663 1.3293183 623
1740041027402 1.3388996 624
1740041028144 1.3708439 625
1740041028883 1.3561549 626
1740041029626 1.3185078 627
1740041030374 1.3214481 628
1740041031115 1.3157612 629
1740041031950 1.3196435 630
1740041032697 1.3219001 631
1740041033442 1.3243619 632
1740041034190 1.3493968 633
1740041034931 1.3300375 634
1740041035670 1.3376799 635
1740041036435 1.329416 636
1740041037197 1.3386863 637
1740041037959 1.3345408 638
1740041038704 1.317471 639
1740041039453 1.3481188 640
1740041040205 1.3595011 641
1740041040952 1.334074 642
1740041041690 1.3268449 643
1740041042450 1.3348992 644
1740041043210 1.3278389 645
1740041043975 1.3335868 646
1740041044720 1.3336129 647
1740041045490 1.3254074 648
1740041046247 1.3108795 649
1740041046995 1.3276227 650
1740041047737 1.3342162 651
1740041048482 1.3481382 652
1740041049240 1.3470266 653
1740041049995 1.3117619 654
1740041050740 1.3034871 655
1740041051500 1.3171096 656
1740041052255 1.3131615 657
1740041053010 1.3370576 658
1740041053789 1.3512514 659
1740041054561 1.3655306 660
1740041055331 1.351978 661
1740041056097 1.3368595 662
1740041056864 1.3178139 663
1740041057646 1.3116289 664
1740041058405 1.3025547 665
1740041059175 1.3187749 666
1740041059930 1.3175356 667
1740041060700 1.3493903 668
1740041061485 1.3631964 669
1740041062240 1.3757086 670
1740041062981 1.4098659 671
1740041063730 1.3715045 672
1740041064490 1.3223128 673
1740041065260 1.281368 674
1740041066010 1.2869954 675
1740041066762 1.2853402 676
1740041067550 1.3061374 677
1740041068313 1.3252463 678
1740041069075 1.3080277 679
1740041069830 1.3083451 680
1740041070594 1.3157377 681
1740041071375 1.3287737 682
1740041072135 1.3234402 683
1740041072902 1.3307223 684
1740041073671 1.3450394 685
1740041074432 1.3597103 686
1740041075200 1.3635138 687
1740041076000 1.3436756 688
1740041076752 1.3252068 689
1740041078356 1.3132327 0
1740041079100 1.301794 1
1740041079860 1.2793128 2
1740041080628 1.2819346 3
1740041081405 1.3250089 4
1740041082180 1.3188515 5
1740041082959 1.3269484 6
1740041083730 1.3148277 7
1740041084510 1.3195415 8
1740041085306 1.3039262 9
1740041086074 1.3295659 10
1740041086843 1.3552173 11
1740041087603 1.3711505 12
1740041088380 1.3630931 13
1740041089138 1.3619697 14
1740041089910 1.333539 15
1740041090660 1.3278143 16
1740041091398 1.3165854 17
1740041092171 1.3165889 18
1740041092905 1.3049937 19
1740041093656 1.3074334 20
1740041094400 1.3326999 21
1740041095136 1.3156695 22
1740041095878 1.3210323 23
1740041096610 1.311856 24
1740041097357 1.3073146 25
1740041098090 1.2953858 26
1740041098836 1.3378251 27
1740041099580 1.3326898 28
1740041100328 1.3489432 29
1740041101067 1.3082283 30
1740041101810 1.3359139 31
1740041102547 1.3479416 32
1740041103288 1.3131565 33
1740041104022 1.3124778 34
1740041104765 1.3253117 35
1740041105505 1.3181604 36
1740041106258 1.3906021 37
1740041107000 1.4582477 38
1740041107743 1.5084922 39
1740041108580 1.4275721 40
1740041109310 1.3627102 41
1740041110055 1.3559641 42
1740041110788 1.3345531 43
1740041111524 1.3336011 44
1740041112274 1.3392437 45
1740041113020 1.3331482 46
1740041113765 1.3310733 47
1740041114516 1.3344908 48
1740041115254 1.2927222 49
1740041116070 1.2748861 50
1740041116840 1.2880764 51
1740041117593 1.3004189 52
1740041118328 1.3443048 53
1740041119080 1.3482382 54
1740041119835 1.3592758 55
1740041120590 1.3281484 56
1740041121369 1.3100022 57
1740041122194 1.3000679 58
1740041122941 1.3046846 59
1740041123691 1.3026674 60
1740041124445 1.3252767 61
1740041125188 1.3091886 62
1740041125939 1.3080637 63
1740041126706 1.2979536 64
1740041127455 1.316681 65
1740041128212 1.3149192 66
1740041128966 1.3024786 67
1740041129710 1.3126616 68
1740041130459 1.2924703 69
1740041131215 1.2763232 70
1740041131960 1.2947097 71
1740041132707 1.3595719 72
1740041133442 1.3839991 73
1740041134200 1.397534 74
1740041134955 1.3464024 75
1740041135700 1.3408471 76
1740041136441 1.3150904 77
1740041137210 1.3037336 78
1740041137950 1.288852 79
1740041138691 1.2949755 80
1740041139446 1.2868962 81
1740041140200 1.3444912 82
1740041140950 1.3623111 83
1740041141703 1.3666666 84
1740041142447 1.3410091 85
1740041143205 1.3584783 86
1740041143965 1.3679986 87
1740041144762 1.3349768 88
1740041145517 1.3024199 89
1740041146268 1.3074036 90
1740041147020 1.3174293 91
1740041147780 1.3238173 92
1740041148540 1.3007147 93
1740041149291 1.29275 94
1740041150041 1.3095539 95
1740041150805 1.3172393 96
1740041151575 1.3042326 97
1740041152361 1.3145895 98
1740041153150 1.3086023 99
1740041153941 1.3026145 100
1740041154718 1.2925973 101
1740041155530 1.3304714 102
1740041156304 1.3481365 103
1740041157055 1.3500209 104
1740041157840 1.3319287 105
1740041158663 1.3452086 106
1740041159451 1.3499854 107
1740041160270 1.3271993 108
1740041161044 1.298168 109
1740041161821 1.2957108 110
1740041162593 1.3109714 111
1740041163341 1.2956865 112
1740041164100 1.3028805 113
1740041164846 1.2960896 114
1740041165594 1.3207903 115
1740041166341 1.3378181 116
1740041167110 1.3355682 117
1740041167863 1.3422455 118
1740041168612 1.3709244 119
1740041169371 1.3220105 120
1740041170127 1.3171768 121
1740041170880 1.2828197 122
1740041171630 1.3031485 123
1740041172387 1.2995341 124
1740041173141 1.3044745 125
1740041173886 1.3019036 126
1740041174641 1.2976654 127
1740041175391 1.3100727 128
1740041176170 1.324305 129
1740041176966 1.3168325 130
1740041177710 1.2804285 131
1740041178450 1.2886858 132
1740041179191 1.360748 133
1740041179950 1.3921839 134
1740041180699 1.4245949 135
1740041181445 1.4116814 136
1740041182192 1.3808229 137
1740041182947 1.3374057 138
1740041183700 1.3173597 139
1740041184551 1.313024 140
1740041185320 1.3329308 141
1740041186075 1.3220828 142
1740041186833 1.3581398 143
1740041187580 1.3303411 144
1740041188350 1.3035326 145
1740041189110 1.2860303 146
1740041189860 1.3181665 147
1740041190610 1.31164 148
1740041191370 1.2999563 149
1740041192150 1.2906402 150
1740041192925 1.2939792 151
1740041193680 1.291318 152
1740041194439 1.3062477 153
1740041195210 1.2798431 154
1740041195970 1.2972267 155
1740041196731 1.3222854 156
1740041197485 1.3089578 157
1740041198241 1.326041 158
1740041198995 1.3331338 159
1740041199750 1.3057815 160
1740041200511 1.315892 161
1740041201270 1.3336939 162
1740041202041 1.377923 163
1740041202791 1.3631785 164
1740041203541 1.3794117 165
1740041204300 1.3957785 166
1740041205055 1.3886299 167
1740041205808 1.3695126 168
1740041206560 1.3554134 169
1740041207310 1.3128393 170
1740041208060 1.3124979 171
1740041208810 1.2999371 172
1740041209562 1.324914 173
1740041210314 1.3126955 174
1740041211074 1.3023918 175
1740041211848 1.3070803 176
1740041212600 1.2919469 177
1740041213362 1.3193212 178
1740041214116 1.3330966 179
1740041214870 1.325482 180
1740041215631 1.2992013 181
1740041216375 1.3170913 182
1740041217125 1.332546 183
1740041217885 1.3368118 184
1740041218639 1.3141637 185
1740041219382 1.3544332 186
1740041220141 1.3353848 187
1740041220897 1.341331 188
1740041221650 1.3050075 189
1740041222400 1.3221047 190
1740041223151 1.3093553 191
1740041223905 1.3191414 192
1740041224654 1.3179369 193
1740041225407 1.3276998 194
1740041226160 1.3144755 195
1740041226912 1.3257352 196
1740041227660 1.3177264 197
1740041228408 1.332717 198
1740041229160 1.3100744 199
1740041229910 1.3243363 200
1740041230667 1.3223082 201
1740041231420 1.3221227 202
1740041232174 1.2964332 203
1740041232930 1.2885568 204
1740041233681 1.3000269 205
1740041234435 1.3115075 206
1740041235191 1.2974801 207
1740041235944 1.327435 208
1740041236691 1.3429933 209
1740041237441 1.3637462 210
1740041238197 1.334094 211
1740041238950 1.3317635 212
1740041239700 1.2943488 213
1740041240450 1.2851396 214
1740041241205 1.293626 215
1740041241950 1.3084896 216
1740041242705 1.3147547 217
1740041243460 1.3313098 218
1740041244212 1.3161293 219
1740041244967 1.2954323 220
1740041245720 1.3341957 221
1740041246474 1.3372674 222
1740041247231 1.3144047 223
1740041248010 1.3064874 224
1740041248780 1.31623 225
1740041249531 1.3142095 226
1740041250274 1.3234711 227
1740041251020 1.3206103 228
1740041251760 1.3131082 229
1740041252503 1.2969344 230
1740041253246 1.3072329 231
1740041253984 1.2950101 232
1740041254730 1.3129566 233
1740041255473 1.3202338 234
1740041256210 1.3004282 235
1740041256955 1.3211226 236
1740041257699 1.3355671 237
1740041258441 1.4358933 238
1740041259191 1.4845585 239
1740041260030 1.4272084 240
1740041260860 1.3109107 241
1740041261608 1.3209038 242
1740041262355 1.3107803 243
1740041263105 1.3079681 244
1740041263841 1.3121731 245
1740041264585 1.332449 246
1740041265330 1.3146139 247
1740041266075 1.3366723 248
1740041266815 1.3095778 249
1740041267565 1.2895347 250
1740041268311 1.2819908 251
1740041269060 1.2967291 252
1740041269807 1.2900871 253
1740041270550 1.3049636 254
1740041271302 1.2981176 255
1740041272050 1.2920862 256
1740041272795 1.29825 257
1740041273534 1.2875962 258
1740041274277 1.3262601 259
1740041275020 1.3329947 260
1740041275765 1.2888353 261
1740041276510 1.3109121 262
1740041277260 1.315629 263
1740041278008 1.299237 264
1740041278762 1.2933228 265
1740041279510 1.294899 266
1740041280260 1.289938 267
1740041281013 1.2819397 268
1740041281770 1.3156803 269
1740041282515 1.3350617 270
1740041283265 1.3141345 271
1740041284011 1.2824011 272
1740041284765 1.3028916 273
1740041285515 1.3291335 274
1740041286262 1.3155143 275
1740041287014 1.3242815 276
1740041287758 1.3283758 277
1740041288510 1.3097969 278
1740041289260 1.3353179 279
1740041290025 1.3259325 280
1740041290782 1.3244553 281
1740041291561 1.3264492 282
1740041292343 1.3327858 283
1740041293112 1.3255023 284
1740041293870 1.3140227 285
1740041294616 1.3131267 286
1740041295360 1.3632818 287
1740041296106 1.3947661 288
1740041296874 1.4130687 289
1740041297617 1.3426888 290
1740041298365 1.3177824 291
1740041299114 1.3168997 292
1740041299865 1.3144124 293
1740041300614 1.3471133 294
1740041301359 1.3259227 295
1740041302110 1.3273339 296
1740041302849 1.310473 297
1740041303586 1.283855 298
1740041304320 1.2896585 299
1740041305060 1.2886572 300
1740041305803 1.2942204 301
1740041306540 1.2878368 302
1740041307280 1.2884386 303
1740041308016 1.2894158 304
1740041308753 1.3149679 305
1740041309494 1.3120115 306
1740041310237 1.3025122 307
1740041310973 1.2998663 308
1740041311713 1.3391439 309
1740041312452 1.3722639 310
1740041313193 1.38824 311
1740041313950 1.3188847 312
1740041314698 1.3090742 313
1740041315434 1.2879851 314
1740041316190 1.2826395 315
1740041316930 1.3035815 316
1740041317683 1.3164518 317
1740041318446 1.298128 318
1740041319201 1.2984538 319
1740041319954 1.2960029 320
1740041320741 1.3106645 321
1740041321513 1.291106 322
1740041322280 1.3025417 323
1740041323038 1.2925813 324
1740041323805 1.3024112 325
1740041324563 1.294901 326
1740041325311 1.2982805 327
1740041326071 1.3239393 328
1740041326835 1.3033155 329
1740041327616 1.2748191 330
1740041328374 1.3197135 331
1740041329116 1.3197826 332
1740041329856 1.3354275 333
1740041330589 1.3052325 334
1740041331354 1.3370962 335
1740041332108 1.3279383 336
1740041332865 1.3543532 337
1740041333708 1.3610481 338
1740041334480 1.3794721 339
1740041335371 1.3588101 340
1740041336158 1.3143828 341
1740041336937 1.3072636 342
1740041337684 1.3201247 343
1740041338430 1.2987894 344
1740041339187 1.2957872 345
1740041339943 1.2849649 346
1740041340691 1.2844008 347
1740041341438 1.2825449 348
1740041342188 1.3045013 349
1740041342939 1.3157128 350
1740041343696 1.3237338 351
1740041344447 1.3406363 352
1740041345202 1.3310422 353
1740041345990 1.3383336 354
1740041346740 1.2949009 355
1740041347495 1.3152204 356
1740041348250 1.3348017 357
1740041349018 1.3297656 358
1740041349775 1.3090255 359
1740041350550 1.3198841 360
1740041351321 1.3226047 361
1740041352074 1.3240218 362
1740041353208 1.3087516 363
1740041354865 1.3101989 364
1740041356512 1.2987692 365
1740041358157 1.315978 366
1740041359771 1.3216002 367
1740041361432 1.333878 368
1740041363062 1.3555446 369
1740041364695 1.3956714 370
1740041366326 1.3925309 371
1740041367960 1.3118953 372
1740041369592 1.2845671 373
1740041371235 1.3161175 374
1740041372880 1.3296947 375
1740041374512 1.3155853 376
1740041376155 1.302799 377
1740041377790 1.2739599 378
1740041379435 1.2948089 379
1740041381060 1.3033565 380
1740041382701 1.2945087 381
1740041384326 1.3159621 382
1740041385967 1.3157029 383
1740041387589 1.3068796 384
1740041389387 1.3030554 385
1740041391019 1.322659 386
