1740038716156 5.066261 0
1740038716900 7.229794 1
1740038717533 9.087399 2
1740038718164 10.633751 3
1740038718794 11.955194 4
1740038719427 13.078283 5
1740038720057 13.939789 6
1740038720692 14.600266 7
1740038721325 15.204155 8
1740038721954 15.735582 9
1740038722585 16.150963 10
1740038723219 16.569347 11
1740038723849 17.054123 12
1740038724476 17.47383 13
1740038725107 17.723213 14
1740038725739 18.026628 15
1740038726371 18.27491 16
1740038727001 18.612173 17
1740038727633 19.034502 18
1740038728268 19.405361 19
1740038728957 19.60577 20
1740038729696 19.802923 21
1740038730431 19.958979 22
1740038731196 20.154537 23
1740038731941 20.617805 24
1740038732685 20.986906 25
1740038733433 21.093946 26
1740038734171 20.969833 27
1740038734916 20.94452 28
1740038735691 21.08636 29
1740038736459 21.353252 30
1740038737255 21.677921 31
1740038738011 22.004385 32
1740038738794 22.263958 33
1740038739555 22.269646 34
1740038740319 22.387594 35
1740038741094 22.657846 36
1740038741861 23.00482 37
1740038742652 23.202612 38
1740038743391 23.119093 39
1740038744144 22.857271 40
1740038744887 22.479939 41
1740038745660 22.368149 42
1740038747246 22.475903 43
1740038748844 22.68848 44
1740038750418 22.939754 45
1740038752022 23.14833 46
1740038753593 23.230146 47
1740038755195 23.261953 48
1740038756777 23.233868 49
1740038758461 23.01771 50
1740038760050 22.672722 51
1740038761664 22.530853 52
1740038762703 22.589882 53
1740038763395 22.858461 54
1740038764075 23.187166 55
1740038764755 23.456217 56
1740038765414 23.669256 57
1740038766092 23.708826 58
1740038766766 23.789326 59
1740038767569 23.806677 60
1740038768564 23.6649 61
1740038770155 23.621086 62
1740038771751 23.506744 63
1740038773349 23.397451 64
1740038774929 23.317291 65
1740038776533 23.110771 66
1740038778131 22.845434 67
1740038779734 22.647789 68
1740038781313 22.56305 69
1740038782913 22.53627 70
1740038784687 22.536285 71
1740038786296 22.664425 72
1740038787959 22.894087 73
1740038789040 23.125889 74
1740038789709 23.328072 75
1740038790375 23.449165 76
1740038791039 23.270464 77
1740038791711 22.91925 78
1740038792440 22.562462 79
1740038793238 22.338053 80
1740038794033 22.407492 81
1740038794832 22.647821 82
1740038795626 22.870884 83
1740038796425 22.98945 84
1740038797219 23.044792 85
1740038798024 22.921055 86
1740038798811 22.589457 87
1740038799572 22.21428 88
1740038800342 21.941956 89
1740038801130 21.968496 90
1740038801898 22.126806 91
1740038802672 22.450096 92
1740038803425 22.787985 93
1740038804177 22.996927 94
1740038804931 23.047941 95
1740038805684 23.04025 96
1740038806449 22.828547 97
1740038807208 22.554146 98
1740038807977 22.272896 99
1740038808939 22.073116 100
1740038809690 22.012602 101
1740038810442 21.855286 102
1740038811191 21.67359 103
1740038811931 21.597752 104
1740038812729 21.568357 105
1740038813511 21.678024 106
1740038814258 21.76255 107
1740038815015 21.75153 108
1740038815764 21.710686 109
1740038816516 21.670279 110
1740038817264 21.634787 111
1740038818033 21.557987 112
1740038818778 21.399694 113
1740038819560 21.39928 114
1740038820311 21.404367 115
1740038821068 21.357647 116
1740038821832 21.44595 117
1740038822578 21.601442 118
1740038823313 21.800495 119
1740038824062 22.07647 120
1740038824803 22.14705 121
1740038825554 22.111925 122
1740038826297 21.998735 123
1740038827046 21.800102 124
1740038827790 21.502468 125
1740038828536 21.311342 126
1740038829278 21.071732 127
1740038830023 20.831295 128
1740038830758 20.691008 129
1740038831504 20.59738 130
1740038832246 20.585417 131
1740038832983 20.6793 132
1740038833729 20.764784 133
1740038834480 20.888298 134
1740038835227 21.05074 135
1740038835988 21.149744 136
1740038836730 21.194464 137
1740038837469 21.102196 138
1740038838209 20.943031 139
1740038838952 20.750309 140
1740038839691 20.444113 141
1740038840435 20.190475 142
1740038841179 20.089314 143
1740038841925 20.145348 144
1740038842672 20.245815 145
1740038843417 20.345276 146
1740038844167 20.378918 147
1740038844912 20.290249 148
1740038845673 20.108225 149
1740038846422 19.962835 150
1740038847167 19.903625 151
1740038847913 20.024342 152
1740038848664 20.139198 153
1740038849410 20.2046 154
1740038850146 20.224585 155
1740038850894 20.133566 156
1740038851633 19.967125 157
1740038852383 19.784973 158
1740038853134 19.621178 159
1740038853876 19.544735 160
1740038854627 19.543877 161
1740038855371 19.581406 162
1740038856115 19.502787 163
1740038856855 19.42222 164
1740038857595 19.262482 165
1740038858341 18.982628 166
1740038859082 18.710442 167
1740038859830 18.499842 168
1740038860572 18.30787 169
1740038861319 18.237715 170
1740038862068 18.289862 171
1740038862829 18.387957 172
1740038863601 18.527376 173
1740038864363 18.658293 174
1740038865126 18.75017 175
1740038865888 18.803213 176
1740038866641 18.8115 177
1740038867383 18.841095 178
1740038868157 18.856178 179
1740038869053 18.83501 180
1740038869819 18.823877 181
1740038870608 18.733469 182
1740038871387 18.552727 183
1740038872156 18.408792 184
1740038872916 18.311598 185
1740038873672 18.245132 186
1740038874421 18.190697 187
1740038875192 18.15896 188
1740038875944 18.069956 189
1740038876688 18.010162 190
1740038877433 17.981087 191
1740038878169 17.918386 192
1740038878915 17.873627 193
1740038879672 17.73974 194
1740038880416 17.619816 195
1740038881154 17.480265 196
1740038881905 17.327898 197
1740038882661 17.171515 198
1740038883438 17.080742 199
1740038884323 17.11942 200
1740038885072 17.281357 201
1740038885814 17.518288 202
1740038886546 17.721973 203
1740038887287 17.873793 204
1740038888021 17.911106 205
1740038888756 17.804966 206
1740038889522 17.611458 207
1740038890295 17.467548 208
1740038891051 17.350677 209
1740038891813 17.222097 210
1740038892558 17.169676 211
1740038893309 17.092352 212
1740038894062 16.98134 213
1740038894812 16.965559 214
1740038895563 17.000109 215
1740038896314 17.137842 216
1740038897061 17.316736 217
1740038897808 17.627298 218
1740038898581 17.856747 219
1740038899357 18.035872 220
1740038900126 17.990059 221
1740038900876 17.688398 222
1740038901631 17.405334 223
1740038902385 17.179073 224
1740038903136 17.009937 225
1740038903904 16.967564 226
1740038904683 17.038046 227
1740038905467 17.185932 228
1740038906238 17.361479 229
1740038906998 17.611238 230
1740038907759 17.916012 231
1740038908532 18.263577 232
1740038909296 18.648268 233
1740038910062 18.958204 234
1740038910821 19.137571 235
1740038911589 19.245356 236
1740038912344 19.349348 237
1740038913100 19.241673 238
1740038913898 19.091408 239
1740038914674 18.960361 240
1740038915431 18.770422 241
1740038916175 18.559078 242
1740038916936 18.411488 243
1740038917690 18.28297 244
1740038918434 18.157717 245
1740038919183 18.064806 246
1740038919931 18.054405 247
1740038920686 18.100147 248
1740038921446 18.265196 249
1740038922191 18.377682 250
1740038922933 18.447685 251
1740038923685 18.512657 252
1740038924428 18.485931 253
1740038925179 18.4052 254
1740038925922 18.24965 255
1740038926678 18.015999 256
1740038927425 17.872625 257
1740038928183 17.822859 258
1740038928939 17.75827 259
1740038929697 17.823797 260
1740038930447 18.02126 261
1740038931195 18.265968 262
1740038931963 18.550072 263
1740038932726 18.831985 264
1740038933475 19.05251 265
1740038934226 19.10082 266
1740038934977 19.0107 267
1740038935737 18.772654 268
1740038936485 18.570766 269
1740038937229 18.356789 270
1740038937980 18.210747 271
1740038938722 18.188549 272
1740038939464 18.231554 273
1740038940219 18.306688 274
1740038940970 18.364403 275
1740038941732 18.476316 276
1740038942494 18.55503 277
1740038943244 18.578785 278
1740038943999 18.72449 279
1740038944755 18.74364 280
1740038945499 18.729872 281
1740038946254 18.828966 282
1740038947002 18.879728 283
1740038947752 18.701406 284
1740038948503 18.671295 285
1740038949256 18.761377 286
1740038950013 18.802666 287
1740038950767 18.899366 288
1740038951517 18.979992 289
1740038952277 19.043238 290
1740038953024 19.173525 291
1740038953775 19.33017 292
1740038954535 19.422249 293
1740038955289 19.417587 294
1740038956041 19.345884 295
1740038956805 19.225397 296
1740038957557 18.953741 297
1740038958302 18.828825 298
1740038959050 18.776041 299
1740038959893 18.857409 300
1740038960643 19.099186 301
1740038961391 19.53708 302
1740038962140 20.020023 303
1740038962887 20.686844 304
1740038963643 21.359377 305
1740038964414 21.964973 306
1740038965167 22.531828 307
1740038965926 22.598145 308
1740038966682 22.526327 309
1740038967434 22.11237 310
1740038968183 21.626144 311
1740038968939 21.147408 312
1740038969689 20.772644 313
1740038970446 20.59037 314
1740038971193 20.489786 315
1740038971942 20.557081 316
1740038972705 20.573624 317
1740038973463 20.576244 318
1740038974242 20.61796 319
1740038975038 20.630375 320
1740038975828 20.68182 321
1740038976598 20.788012 322
1740038977383 20.899035 323
1740038978167 21.03837 324
1740038978946 21.183897 325
1740038979720 21.305729 326
1740038980484 21.361423 327
1740038981239 21.27108 328
1740038981989 21.143387 329
1740038982732 20.909588 330
1740038983475 20.724892 331
1740038984221 20.524576 332
1740038984969 20.312656 333
1740038985713 20.07478 334
1740038986455 19.81597 335
1740038987196 19.668226 336
1740038987962 19.587822 337
1740038988705 19.587736 338
1740038989453 19.65881 339
1740038990206 19.781544 340
1740038990951 20.000628 341
1740038991693 20.234993 342
1740038992437 20.378717 343
1740038993186 20.521208 344
1740038993936 20.47524 345
1740038994695 20.491196 346
1740038995449 20.420334 347
1740038996196 20.412958 348
1740038996950 20.291067 349
1740038997690 20.331827 350
1740038998431 20.39478 351
1740038999172 20.498798 352
1740038999915 20.571047 353
1740039000673 20.804674 354
1740039001417 21.171564 355
1740039002163 21.625013 356
1740039002907 21.979362 357
1740039003652 22.179014 358
1740039004395 22.48059 359
1740039005147 22.568624 360
1740039005891 22.60201 361
1740039006637 22.528467 362
1740039007376 22.524813 363
1740039008127 22.441153 364
1740039008871 22.32086 365
1740039009618 22.106544 366
1740039010366 22.071146 367
1740039011115 21.93508 368
1740039011865 21.832014 369
1740039012616 21.78898 370
1740039013363 21.67244 371
1740039014115 21.615496 372
1740039014858 21.409441 373
1740039015610 21.18627 374
1740039016350 20.946095 375
1740039017093 20.9302 376
1740039017856 21.081993 377
1740039018593 21.319805 378
1740039019341 21.69541 379
1740039020081 22.016808 380
1740039020825 22.2801 381
1740039021573 22.651127 382
1740039022312 23.046087 383
1740039023058 23.258345 384
1740039023806 23.441145 385
1740039024558 23.614594 386
1740039025305 23.648806 387
1740039026055 23.715576 388
1740039026801 23.717339 389
1740039027546 23.61972 390
1740039028299 23.540527 391
1740039029048 23.394972 392
1740039029796 23.404446 393
1740039030551 23.57398 394
1740039031297 23.767221 395
1740039032045 24.115736 396
1740039032786 24.39185 397
1740039033525 24.609684 398
1740039034269 24.983934 399
1740039035107 25.175127 400
1740039035855 25.437595 401
1740039036602 25.805351 402
1740039037347 25.87203 403
1740039038098 26.3426 404
1740039038841 26.446566 405
1740039039581 26.785847 406
1740039040330 27.189333 407
1740039041082 27.634117 408
1740039041827 28.131458 409
1740039042570 28.72783 410
1740039043314 29.422617 411
1740039044061 29.958895 412
1740039044812 30.285149 413
1740039045572 30.82875 414
1740039046323 31.31659 415
1740039047069 31.529448 416
1740039047814 31.922556 417
1740039048557 31.990305 418
1740039049302 32.09684 419
1740039050050 32.230766 420
1740039050810 32.133083 421
1740039051577 31.98054 422
1740039052339 31.67674 423
1740039053099 31.219124 424
1740039053862 30.969723 425
1740039054610 30.465227 426
1740039055372 30.219522 427
1740039056642 29.894257 428
1740039058272 29.767433 429
1740039059910 29.778542 430
1740039061550 29.842476 431
1740039063148 30.154795 432
1740039064743 30.621817 433
1740039066319 31.292809 434
1740039067917 31.993656 435
1740039069491 32.55829 436
1740039071095 33.158157 437
1740039072672 33.510094 438
1740039074265 34.327988 439
1740039075846 33.717052 440
1740039077444 33.828503 441
1740039079025 33.609974 442
1740039080625 33.430935 443
1740039082204 33.641376 444
1740039083807 33.93184 445
1740039085476 34.099503 446
1740039087072 34.36284 447
1740039088663 34.698914 448
1740039090254 34.95631 449
1740039091836 35.225723 450
1740039093436 35.489407 451
1740039095004 35.763897 452
1740039096607 36.211334 453
1740039098199 36.638805 454
1740039099781 37.03784 455
1740039101377 37.02239 456
1740039102957 36.62458 457
1740039104552 36.109634 458
1740039106125 35.604164 459
1740039107725 35.386642 460
1740039109307 35.336113 461
1740039110898 35.513435 462
1740039112474 35.57929 463
1740039114064 35.5959 464
1740039115635 35.489826 465
1740039117235 35.334297 466
1740039118802 35.148018 467
1740039120398 34.93463 468
1740039121977 35.01924 469
1740039123571 35.23267 470
1740039125145 35.444912 471
1740039126802 35.75645 472
1740039128379 36.207344 473
1740039130005 36.69823 474
1740039131623 37.30575 475
1740039133259 37.751595 476
1740039134845 38.35347 477
1740039136431 38.960987 478
1740039138004 39.441784 479
1740039138733 39.71231 480
1740039139384 39.965588 481
1740039140022 39.968494 482
1740039140669 39.65055 483
1740039141312 39.615814 484
1740039141950 39.475285 485
1740039142593 39.62043 486
1740039143232 40.197796 487
1740039143871 40.862286 488
1740039144515 41.386993 489
1740039145147 41.94044 490
1740039145869 42.452732 491
1740039146617 42.863255 492
1740039147359 43.199287 493
1740039148100 43.113167 494
1740039148845 43.14244 495
1740039149591 43.19515 496
1740039150333 43.28318 497
1740039151083 43.523315 498
1740039151821 43.911762 499
1740039152677 44.550556 500
1740039153424 45.061565 501
1740039154167 45.695206 502
1740039154911 45.992645 503
1740039155656 46.082047 504
1740039156396 45.951515 505
1740039157141 45.665585 506
1740039157883 45.16399 507
1740039158624 44.607243 508
1740039159367 44.205887 509
1740039160107 43.69749 510
1740039160844 43.562042 511
1740039161590 43.56328 512
1740039162327 43.48649 513
1740039163062 43.513397 514
1740039163803 43.771366 515
1740039164554 44.088985 516
1740039165287 44.521683 517
1740039166037 44.93906 518
1740039166773 45.310955 519
1740039167527 45.465916 520
1740039168275 45.20714 521
1740039169018 44.88049 522
1740039169758 44.51966 523
1740039170502 44.07811 524
1740039171245 43.765316 525
1740039171980 43.438934 526
1740039172717 43.106804 527
1740039173457 42.887733 528
1740039174215 42.73888 529
1740039174941 42.559834 530
1740039175685 42.303932 531
1740039176428 42.23548 532
1740039177173 42.234146 533
1740039177908 42.30486 534
1740039178655 42.552826 535
1740039179388 42.876713 536
1740039180129 43.090763 537
1740039180876 43.192585 538
1740039181611 43.03696 539
1740039182357 42.49693 540
1740039183096 41.962234 541
1740039183828 41.44283 542
1740039184575 41.170883 543
1740039185304 41.063515 544
1740039186060 41.162067 545
1740039186795 41.2967 546
1740039187543 41.557945 547
1740039188296 41.90649 548
1740039189035 42.08449 549
1740039189786 42.298496 550
1740039190538 42.342514 551
1740039191270 42.219296 552
1740039192021 41.99517 553
1740039192754 41.738686 554
1740039193504 41.551018 555
1740039194248 41.40896 556
1740039194988 41.407104 557
1740039195741 41.51784 558
1740039196493 41.83592 559
1740039197233 42.231674 560
1740039197979 42.39157 561
1740039198706 42.293972 562
1740039199465 42.090015 563
1740039200209 41.79083 564
1740039200961 41.51345 565
1740039201713 41.2154 566
1740039202458 40.9713 567
1740039203186 40.62001 568
1740039203921 40.362 569
1740039204638 40.0681 570
1740039205387 39.790367 571
1740039206120 39.526394 572
1740039206855 39.201996 573
1740039207588 38.89029 574
1740039208335 38.55574 575
1740039209076 38.37142 576
1740039209812 38.12022 577
1740039210561 37.673904 578
1740039211295 37.425537 579
1740039212045 37.240776 580
1740039212779 37.120174 581
1740039213522 37.10577 582
1740039214269 36.95749 583
1740039215011 36.8743 584
1740039215738 36.7455 585
1740039216472 36.497086 586
1740039217212 36.05727 587
1740039217954 35.744957 588
1740039218687 35.41312 589
1740039219421 35.104706 590
1740039220154 34.867947 591
1740039220886 34.65423 592
1740039221636 34.458546 593
1740039222370 34.18014 594
1740039223103 33.889606 595
1740039223836 33.53576 596
1740039224572 33.095547 597
1740039225306 32.74415 598
1740039226056 32.53676 599
1740039226890 32.4833 600
1740039227621 32.419235 601
1740039228376 32.323048 602
1740039229115 32.308147 603
1740039229841 32.05767 604
1740039230596 31.719927 605
1740039231334 31.38791 606
1740039232066 31.182331 607
1740039232809 31.049025 608
1740039233552 30.926878 609
1740039234296 30.78839 610
1740039235029 30.619066 611
1740039235762 30.405231 612
1740039236515 30.215689 613
1740039237245 29.947563 614
1740039237990 29.70765 615
1740039238728 29.43615 616
1740039239476 29.189938 617
1740039240211 28.915487 618
1740039240945 28.665304 619
1740039241693 28.351261 620
1740039242426 28.040604 621
1740039243167 27.806404 622
1740039243928 27.584902 623
1740039244662 27.41957 624
1740039245404 27.272928 625
1740039246154 27.19621 626
1740039246893 27.104399 627
1740039247644 27.151545 628
1740039248386 27.30722 629
1740039249124 27.445412 630
1740039249870 27.675777 631
1740039250607 27.840149 632
1740039251344 27.882431 633
1740039252104 27.769392 634
1740039252840 27.671055 635
1740039253579 27.475737 636
1740039254326 27.303976 637
1740039255076 27.203108 638
1740039255812 27.068308 639
1740039256556 26.830774 640
1740039257300 26.497305 641
1740039258038 26.16187 642
1740039258771 25.765182 643
1740039259503 25.398458 644
1740039260238 25.208035 645
1740039260987 25.01461 646
1740039261720 24.874046 647
1740039262461 24.736797 648
1740039263210 24.680777 649
1740039263946 24.643703 650
1740039264685 24.578945 651
1740039265418 24.445818 652
1740039266151 24.211426 653
1740039266893 24.055918 654
1740039267624 23.92376 655
1740039268374 23.828178 656
1740039269111 23.782228 657
1740039269854 23.750174 658
1740039270603 23.665987 659
1740039271342 23.44226 660
1740039272091 23.263683 661
1740039272838 23.077854 662
1740039273587 22.887474 663
1740039274354 22.759546 664
1740039275120 22.726122 665
1740039275877 22.794834 666
1740039276623 22.73809 667
1740039277385 22.712425 668
1740039278138 22.576761 669
1740039278872 22.327013 670
1740039279624 22.072813 671
1740039280342 21.883415 672
1740039281080 21.748781 673
1740039281813 21.729385 674
1740039282553 21.665998 675
1740039283289 21.708096 676
1740039284020 21.85016 677
1740039284755 21.92551 678
1740039285487 22.06971 679
1740039286225 22.178938 680
1740039286971 22.184837 681
1740039287692 22.125471 682
1740039288428 22.087654 683
1740039289147 21.910313 684
1740039289882 21.702644 685
1740039290608 21.552242 686
1740039291357 21.473225 687
1740039292097 21.451971 688
1740039292830 21.523235 689
1740039294375 21.567123 0
1740039295126 21.574297 1
1740039295869 21.460773 2
1740039296603 21.34585 3
1740039297352 21.226936 4
1740039298087 21.109077 5
1740039298834 21.045633 6
1740039299583 21.03239 7
1740039300325 21.073421 8
1740039301063 21.150688 9
1740039301904 21.244698 10
1740039302637 21.401228 11
1740039303370 21.494915 12
1740039304103 21.61979 13
1740039304854 21.703928 14
1740039305602 21.771143 15
1740039306337 21.769241 16
1740039307070 21.790203 17
1740039307804 21.852356 18
1740039308557 21.950344 19
1740039309302 22.103525 20
1740039310037 22.268778 21
1740039310785 22.332026 22
1740039311520 22.384392 23
1740039312254 22.340471 24
1740039312988 22.268347 25
1740039313721 22.261404 26
1740039314470 22.467264 27
1740039315204 22.883934 28
1740039315953 23.2287 29
1740039316686 23.583637 30
1740039317420 23.995123 31
1740039318153 24.466387 32
1740039318902 24.740396 33
1740039319638 24.637486 34
1740039320386 24.435509 35
1740039321120 24.264406 36
1740039321853 24.222406 37
1740039322587 24.343037 38
1740039323320 24.651913 39
1740039324054 25.132427 40
1740039324786 25.729555 41
1740039325537 26.367296 42
1740039326286 26.890144 43
1740039327036 27.381802 44
1740039327770 27.605133 45
1740039328504 27.90766 46
1740039329238 27.882849 47
1740039329986 27.924448 48
1740039330708 28.09642 49
1740039331474 28.336039 50
1740039332204 28.475363 51
1740039332952 28.739504 52
1740039333679 29.028534 53
1740039334421 29.358433 54
1740039335171 29.613705 55
1740039335904 29.876312 56
1740039336638 30.039927 57
1740039337379 30.08939 58
1740039338104 30.269674 59
1740039338838 30.271713 60
1740039339578 30.511793 61
1740039340304 30.86227 62
1740039341038 31.51915 63
1740039341802 32.40466 64
1740039342521 33.06146 65
1740039343270 33.515686 66
1740039344003 33.80315 67
1740039344736 34.028965 68
1740039345472 34.209923 69
1740039346206 34.334354 70
1740039346939 34.549465 71
1740039347681 34.670166 72
1740039348423 35.008343 73
1740039349155 35.687378 74
1740039349893 36.377136 75
1740039350641 37.10188 76
1740039351375 37.84544 77
1740039352113 38.51632 78
1740039352847 39.01471 79
1740039353578 39.31167 80
1740039354321 39.626644 81
1740039355058 39.846577 82
1740039355794 39.977783 83
1740039356530 40.201996 84
1740039357272 40.31285 85
1740039358005 40.54527 86
1740039358750 40.829002 87
1740039359470 41.298866 88
1740039360219 41.70032 89
1740039360954 42.172863 90
1740039361686 42.511757 91
1740039362420 43.142334 92
1740039363154 43.806995 93
1740039363888 44.382572 94
1740039364622 45.04784 95
1740039365369 44.862343 96
1740039366103 45.968002 97
1740039366837 44.96335 98
1740039367570 45.573875 99
1740039368303 45.425285 100
1740039369037 45.119682 101
1740039369775 45.12733 102
1740039370534 44.849495 103
1740039371280 44.404026 104
1740039372024 44.01074 105
1740039372770 43.726562 106
1740039373537 43.60946 107
1740039374323 43.75027 108
1740039375109 43.90628 109
1740039375959 44.16552 110
1740039376773 44.46561 111
1740039377553 44.83812 112
1740039378313 45.242096 113
1740039379070 45.69029 114
1740039379824 46.2738 115
1740039380591 46.889824 116
1740039381349 47.555923 117
1740039382103 47.882088 118
1740039382868 48.22452 119
1740039383635 48.046265 120
1740039384401 47.891056 121
1740039385152 47.133034 122
1740039385919 47.012394 123
1740039386686 46.54939 124
1740039387451 46.492283 125
1740039388202 46.53851 126
1740039388956 46.29663 127
1740039389705 46.24478 128
1740039390455 46.361084 129
1740039391213 46.69622 130
1740039391958 47.308445 131
1740039392722 47.973576 132
1740039393469 48.61562 133
1740039394208 49.24305 134
1740039394953 49.58341 135
1740039395719 49.66281 136
1740039396455 49.754593 137
1740039397217 49.66494 138
1740039397985 49.246933 139
1740039398752 48.69951 140
1740039399534 48.200207 141
1740039400301 47.676945 142
1740039401068 47.358597 143
1740039401835 47.30489 144
1740039402617 47.260784 145
1740039403384 47.24598 146
1740039404167 47.34504 147
1740039404950 47.458954 148
1740039405733 47.47049 149
1740039406516 47.462997 150
1740039407285 47.354847 151
1740039408052 47.16243 152
1740039408821 47.00329 153
1740039409601 46.964172 154
1740039410368 46.857708 155
1740039411150 46.893032 156
1740039411919 46.887264 157
1740039412702 46.81722 158
1740039413484 46.954082 159
1740039414266 47.093895 160
1740039415034 47.487812 161
1740039415819 47.9866 162
1740039416633 48.741516 163
1740039417420 49.37146 164
1740039418206 49.87655 165
1740039418998 50.153362 166
1740039419754 50.24989 167
1740039420519 50.323483 168
1740039421302 50.286118 169
1740039422071 49.981777 170
1740039422820 49.660366 171
1740039423592 49.262154 172
1740039424361 49.04834 173
1740039425114 49.0379 174
1740039425886 49.00269 175
1740039426652 48.924313 176
1740039427419 48.990803 177
1740039428201 48.844467 178
1740039428984 48.95443 179
1740039429742 48.78356 180
1740039430489 48.72965 181
1740039431241 48.693726 182
1740039432021 48.56939 183
1740039432784 48.706566 184
1740039433552 48.779465 185
1740039434318 49.059097 186
1740039435086 49.187843 187
1740039435851 49.479023 188
1740039436617 49.708515 189
1740039437385 49.65337 190
1740039438137 49.27271 191
1740039438902 48.72982 192
1740039439669 48.320454 193
1740039440450 47.96229 194
1740039441217 47.836575 195
1740039442000 47.63722 196
1740039442752 47.14814 197
1740039443519 46.84613 198
1740039444286 46.73875 199
1740039445051 46.95744 200
1740039445803 47.21743 201
1740039446567 47.757862 202
1740039447334 48.289146 203
1740039448101 48.636955 204
1740039448885 48.892834 205
1740039449669 49.03018 206
1740039450419 49.23435 207
1740039451185 49.310287 208
1740039451951 49.416195 209
1740039452817 49.36964 210
1740039453584 49.120388 211
1740039454351 48.84531 212
1740039455102 48.451126 213
1740039455867 48.328625 214
1740039456634 48.122772 215
1740039457433 48.10498 216
1740039458201 48.183018 217
1740039458984 48.019764 218
1740039459768 48.324707 219
1740039460534 48.11105 220
1740039461301 48.229156 221
1740039462083 47.660187 222
1740039462883 47.526855 223
1740039463635 47.17082 224
1740039464417 46.874035 225
1740039465186 46.637043 226
1740039465969 46.24115 227
1740039466706 46.15447 228
1740039467485 45.781586 229
1740039468252 45.456776 230
1740039469002 44.897324 231
1740039469738 44.461483 232
1740039470518 44.06946 233
1740039471283 43.850086 234
1740039472037 43.606976 235
1740039472785 43.38972 236
1740039473535 43.14904 237
1740039474316 43.010483 238
1740039475084 42.744705 239
1740039475851 42.77081 240
1740039476634 42.552765 241
1740039477432 42.483807 242
1740039478201 42.35106 243
1740039478984 42.1067 244
1740039479751 41.86022 245
1740039480503 41.64352 246
1740039481268 41.58595 247
1740039482035 41.577477 248
1740039482775 41.498405 249
1740039483554 41.737602 250
1740039484310 41.964584 251
1740039485079 42.376312 252
1740039485846 42.4365 253
1740039486596 43.016106 254
1740039487360 43.00001 255
1740039488121 43.31651 256
1740039488894 43.345055 257
1740039489641 43.40531 258
1740039490378 43.58149 259
1740039491143 43.636707 260
1740039491909 43.83357 261
1740039492658 44.07763 262
1740039493437 44.556583 263
1740039494184 44.66649 264
1740039494928 45.130505 265
1740039495674 45.099014 266
1740039496424 45.548588 267
1740039497183 45.8154 268
1740039497930 46.53966 269
1740039498709 46.84392 270
1740039499488 47.344204 271
1740039500266 47.32732 272
1740039501043 47.518475 273
1740039501821 47.486546 274
1740039502579 47.60464 275
1740039503340 47.3933 276
1740039504143 47.29336 277
1740039504937 47.13248 278
1740039505721 47.288525 279
1740039506537 47.396862 280
1740039507350 47.864277 281
1740039508135 48.2921 282
1740039508921 49.11785 283
1740039509718 49.050888 284
1740039510505 50.649834 285
1740039511300 50.473625 286
1740039512099 52.2823 287
1740039512899 52.75004 288
1740039513653 53.283733 289
1740039514420 53.950634 290
1740039515202 54.01726 291
1740039515967 54.13398 292
1740039516750 54.28626 293
1740039517534 53.950226 294
1740039518301 53.7563 295
1740039519069 53.590168 296
1740039519852 53.519474 297
1740039520620 53.51139 298
1740039521386 53.77638 299
1740039522169 53.695457 300
1740039522934 53.232822 301
1740039523716 52.748394 302
1740039524532 52.569206 303
1740039525301 52.523182 304
1740039526037 52.98439 305
1740039526786 53.363033 306
1740039527540 53.941284 307
1740039528294 54.342476 308
1740039529052 54.823536 309
1740039529906 54.8706 310
1740039530747 55.04483 311
1740039531519 55.07913 312
1740039532269 55.108364 313
1740039533035 55.004982 314
1740039533801 54.96885 315
1740039534567 54.91146 316
1740039535319 54.72475 317
1740039536069 54.466015 318
1740039536835 54.208492 319
1740039537601 53.873165 320
1740039538352 53.592525 321
1740039539103 53.545 322
1740039539868 53.12644 323
1740039540634 53.29188 324
1740039541386 53.272404 325
1740039542152 53.453598 326
1740039542920 53.7128 327
1740039543668 53.90787 328
1740039544419 54.219963 329
1740039545186 54.32848 330
1740039545936 54.430878 331
1740039546702 54.34937 332
1740039547456 54.551136 333
1740039548213 54.72975 334
1740039548970 54.839756 335
1740039549721 55.337166 336
1740039550471 55.45545 337
1740039551222 55.61887 338
1740039551979 55.832993 339
1740039552731 55.88945 340
1740039553471 56.01343 341
1740039554238 55.857796 342
1740039554992 55.80848 343
1740039555773 55.75464 344
1740039556563 55.73173 345
1740039557321 56.073185 346
1740039558101 56.260487 347
1740039558889 56.811687 348
1740039559657 57.170513 349
1740039560406 57.437668 350
1740039561207 57.46404 351
1740039562001 57.474003 352
1740039562758 57.361656 353
1740039563518 57.21121 354
1740039564313 57.002766 355
1740039565103 56.88969 356
1740039565874 56.737144 357
1740039566635 56.686283 358
1740039567448 56.684414 359
1740039568237 56.57643 360
1740039569016 56.43017 361
1740039569835 55.82495 362
1740039570600 55.517456 363
1740039571367 54.64658 364
1740039572133 54.636963 365
1740039572933 53.860966 366
1740039573700 54.170685 367
1740039574499 53.522232 368
1740039575298 53.742317 369
1740039576068 53.3333 370
1740039576850 53.373734 371
1740039577648 53.035084 372
1740039578401 53.485558 373
1740039579153 52.952797 374
1740039579902 53.65996 375
1740039580668 52.973866 376
1740039581467 53.344173 377
1740039582250 53.127354 378
1740039583032 52.967823 379
1740039583816 53.188465 380
1740039584615 52.964027 381
1740039585446 53.2877 382
1740039586233 53.205853 383
1740039587049 53.39987 384
1740039587837 53.39395 385
1740039588603 53.753506 386
1740039589388 53.878536 387
1740039590168 54.149666 388
1740039590952 54.54564 389
1740039591766 54.63016 390
1740039592584 54.49575 391
1740039593400 54.171112 392
1740039594169 53.89118 393
1740039594954 53.448124 394
1740039595737 53.04084 395
1740039596535 52.700493 396
1740039597336 52.248993 397
1740039598141 52.223694 398
1740039598967 51.620514 399
1740039599753 51.95217 400
1740039600535 51.492577 401
1740039601307 51.85455 402
1740039602105 51.4217 403
1740039602872 51.662575 404
1740039603652 51.653233 405
1740039604418 51.95872 406
1740039605190 51.724354 407
1740039605985 51.878017 408
1740039606771 51.63382 409
1740039607654 52.0314 410
1740039608440 52.17151 411
1740039609218 52.651695 412
1740039610004 53.018536 413
1740039610774 53.117836 414
1740039611568 53.160973 415
1740039612320 52.913475 416
1740039613099 52.81792 417
1740039613870 52.67038 418
1740039614652 52.77707 419
1740039615435 52.31514 420
1740039616216 52.707176 421
1740039616986 52.260757 422
1740039617751 53.319725 423
1740039618521 52.707394 424
1740039619275 53.48532 425
1740039620036 53.21096 426
1740039620792 53.604145 427
1740039621535 53.836727 428
1740039622313 53.75196 429
1740039623070 53.912376 430
1740039623829 53.39495 431
1740039624585 53.557922 432
1740039625352 53.21175 433
1740039626165 53.259647 434
1740039626934 53.220417 435
1740039627717 53.0875 436
1740039628473 52.602875 437
1740039629243 52.084587 438
1740039630004 52.025192 439
1740039630769 51.39722 440
1740039631534 51.225418 441
1740039632306 50.616108 442
1740039633070 50.292763 443
1740039633866 49.801975 444
1740039634636 49.419506 445
1740039635451 49.144573 446
1740039636269 48.799534 447
1740039637066 48.16756 448
1740039637897 47.87888 449
1740039638717 47.352722 450
1740039639516 46.966507 451
1740039640331 46.350704 452
1740039641129 45.742554 453
1740039641922 45.18245 454
1740039642731 44.681244 455
1740039643516 44.22791 456
1740039644299 43.825443 457
1740039645082 43.335617 458
1740039645866 42.880547 459
1740039646668 42.408794 460
1740039647463 41.68954 461
1740039648249 41.08006 462
1740039649017 40.463413 463
1740039649800 39.983124 464
1740039650567 39.664326 465
1740039651349 39.261417 466
1740039652158 38.781292 467
1740039652919 38.302727 468
1740039653673 37.789806 469
1740039654434 37.461285 470
1740039655201 36.779324 471
1740039656000 36.491463 472
1740039656784 35.957233 473
1740039657563 35.760147 474
1740039658335 35.46291 475
1740039659115 35.26133 476
1740039659885 35.143032 477
1740039660662 34.987427 478
1740039661422 34.645683 479
1740039662171 34.370163 480
1740039662924 33.882915 481
1740039663678 33.39906 482
1740039664438 33.054165 483
1740039665200 33.024292 484
1740039665952 33.19505 485
1740039666704 33.393356 486
1740039667463 33.36557 487
1740039668215 33.18892 488
1740039668972 32.991856 489
1740039669723 32.680164 490
1740039670493 32.34018 491
1740039671246 32.061275 492
1740039672009 31.862947 493
1740039672764 31.728338 494
1740039673523 31.513763 495
1740039674272 31.356005 496
1740039675040 31.060186 497
1740039675786 30.712866 498
1740039676536 30.374481 499
1740039677302 30.008581 500
1740039678052 29.887688 501
1740039678802 29.931301 502
1740039679552 29.942364 503
1740039680318 30.052975 504
1740039681080 30.16273 505
1740039681826 30.120302 506
1740039682579 30.079124 507
1740039683340 29.855976 508
1740039684086 29.727837 509
1740039684953 29.601353 510
1740039685703 29.349787 511
1740039686452 29.24315 512
1740039687218 29.13358 513
1740039687968 29.114504 514
1740039688736 29.09063 515
1740039689485 29.048182 516
1740039690251 29.047398 517
1740039691017 29.265766 518
1740039691784 29.499342 519
1740039692535 29.729015 520
1740039693286 30.115799 521
1740039694036 30.07604 522
1740039694785 30.166536 523
1740039695552 29.783863 524
1740039696302 29.736467 525
1740039697053 29.449146 526
1740039697821 29.411955 527
1740039698572 29.37862 528
1740039699325 29.461565 529
1740039700088 29.584864 530
1740039700840 29.687235 531
1740039701587 29.642183 532
1740039702342 29.42617 533
1740039703118 29.242928 534
1740039703889 29.019806 535
1740039704653 28.744999 536
1740039705411 28.51803 537
1740039706168 28.423529 538
1740039706936 28.238306 539
1740039707718 28.226551 540
1740039708500 28.30328 541
1740039709252 28.101713 542
1740039710018 28.017923 543
1740039710784 27.771963 544
1740039711535 27.64674 545
1740039712316 27.64294 546
1740039713100 27.452158 547
1740039713867 27.453325 548
1740039714634 27.309227 549
1740039715401 27.267277 550
1740039716167 27.212072 551
1740039716934 27.023703 552
1740039717700 26.961443 553
1740039718468 26.743925 554
1740039719250 26.61368 555
1740039720017 26.576149 556
1740039720769 26.356575 557
1740039721550 26.239965 558
1740039722334 26.069054 559
1740039723108 25.972208 560
1740039723859 25.896168 561
1740039724609 25.78396 562
1740039725358 25.572615 563
1740039726109 25.397552 564
1740039726883 25.256914 565
1740039727667 25.178286 566
1740039728466 24.99389 567
1740039729250 25.007832 568
1740039730034 24.96134 569
1740039730816 24.869648 570
1740039731584 24.876293 571
1740039732368 24.791138 572
1740039733153 24.801714 573
1740039733924 24.768028 574
1740039734703 24.814526 575
1740039735489 24.894447 576
1740039736253 24.917294 577
1740039737052 24.928478 578
1740039737819 24.675278 579
1740039738569 24.828623 580
1740039739322 24.493364 581
1740039740085 24.620096 582
1740039740850 24.370577 583
1740039741634 24.405361 584
1740039742431 24.219051 585
1740039743232 24.239077 586
1740039744016 24.18575 587
1740039744799 24.284058 588
1740039745567 24.202555 589
1740039746366 24.298485 590
1740039747119 24.107996 591
1740039747900 24.388426 592
1740039748684 24.117214 593
1740039749450 24.581688 594
1740039750217 24.335487 595
1740039750984 24.335424 596
1740039751751 24.53815 597
1740039752534 24.307411 598
1740039753300 24.55604 599
1740039754083 24.344942 600
1740039754835 24.48086 601
1740039755617 24.406935 602
1740039756384 24.428957 603
1740039757147 24.322609 604
1740039757925 24.37954 605
1740039758695 24.50038 606
1740039759460 24.61117 607
1740039760244 24.597807 608
1740039761009 24.809942 609
1740039761879 24.666706 610
1740039762637 25.10805 611
1740039763417 24.707891 612
1740039764186 25.383814 613
1740039764963 24.90422 614
1740039765743 25.632462 615
1740039766537 25.301422 616
1740039767313 25.470587 617
1740039768092 25.639696 618
1740039768862 25.460257 619
1740039769631 25.53953 620
1740039770406 25.616543 621
1740039771193 25.69393 622
1740039771970 25.902168 623
1740039772808 25.74561 624
1740039773642 25.780807 625
1740039774501 25.638086 626
1740039775291 25.620935 627
1740039776073 25.667534 628
1740039776853 25.633057 629
1740039777912 25.587837 630
1740039779569 25.796627 631
1740039781257 25.794443 632
1740039782864 25.93177 633
1740039784267 25.811953 634
1740039784907 25.850786 635
1740039785548 25.770494 636
1740039786233 25.711239 637
1740039787002 25.810375 638
1740039787781 25.59853 639
1740039788544 26.109577 640
1740039789312 26.042961 641
1740039790106 26.496418 642
1740039790856 26.51834 643
1740039791674 26.71739 644
1740039792487 26.816229 645
1740039793272 26.79357 646
1740039794047 26.854996 647
1740039794813 26.914028 648
1740039795566 26.918133 649
1740039796312 27.016891 650
1740039797058 26.810751 651
1740039797810 26.993948 652
1740039798574 26.979069 653
1740039799332 27.243502 654
1740039800075 27.10364 655
1740039800828 27.550095 656
1740039801571 27.396385 657
1740039802323 27.824152 658
1740039803077 27.463808 659
1740039803830 27.69285 660
1740039804599 27.145819 661
1740039805362 27.732649 662
1740039806134 27.154085 663
1740039806887 27.741667 664
1740039807639 27.745972 665
1740039808382 27.61359 666
1740039809131 27.785595 667
1740039809882 27.593899 668
1740039810638 27.785389 669
1740039811404 27.848455 670
1740039812180 27.786612 671
1740039812968 28.036808 672
1740039813720 28.00195 673
1740039814501 28.067795 674
1740039815258 27.903751 675
1740039816014 27.760433 676
1740039816765 27.61085 677
1740039817507 27.392849 678
1740039818265 27.214207 679
1740039819021 27.205547 680
1740039819774 27.279192 681
1740039820525 27.326265 682
1740039821276 27.380333 683
1740039822024 27.20962 684
1740039822763 27.290573 685
1740039823515 27.215082 686
1740039824271 27.416838 687
1740039825018 27.53182 688
1740039825761 27.685648 689
1740039827319 27.709473 0
1740039828063 27.913565 1
1740039828816 27.966278 2
1740039829554 28.169807 3
1740039830299 27.996563 4
1740039831046 28.324455 5
1740039831792 27.991823 6
1740039832552 28.284227 7
1740039833299 28.184256 8
1740039834051 28.491257 9
1740039834805 28.608685 10
1740039835551 28.458218 11
1740039836304 28.65471 12
1740039837052 28.305597 13
1740039837818 29.007261 14
1740039838565 28.200819 15
1740039839324 28.70405 16
1740039840078 28.371834 17
1740039840820 28.257856 18
1740039841565 28.416279 19
1740039842417 28.42195 20
1740039843202 28.387426 21
1740039843959 28.51561 22
1740039844707 28.47663 23
1740039845469 28.584898 24
1740039846215 28.725178 25
1740039846993 28.613773 26
1740039847749 28.94892 27
1740039848509 28.815958 28
1740039849268 29.024244 29
1740039850023 28.998592 30
1740039850783 29.181757 31
1740039851571 29.192175 32
1740039852360 29.400232 33
1740039853138 29.337282 34
1740039853911 29.290232 35
1740039854699 29.409878 36
1740039855458 29.285887 37
1740039856220 29.136694 38
1740039856979 29.06778 39
1740039857749 28.726326 40
1740039858543 28.66752 41
1740039859324 28.42824 42
1740039860106 28.5113 43
1740039860873 28.323895 44
1740039861629 28.380184 45
1740039862409 28.392538 46
1740039863194 28.269817 47
1740039863990 28.310572 48
1740039864770 27.94382 49
1740039865560 27.69932 50
1740039866352 27.682137 51
1740039867139 27.943733 52
1740039867921 28.453806 53
1740039868696 28.996859 54
1740039869481 29.538403 55
1740039870224 30.247711 56
1740039870970 31.038761 57
1740039871734 31.712772 58
1740039872484 32.139854 59
1740039873235 32.17235 60
1740039873971 32.272263 61
1740039874712 32.2204 62
1740039875462 32.22564 63
1740039876210 32.1792 64
1740039876952 32.062256 65
1740039877693 32.07355 66
1740039878440 31.791727 67
1740039879193 31.81333 68
1740039879944 31.6171 69
1740039880691 31.609932 70
1740039881438 31.516344 71
1740039882184 31.36658 72
1740039882927 31.386988 73
1740039883671 31.041746 74
1740039884416 31.033142 75
1740039885153 30.885113 76
1740039885882 30.849464 77
1740039886609 30.854237 78
1740039887346 30.801853 79
1740039888100 30.596355 80
1740039888837 30.59148 81
1740039889580 30.341602 82
1740039890320 30.521542 83
1740039891054 30.196325 84
1740039891791 30.325527 85
1740039892532 29.945375 86
1740039893277 29.873348 87
1740039894031 29.656681 88
1740039894778 29.498093 89
1740039895527 29.404509 90
1740039896271 29.267445 91
1740039897019 29.341814 92
1740039897766 29.244324 93
1740039898512 29.386627 94
1740039899259 29.344559 95
1740039900017 29.695375 96
1740039900765 29.39947 97
1740039901509 29.515608 98
1740039902261 29.03081 99
1740039903007 29.06295 100
1740039903753 28.749588 101
1740039904508 28.78937 102
1740039905256 28.560707 103
1740039906002 28.574863 104
1740039906750 28.27417 105
1740039907499 28.428442 106
1740039908246 27.84826 107
1740039908997 28.101088 108
1740039909748 27.70866 109
1740039910499 27.84291 110
1740039911254 27.871363 111
1740039912025 28.013742 112
1740039912775 28.007542 113
1740039913526 27.982195 114
1740039914282 27.965261 115
1740039915037 27.895754 116
1740039915797 27.895672 117
1740039916581 27.768602 118
1740039917370 27.611864 119
1740039918237 27.612152 120
1740039918993 27.486502 121
1740039919748 27.598894 122
1740039920500 27.49355 123
1740039921321 27.649199 124
1740039922078 27.54549 125
1740039922833 27.571922 126
1740039923575 27.262615 127
1740039924339 27.424143 128
1740039925105 27.140833 129
1740039925918 27.323387 130
1740039926663 26.93093 131
1740039927413 26.88175 132
1740039928161 26.682255 133
1740039928901 26.817371 134
1740039929654 26.642296 135
1740039930397 26.73185 136
1740039931141 26.578169 137
1740039931881 26.777544 138
1740039932622 26.83596 139
1740039933378 26.939636 140
1740039934138 26.795961 141
1740039934889 26.75566 142
1740039935720 26.799847 143
1740039936492 26.924726 144
1740039937240 27.041939 145
1740039937984 27.091106 146
1740039938733 27.049026 147
1740039939483 27.13022 148
1740039940233 27.215002 149
1740039940993 27.202482 150
1740039941744 27.307467 151
1740039942493 27.024939 152
1740039943249 27.202703 153
1740039944003 27.044712 154
1740039944824 27.695286 155
1740039945679 27.394623 156
1740039946425 27.861729 157
1740039947168 27.491213 158
1740039947920 27.882912 159
1740039948662 27.743238 160
1740039949410 28.190428 161
1740039950156 28.139484 162
1740039950903 28.269938 163
1740039951645 28.182863 164
1740039952392 28.365871 165
1740039953147 28.31297 166
1740039953899 28.390957 167
1740039954649 28.284119 168
1740039955402 28.604425 169
1740039956164 28.306086 170
1740039956912 28.824883 171
1740039957669 28.462881 172
1740039958414 28.807121 173
1740039959162 28.52462 174
1740039959915 28.579897 175
1740039960657 28.483805 176
1740039961402 28.15511 177
1740039962158 28.245628 178
1740039962908 27.95461 179
1740039963646 28.040905 180
1740039964384 27.65168 181
1740039965123 27.723028 182
1740039965858 27.646795 183
1740039966604 27.785769 184
1740039967350 27.755453 185
1740039968094 27.979122 186
1740039968832 27.904707 187
1740039969574 28.233656 188
1740039970340 27.992062 189
1740039971089 28.258709 190
1740039971842 28.124557 191
1740039972592 28.76836 192
1740039973341 28.54707 193
1740039974093 29.08829 194
1740039974829 29.007137 195
1740039975571 29.208832 196
1740039976307 29.40373 197
1740039977045 29.400803 198
1740039977789 30.085445 199
1740039978526 29.822098 200
1740039979262 30.33313 201
1740039979998 29.78584 202
1740039980733 30.408173 203
1740039981473 30.002548 204
1740039982218 30.106134 205
1740039982981 30.007097 206
1740039983734 29.73748 207
1740039984479 29.678164 208
1740039985238 29.383488 209
1740039986027 29.165655 210
1740039986755 28.912552 211
1740039987504 28.776031 212
1740039988260 28.49685 213
1740039989004 28.556942 214
1740039989760 28.54748 215
1740039990516 28.392365 216
1740039991270 28.23167 217
1740039992005 28.15013 218
1740039992761 28.123705 219
1740039993595 28.004206 220
1740039994342 28.109522 221
1740039995093 28.215895 222
1740039995840 28.503094 223
1740039996602 28.424597 224
1740039997344 28.80351 225
1740039998092 28.580177 226
1740039998839 29.225735 227
1740039999589 28.863167 228
1740040000339 29.535175 229
1740040001078 29.023954 230
1740040001817 29.33657 231
1740040002554 29.173624 232
1740040003294 29.152046 233
1740040004036 29.00686 234
1740040004777 28.961864 235
1740040005517 28.829424 236
1740040006256 28.655285 237
1740040006994 28.559107 238
1740040007744 28.420748 239
1740040008474 28.727388 240
1740040009226 28.768974 241
1740040009991 28.830357 242
1740040010783 28.696577 243
1740040011518 28.63612 244
1740040012266 28.420855 245
1740040013005 28.270782 246
1740040013752 28.286747 247
1740040014489 28.432333 248
1740040015235 28.657324 249
1740040015974 28.670017 250
1740040016717 28.786411 251
1740040017459 28.728283 252
1740040018204 28.67557 253
1740040018949 28.59954 254
1740040019695 28.52949 255
1740040020442 28.911137 256
1740040021188 29.07418 257
1740040021932 29.379902 258
1740040022678 29.400534 259
1740040023423 29.32957 260
1740040024170 29.371714 261
1740040024925 29.347834 262
1740040025680 29.404537 263
1740040026431 29.242289 264
1740040027172 29.511875 265
1740040027922 29.791548 266
1740040028669 29.971367 267
1740040029419 30.41143 268
1740040030161 30.463232 269
1740040030902 30.336401 270
1740040031648 30.501263 271
1740040032390 30.594095 272
1740040033130 30.537937 273
1740040033872 30.884645 274
1740040034616 30.759737 275
1740040035363 31.0026 276
1740040036113 30.74668 277
1740040036860 30.5316 278
1740040037608 30.417816 279
1740040038353 30.33791 280
1740040039100 30.346973 281
1740040039847 30.808895 282
1740040040586 30.995413 283
1740040041335 31.355907 284
1740040042082 31.355698 285
1740040042834 31.618559 286
1740040043570 31.415401 287
1740040044319 31.834948 288
1740040045059 31.699339 289
1740040045803 32.027653 290
1740040046548 32.017223 291
1740040047294 32.51784 292
1740040048042 32.47312 293
1740040048788 32.582573 294
1740040049536 32.504128 295
1740040050286 32.40254 296
1740040051027 32.489063 297
1740040051764 32.54738 298
1740040052494 32.863163 299
1740040053253 32.85558 300
1740040053993 32.94773 301
1740040054740 32.97484 302
1740040055475 33.187183 303
1740040056216 33.01766 304
1740040056956 33.431244 305
1740040057728 33.071133 306
1740040058470 33.64833 307
1740040059212 33.024155 308
1740040059950 33.640156 309
1740040060684 33.567055 310
1740040061415 33.770973 311
1740040062145 34.20813 312
1740040062880 33.88917 313
1740040063615 34.083202 314
1740040064352 34.23513 315
1740040065092 34.450375 316
1740040065830 34.529396 317
1740040066566 34.59648 318
1740040067310 34.687706 319
1740040068134 34.479603 320
1740040068874 34.5568 321
1740040069615 34.440475 322
1740040070359 34.80507 323
1740040071096 34.68108 324
1740040071836 35.285275 325
1740040072576 35.334957 326
1740040073312 35.906574 327
1740040074059 35.769016 328
1740040074797 36.22702 329
1740040075539 36.083714 330
1740040076273 36.145245 331
1740040077025 36.337086 332
1740040077760 36.417206 333
1740040078500 36.67238 334
1740040079237 36.37522 335
1740040079977 36.29889 336
1740040080718 35.699814 337
1740040081460 35.69071 338
1740040082203 35.451054 339
1740040082945 35.80967 340
1740040083686 35.431255 341
1740040084423 35.33645 342
1740040085161 35.15333 343
1740040085898 35.222633 344
1740040086637 35.174496 345
1740040087392 35.396275 346
1740040088130 35.345303 347
1740040088869 35.759785 348
1740040089614 35.295506 349
1740040090363 35.470642 350
1740040091108 35.31483 351
1740040091852 35.239788 352
1740040092587 35.221428 353
1740040093335 35.03549 354
1740040094072 35.31379 355
1740040094814 35.259933 356
1740040095556 35.118713 357
1740040096297 35.069664 358
1740040097042 34.46509 359
1740040097789 34.63621 360
1740040098530 34.111843 361
1740040099267 34.27794 362
1740040100012 33.77334 363
1740040100748 33.910923 364
1740040101486 33.81026 365
1740040102218 33.62515 366
1740040102964 33.47734 367
1740040103705 33.394596 368
1740040104444 33.560814 369
1740040105182 33.75056 370
1740040105934 34.063103 371
1740040106670 34.282574 372
1740040107414 34.223007 373
1740040108150 34.452705 374
1740040108889 34.265324 375
1740040109626 34.530865 376
1740040110363 34.085445 377
1740040111103 34.48432 378
1740040111845 34.041527 379
1740040112583 34.695454 380
1740040113322 34.407207 381
1740040114068 34.61965 382
1740040114803 34.713783 383
1740040115537 34.703312 384
1740040116270 34.824997 385
1740040117031 34.748775 386
1740040117776 34.958496 387
1740040118523 34.950573 388
1740040119270 34.946518 389
1740040120013 35.235104 390
1740040120762 35.275715 391
1740040121522 35.545155 392
1740040122285 35.62959 393
1740040123022 35.567463 394
1740040123756 35.76426 395
1740040124496 35.67751 396
1740040125248 35.74528 397
1740040125990 35.8761 398
1740040126724 35.954994 399
1740040127462 36.232388 400
1740040128199 36.10563 401
1740040128929 36.674953 402
1740040129662 36.401283 403
1740040130394 37.076668 404
1740040131132 36.8067 405
1740040131867 37.075542 406
1740040132602 36.92923 407
1740040133340 36.76848 408
1740040134085 36.63741 409
1740040134823 36.566826 410
1740040135558 36.264217 411
1740040136297 36.383003 412
1740040137031 36.28768 413
1740040137769 36.339878 414
1740040138510 36.16734 415
1740040139250 36.200928 416
1740040139996 35.909702 417
1740040140734 36.038525 418
1740040141472 35.73317 419
1740040142305 35.849117 420
1740040143046 35.767937 421
1740040143785 35.927708 422
1740040144523 35.6828 423
1740040145260 35.802284 424
1740040145999 35.372414 425
1740040146733 35.772446 426
1740040147537 35.197906 427
1740040148392 35.428673 428
1740040149211 35.13185 429
1740040149985 35.460445 430
1740040150722 34.909264 431
1740040151473 35.18553 432
1740040152210 34.690098 433
1740040152950 34.919533 434
1740040153703 34.362797 435
1740040154444 34.69063 436
1740040155195 34.514194 437
1740040155941 34.651768 438
1740040156686 34.268627 439
1740040157433 34.161587 440
1740040158182 34.003006 441
1740040158937 33.740425 442
1740040159687 33.37267 443
1740040160435 33.642868 444
1740040161183 33.000053 445
1740040161935 33.31361 446
1740040162692 32.63805 447
1740040163460 32.92293 448
1740040164208 32.453293 449
1740040164946 32.56542 450
1740040165700 32.155056 451
1740040166449 32.22903 452
1740040167206 32.02783 453
1740040168475 31.750847 454
1740040170079 31.784079 455
1740040171643 31.298504 456
1740040173233 31.34082 457
1740040174809 31.236393 458
1740040176532 31.08819 459
1740040178266 31.170332 460
1740040179957 31.159819 461
1740040180777 30.836063 462
1740040181420 30.98703 463
1740040182113 30.707819 464
1740040182772 31.005606 465
1740040183489 30.389147 466
1740040184244 30.673021 467
1740040184997 29.8741 468
1740040185756 29.449335 469
1740040186527 28.84501 470
1740040187288 28.118284 471
1740040188032 27.693937 472
1740040188782 27.530676 473
1740040189552 27.47678 474
1740040190296 27.614979 475
1740040191062 27.846193 476
1740040191819 27.979034 477
1740040192612 28.025537 478
1740040193364 28.193369 479
1740040194120 27.842289 480
1740040194892 27.94411 481
1740040195637 27.621822 482
1740040196400 27.510317 483
1740040197154 27.323286 484
1740040197896 27.039967 485
1740040198708 26.864525 486
1740040199567 26.676466 487
1740040200405 26.408474 488
1740040201279 26.395864 489
1740040202143 26.098566 490
1740040202997 26.102589 491
1740040203859 25.735548 492
1740040204693 25.768978 493
1740040205519 25.442047 494
1740040206294 25.369947 495
1740040207062 24.983753 496
1740040207846 24.8308 497
1740040208628 24.91624 498
1740040209379 24.652605 499
1740040210134 24.629572 500
1740040210904 24.516516 501
1740040211657 24.580645 502
1740040212417 24.228737 503
1740040213184 24.335514 504
1740040213923 23.940783 505
1740040214673 24.016172 506
1740040215428 23.546703 507
1740040216185 23.302334 508
1740040216944 22.873615 509
1740040217726 22.747635 510
1740040218541 22.398014 511
1740040219305 22.474766 512
1740040220058 22.150322 513
1740040220813 22.175367 514
1740040221571 21.977354 515
1740040222324 22.25367 516
1740040223069 21.94455 517
1740040223812 22.091915 518
1740040224553 21.828646 519
1740040225420 22.097075 520
1740040226167 21.778358 521
1740040226916 22.087246 522
1740040227681 21.885864 523
1740040228427 21.928938 524
1740040229164 22.027132 525
1740040229922 22.054567 526
1740040230698 22.164465 527
1740040231440 22.050827 528
1740040232191 21.997051 529
1740040232941 22.055908 530
1740040233681 22.01722 531
1740040234436 22.16941 532
1740040235183 21.927723 533
1740040235923 22.240665 534
1740040236680 21.740252 535
1740040237417 22.105635 536
1740040238166 21.763556 537
1740040239026 22.051315 538
1740040239867 21.92114 539
1740040240757 21.889599 540
1740040241562 21.755537 541
1740040242313 21.785381 542
1740040243081 21.719004 543
1740040243902 22.189589 544
1740040244760 21.827805 545
1740040245501 22.07221 546
1740040246273 21.645512 547
1740040247022 21.490356 548
1740040247781 21.235344 549
1740040248592 20.840912 550
1740040249382 20.374374 551
1740040250123 19.98863 552
1740040250881 19.741549 553
1740040251663 19.809252 554
1740040252426 19.643631 555
1740040253189 19.784794 556
1740040253945 19.800709 557
1740040254697 20.339693 558
1740040255446 20.583933 559
1740040256696 21.047215 560
1740040258270 21.103292 561
1740040259857 21.17054 562
1740040261428 20.993587 563
1740040263014 20.693342 564
1740040264582 20.485134 565
1740040266172 20.518753 566
1740040267745 20.110954 567
1740040269337 20.11375 568
1740040270913 19.735685 569
1740040272569 19.99964 570
1740040274213 19.527464 571
1740040275810 19.827332 572
1740040277401 19.45668 573
1740040278985 19.348413 574
1740040280580 19.248564 575
1740040282156 18.848652 576
1740040283837 18.824203 577
1740040285462 18.595182 578
1740040287547 18.63816 579
1740040288936 18.476181 580
1740040289662 18.47588 581
1740040290305 18.170507 582
1740040290978 18.254707 583
1740040291611 18.014936 584
1740040292246 18.200762 585
1740040292885 18.215595 586
1740040293596 18.359581 587
1740040294360 18.446068 588
1740040295112 18.530077 589
1740040295906 18.559372 590
1740040296747 18.451166 591
1740040297513 18.525787 592
1740040298272 18.593397 593
1740040299022 18.519476 594
1740040299862 18.689266 595
1740040300629 18.55853 596
1740040301412 18.783941 597
1740040302187 18.707006 598
1740040302935 18.898342 599
1740040303686 18.755898 600
1740040304432 18.996878 601
1740040305171 18.701637 602
1740040305946 18.87733 603
1740040306695 18.619894 604
1740040307443 18.977707 605
1740040308212 18.60455 606
1740040308964 19.096584 607
1740040309721 18.841698 608
1740040310486 18.946285 609
1740040311272 18.94063 610
1740040312032 19.03386 611
1740040312785 19.033611 612
1740040313535 19.271498 613
1740040314299 19.086494 614
1740040315159 19.236563 615
1740040315914 19.33606 616
1740040316731 19.457726 617
1740040317599 19.569834 618
1740040318363 19.399149 619
1740040319199 19.583496 620
1740040320083 19.50506 621
1740040320867 19.576761 622
1740040321604 19.801064 623
1740040322351 19.751625 624
1740040323096 19.749413 625
1740040323850 19.45092 626
1740040324579 19.397348 627
1740040325311 19.005367 628
1740040326042 18.663464 629
1740040326780 18.295464 630
1740040327515 18.014648 631
1740040328256 17.934763 632
1740040329000 18.027859 633
1740040329745 18.176441 634
1740040330492 18.786272 635
1740040331230 18.991032 636
1740040331983 19.256025 637
1740040332732 19.343107 638
1740040333488 19.477222 639
1740040334238 19.258497 640
1740040334971 19.372417 641
1740040335718 19.061241 642
1740040336458 19.053171 643
1740040337208 18.604773 644
1740040337954 18.80197 645
1740040338715 18.204788 646
1740040339461 18.316074 647
1740040340208 17.86161 648
1740040340951 17.900103 649
1740040341695 17.823568 650
1740040342445 17.71577 651
1740040343191 17.747025 652
1740040343947 17.45543 653
1740040344706 17.58762 654
1740040345453 17.228306 655
1740040346232 17.673698 656
1740040346989 17.353857 657
1740040347724 17.843927 658
1740040348495 17.33192 659
1740040349268 17.481985 660
1740040350019 17.245504 661
1740040350776 17.220943 662
1740040351521 17.320566 663
1740040352263 17.414927 664
1740040353025 17.55854 665
1740040353799 17.464981 666
1740040354554 17.663473 667
1740040355300 17.663654 668
1740040356048 17.823599 669
1740040356804 18.019531 670
1740040357554 18.045698 671
1740040358648 17.954332 672
1740040360244 17.994152 673
1740040361825 17.956448 674
1740040363426 18.217299 675
1740040365017 18.096453 676
1740040366611 17.992836 677
1740040368192 18.099293 678
1740040369797 18.2447 679
1740040371377 18.485811 680
1740040373079 18.405998 681
1740040374701 18.565378 682
1740040376325 18.252554 683
1740040377159 18.460604 684
1740040377811 18.34097 685
1740040378456 18.589716 686
1740040379106 18.381565 687
1740040379751 18.412394 688
1740040380399 18.481627 689
1740040381905 18.6047 0
1740040382616 18.644163 1
1740040383381 18.544737 2
1740040384115 18.686413 3
1740040384865 18.624588 4
1740040385611 18.931723 5
1740040386367 18.283052 6
1740040387120 18.271528 7
1740040387881 17.669601 8
1740040388634 17.816093 9
1740040389417 17.804937 10
1740040390231 17.900482 11
1740040390998 18.045734 12
1740040391756 18.033108 13
1740040392506 18.503298 14
1740040393255 18.342804 15
1740040394001 18.748814 16
1740040394749 18.434002 17
1740040395497 18.67984 18
1740040396324 18.376316 19
1740040397132 18.498337 20
1740040397992 18.373781 21
1740040398883 18.616459 22
1740040399639 18.583544 23
1740040400404 18.747158 24
1740040401188 18.554155 25
1740040401943 18.563002 26
1740040402703 18.388157 27
1740040403470 18.3539 28
1740040404253 18.505941 29
1740040405096 18.429325 30
1740040406092 18.561419 31
1740040407690 18.007092 32
1740040409433 18.288212 33
1740040411261 17.694653 34
1740040412951 18.269724 35
1740040413670 17.786272 36
1740040414316 17.946238 37
1740040414961 17.954885 38
1740040415711 17.783035 39
1740040416460 18.05163 40
1740040417205 17.820171 41
1740040417956 18.40577 42
1740040418711 18.242275 43
1740040419481 18.610327 44
1740040420245 18.333263 45
1740040420992 18.284433 46
1740040421732 18.487982 47
1740040422475 18.60972 48
1740040423221 18.579422 49
1740040423966 18.650015 50
1740040424709 18.534752 51
1740040425504 18.740742 52
1740040426280 18.766832 53
1740040427101 18.902725 54
1740040427894 19.072285 55
1740040428678 19.052616 56
1740040429444 19.080393 57
1740040430177 19.154764 58
1740040430911 19.023674 59
1740040431651 18.945875 60
1740040432405 18.98744 61
1740040433145 19.23355 62
1740040433951 19.491331 63
1740040434711 19.635395 64
1740040435441 19.556585 65
1740040436189 19.70009 66
1740040436916 19.516575 67
1740040437649 19.494946 68
1740040438382 18.760103 69
1740040439133 18.549446 70
1740040439882 17.874794 71
1740040440621 17.941896 72
1740040441382 17.993711 73
1740040442181 18.196718 74
1740040442926 18.423302 75
1740040443666 18.61673 76
1740040444418 18.742943 77
1740040445151 19.064241 78
1740040445875 19.211905 79
1740040446620 19.08677 80
1740040447348 19.06228 81
1740040448077 18.817694 82
1740040448814 18.9601 83
1740040449567 18.597736 84
1740040450303 18.840776 85
1740040451041 18.561745 86
1740040451794 18.699463 87
1740040452551 18.391169 88
1740040453294 18.563662 89
1740040454042 18.210913 90
1740040454881 18.324419 91
1740040455641 18.078972 92
1740040456393 18.172697 93
1740040457143 17.896011 94
1740040457899 18.272245 95
1740040458661 17.72559 96
1740040459408 18.088814 97
1740040460171 17.8854 98
1740040460925 17.887804 99
1740040461683 17.818434 100
1740040462406 17.68904 101
1740040463143 17.74588 102
1740040463901 17.66471 103
1740040464660 17.833132 104
1740040465411 17.781847 105
1740040466160 17.912249 106
1740040466921 17.964018 107
1740040467692 18.139467 108
1740040468434 18.09837 109
1740040469251 18.022314 110
1740040470073 17.94475 111
1740040470901 18.098604 112
1740040471652 17.836887 113
1740040472469 18.349808 114
1740040473217 17.855068 115
1740040473968 18.487886 116
1740040474727 17.901096 117
1740040475521 18.49183 118
1740040476266 18.196367 119
1740040477012 18.130846 120
1740040477761 17.7456 121
1740040478564 17.404911 122
1740040479322 17.227959 123
1740040480143 17.210524 124
1740040480921 17.03908 125
1740040481705 16.935154 126
1740040482481 16.941193 127
1740040483251 17.171846 128
1740040484021 17.305792 129
1740040484883 17.356989 130
1740040485636 17.41668 131
1740040486401 17.449495 132
1740040487166 17.393688 133
1740040487934 17.326256 134
1740040488706 17.127615 135
1740040489494 17.20126 136
1740040490257 16.981155 137
1740040491003 17.003595 138
1740040491767 16.79868 139
1740040492525 16.951836 140
1740040493274 16.824694 141
1740040494031 16.972174 142
1740040494786 16.602087 143
1740040495531 16.730175 144
1740040496271 16.76384 145
1740040497026 17.066708 146
1740040497814 16.824142 147
1740040498577 17.220694 148
1740040499401 16.722866 149
1740040500211 17.613344 150
1740040501011 17.10447 151
1740040501793 17.196669 152
1740040503248 17.21426 153
1740040504852 16.802368 154
1740040506429 17.13721 155
1740040508037 16.853283 156
1740040509629 17.052448 157
1740040511234 16.922945 158
1740040512818 16.946236 159
1740040514418 17.114517 160
1740040516023 16.970434 161
1740040517640 16.99989 162
1740040519237 16.781277 163
1740040520851 16.800882 164
1740040522441 16.703014 165
1740040524062 16.837221 166
1740040525658 16.658768 167
1740040527297 16.802956 168
1740040528913 16.730223 169
1740040530503 16.76231 170
1740040532114 16.805994 171
1740040533707 16.755747 172
1740040535311 16.68255 173
1740040536904 16.623701 174
1740040538503 16.608494 175
1740040540078 16.639748 176
1740040541665 16.65478 177
1740040543327 16.412413 178
1740040544924 16.630285 179
1740040546494 16.151085 180
1740040548083 16.641747 181
1740040549657 16.0147 182
1740040551251 16.407902 183
1740040552825 16.206825 184
1740040554420 16.218616 185
1740040556019 16.108435 186
1740040557635 16.15728 187
1740040559210 16.030375 188
1740040560810 15.973286 189
1740040562392 15.979762 190
1740040564009 15.974554 191
1740040565590 16.01209 192
1740040567189 15.8876505 193
1740040568762 16.12803 194
1740040570357 15.770486 195
1740040571948 16.127386 196
1740040573552 15.970381 197
1740040575152 16.16193 198
1740040576752 16.003918 199
1740040578362 16.2034 200
1740040579960 16.010777 201
1740040581566 16.158762 202
1740040583153 15.947693 203
1740040584768 16.161936 204
1740040586336 15.876904 205
1740040587936 16.275702 206
1740040589537 16.163126 207
1740040591136 16.26075 208
1740040592716 16.13762 209
1740040594324 16.338022 210
1740040595914 16.024782 211
1740040597514 16.44598 212
1740040599105 16.033476 213
1740040600722 16.527342 214
1740040602314 16.291183 215
1740040603915 16.435081 216
1740040605501 16.362333 217
1740040607094 16.102457 218
1740040608676 16.09231 219
1740040610279 15.992667 220
1740040611877 16.30927 221
1740040613470 16.253914 222
1740040615264 16.27168 223
1740040616953 16.016323 224
1740040618717 16.206272 225
1740040619621 15.972151 226
1740040620261 16.210106 227
1740040620898 15.995153 228
1740040621542 16.29158 229
1740040622256 15.995733 230
1740040622889 16.196392 231
1740040623523 16.055935 232
1740040624157 16.302061 233
1740040624817 15.838974 234
1740040625613 15.929794 235
1740040626371 15.834937 236
1740040627128 15.907914 237
1740040627884 15.999152 238
1740040628634 15.970478 239
1740040629421 16.015392 240
1740040630175 15.830314 241
1740040630948 15.774111 242
1740040631713 15.703844 243
1740040632461 15.699095 244
1740040633271 15.652732 245
1740040634076 15.904213 246
1740040634816 15.662953 247
1740040635552 15.858466 248
1740040636337 15.4747715 249
1740040637091 15.810051 250
1740040637881 15.545609 251
1740040638651 15.826633 252
1740040639408 15.565403 253
1740040640159 15.616245 254
1740040640906 15.673169 255
1740040641652 15.749274 256
1740040642402 15.859499 257
1740040643174 15.648216 258
1740040643936 15.559095 259
1740040644686 15.356845 260
1740040645425 15.450488 261
1740040646201 15.434593 262
1740040646945 15.559314 263
1740040647691 15.397476 264
1740040648435 15.527588 265
1740040649191 15.362102 266
1740040649949 15.443242 267
1740040650719 15.2086315 268
1740040651495 15.423888 269
1740040652247 15.202836 270
1740040653001 15.55908 271
1740040653844 15.100314 272
1740040654722 15.418367 273
1740040655502 14.921613 274
1740040656277 15.474954 275
1740040657029 15.173928 276
1740040657779 15.391257 277
1740040658524 15.340626 278
1740040659277 15.251495 279
1740040660015 15.3430805 280
1740040661008 15.478367 281
1740040662591 15.4466715 282
1740040664184 15.642677 283
1740040665767 15.349567 284
1740040667367 15.52722 285
1740040668949 15.319926 286
1740040670543 15.773211 287
1740040672119 15.482006 288
1740040673710 15.618216 289
1740040675283 15.38905 290
1740040676872 15.50405 291
1740040678522 15.423884 292
1740040680136 15.491229 293
1740040681756 15.483767 294
1740040682859 15.5330515 295
1740040683502 15.797138 296
1740040684145 15.592782 297
1740040684779 15.758815 298
1740040685418 15.573435 299
1740040686062 15.774056 300
1740040686719 15.552371 301
1740040687368 15.774597 302
1740040688119 15.75886 303
1740040688889 15.652982 304
1740040689655 15.61738 305
1740040690437 15.421862 306
1740040691198 15.58741 307
1740040691967 15.270254 308
1740040692747 15.371937 309
1740040693554 15.216508 310
1740040694341 15.074441 311
1740040695116 15.002239 312
1740040695891 14.970047 313
1740040696666 15.070969 314
1740040697451 15.123961 315
1740040698221 14.994122 316
1740040698966 15.077269 317
1740040699713 15.048536 318
1740040700507 15.123139 319
1740040701272 14.955377 320
1740040702021 15.006508 321
1740040702783 14.686134 322
1740040703566 14.8843565 323
1740040704333 14.7097435 324
1740040705470 15.055553 325
1740040707061 14.814598 326
1740040708656 14.90639 327
1740040710254 14.784107 328
1740040711841 14.907321 329
1740040713727 14.70439 330
1740040715329 14.920018 331
1740040716935 14.532914 332
1740040718509 14.802356 333
1740040720112 14.658873 334
1740040721686 14.908103 335
1740040723286 14.617714 336
1740040724867 14.751371 337
1740040726472 14.448941 338
1740040728060 14.65983 339
1740040729666 14.264984 340
1740040731249 14.630728 341
1740040732851 14.33785 342
1740040734438 14.6803665 343
1740040736044 14.488919 344
1740040737637 14.483042 345
1740040739239 14.384059 346
1740040740825 14.356119 347
1740040742424 14.358803 348
1740040744032 14.252995 349
1740040745621 14.345674 350
1740040747215 14.394832 351
1740040748801 14.4489565 352
1740040750412 14.396541 353
1740040751994 14.489006 354
1740040753591 14.243509 355
1740040755174 14.61886 356
1740040756783 14.191937 357
1740040758374 14.601032 358
1740040759987 14.1313505 359
1740040761563 14.629423 360
1740040763179 14.180178 361
1740040764756 14.431565 362
1740040766366 14.422464 363
1740040767955 14.269188 364
1740040769781 14.296396 365
1740040771404 14.221986 366
1740040773081 14.333291 367
1740040774687 14.1239395 368
1740040776389 14.314508 369
1740040778956 14.139249 370
1740040780592 14.310364 371
1740040781236 14.292098 372
1740040781862 14.493918 373
1740040782505 14.26369 374
1740040783158 14.445136 375
1740040783821 14.243499 376
1740040784453 14.499999 377
1740040785098 14.1976595 378
1740040785730 14.579511 379
1740040786477 14.451294 380
1740040787225 14.515821 381
1740040788123 14.444527 382
1740040788992 14.64403 383
1740040789761 14.485594 384
1740040790540 14.610887 385
1740040791334 14.352272 386
1740040792096 14.541059 387
1740040792852 14.153963 388
1740040793633 14.749026 389
1740040794392 14.2896595 390
1740040795161 14.457178 391
1740040795899 14.340235 392
1740040796625 14.326985 393
1740040797377 14.402197 394
1740040798131 14.569071 395
1740040798912 14.281731 396
1740040799658 14.620865 397
1740040800395 14.367215 398
1740040801147 14.552644 399
1740040801896 14.540209 400
1740040802642 14.250698 401
1740040803422 14.604593 402
1740040804175 14.434982 403
1740040804919 14.540685 404
1740040805674 14.542667 405
1740040806425 14.408075 406
1740040807176 14.743475 407
1740040808153 14.326695 408
1740040809767 14.745825 409
1740040811346 14.403756 410
1740040812944 14.618112 411
1740040814525 14.514201 412
1740040816119 14.592892 413
1740040817694 14.652184 414
1740040819297 14.6138735 415
1740040820873 14.801705 416
1740040822591 14.668586 417
1740040824191 14.691845 418
1740040825779 14.613821 419
1740040827405 14.4993305 420
1740040828981 14.58765 421
1740040830579 14.482312 422
1740040832151 14.646969 423
1740040833753 14.689548 424
1740040835331 14.814368 425
1740040836927 14.708006 426
1740040838495 14.712129 427
1740040840091 14.752667 428
1740040841657 14.96739 429
1740040843521 14.977315 430
1740040845095 15.360764 431
1740040846698 14.637195 432
1740040848270 15.140065 433
1740040849861 14.598637 434
1740040851443 14.773808 435
1740040853045 15.101638 436
1740040854631 14.882112 437
1740040856253 15.031255 438
1740040857869 15.08033 439
1740040859468 15.038078 440
1740040861080 15.31243 441
1740040862677 15.398884 442
1740040864292 15.328337 443
1740040865871 15.305662 444
1740040867469 15.496444 445
1740040869058 15.316416 446
1740040870696 15.40814 447
1740040872359 15.345823 448
1740040874449 15.623791 449
1740040875701 15.492425 450
1740040876415 15.614117 451
1740040877104 15.429982 452
1740040877775 15.716383 453
1740040878419 15.545856 454
1740040879064 15.943304 455
1740040879713 15.512543 456
1740040880357 15.6905155 457
1740040881004 15.635484 458
1740040881713 15.609793 459
1740040883369 15.89073 460
1740040884974 15.761504 461
1740040886591 16.047422 462
1740040887381 15.781304 463
1740040888022 15.856952 464
1740040888705 15.824836 465
1740040889469 15.983158 466
1740040890217 16.086716 467
1740040890977 16.038898 468
1740040891727 15.805553 469
1740040892476 16.165936 470
1740040893222 15.858594 471
1740040893984 16.244455 472
1740040894739 16.233492 473
1740040895485 16.381376 474
1740040896234 16.414406 475
1740040896975 16.257475 476
1740040897734 16.340704 477
1740040898475 16.226477 478
1740040899258 16.336395 479
1740040900014 16.290197 480
1740040900775 16.458466 481
1740040901530 15.995322 482
1740040902290 16.375196 483
1740040903080 16.034254 484
1740040903840 16.277853 485
1740040904601 16.198925 486
1740040905390 16.33645 487
1740040906141 16.087755 488
1740040906902 16.259066 489
1740040907658 15.839092 490
1740040908420 16.125128 491
1740040909170 15.956938 492
1740040909982 16.369465 493
1740040910746 16.010464 494
1740040911504 16.039906 495
1740040912290 15.982207 496
1740040913041 15.760449 497
1740040913865 15.9910555 498
1740040914616 15.584483 499
1740040915360 15.963 500
1740040916107 15.682923 501
1740040916859 15.866514 502
1740040917615 15.804945 503
1740040918355 15.63727 504
1740040919091 15.651548 505
1740040919833 15.618198 506
1740040920591 15.887948 507
1740040921385 15.889179 508
1740040922143 15.982545 509
1740040922895 15.900916 510
1740040923680 15.981874 511
1740040924442 15.696115 512
1740040925220 15.913335 513
1740040925994 15.628208 514
1740040926752 15.935036 515
1740040927500 15.611863 516
1740040928243 15.902003 517
1740040928987 15.674748 518
1740040929731 15.86203 519
1740040930488 15.657851 520
1740040931244 15.932911 521
1740040931991 15.732331 522
1740040932743 16.062384 523
1740040933489 15.642042 524
1740040934248 16.02568 525
1740040935011 15.685132 526
1740040935754 15.859218 527
1740040936507 15.593768 528
1740040937274 15.658455 529
1740040938115 15.622901 530
1740040938854 15.530472 531
1740040939590 15.592995 532
1740040940355 15.578657 533
1740040941101 15.527294 534
1740040941854 15.549598 535
1740040942606 15.638026 536
1740040943350 15.538705 537
1740040944091 15.445287 538
1740040944820 15.614712 539
1740040945560 15.648955 540
1740040946301 15.733647 541
1740040947045 15.710202 542
1740040947789 15.719436 543
1740040948531 15.671869 544
1740040949274 15.686698 545
1740040950046 15.640978 546
1740040950816 16.045074 547
1740040951608 15.660473 548
1740040952370 16.10217 549
1740040953126 15.619644 550
1740040953886 16.245188 551
1740040954635 15.485304 552
1740040955383 15.8548355 553
1740040956152 15.595337 554
1740040956895 15.649327 555
1740040957630 15.615883 556
1740040958367 15.700317 557
1740040959105 15.662225 558
1740040959842 15.57003 559
1740040960573 15.723809 560
1740040961315 15.541631 561
1740040962055 15.816212 562
1740040962790 15.6325245 563
1740040963541 15.993124 564
1740040964291 15.613447 565
1740040965050 15.925389 566
1740040965810 15.684276 567
1740040966574 15.860153 568
1740040967314 15.555416 569
1740040968065 15.796122 570
1740040968808 15.721278 571
1740040970033 16.007774 572
1740040971626 15.7935705 573
1740040973199 16.23468 574
1740040974784 15.733671 575
1740040976359 16.415653 576
1740040977947 15.660589 577
1740040979512 16.03477 578
1740040981111 15.911064 579
1740040982800 15.973285 580
1740040984455 16.145918 581
1740040986053 16.062067 582
1740040987315 15.766504 583
1740040987970 15.79146 584
1740040988611 15.783056 585
1740040989250 15.892508 586
1740040989893 15.821596 587
1740040990554 15.956013 588
1740040991184 15.870359 589
1740040991900 16.08302 590
1740040992646 15.795132 591
1740040993402 16.028812 592
1740040994148 15.62399 593
1740040994894 16.105309 594
1740040996123 15.73595 595
1740040997700 15.930836 596
1740040999293 15.61852 597
1740041000865 16.058023 598
1740041002469 15.753843 599
1740041004059 15.938296 600
1740041005657 15.670642 601
1740041007241 15.72783 602
1740041008844 15.58896 603
1740041010421 16.061066 604
1740041012147 15.913799 605
1740041013740 16.075018 606
1740041015345 15.811241 607
1740041016325 15.817364 608
1740041016973 15.634992 609
1740041017600 15.780159 610
1740041018239 15.614971 611
1740041018866 15.7803 612
1740041019495 15.6828375 613
1740041020123 15.990445 614
1740041020751 15.651675 615
1740041021487 15.910073 616
1740041022230 15.306918 617
1740041022975 15.702052 618
1740041023710 15.470296 619
1740041024448 15.657606 620
1740041025187 15.539803 621
1740041025927 15.779889 622
1740041026670 15.456927 623
1740041027402 15.70111 624
1740041028145 15.372634 625
1740041028883 15.675098 626
1740041029626 15.461958 627
1740041030374 15.596008 628
1740041031115 15.553828 629
1740041031955 15.856645 630
1740041032697 15.7186 631
1740041033444 15.671256 632
1740041034191 15.369539 633
1740041034931 15.41656 634
1740041035670 15.363971 635
1740041036435 15.545007 636
1740041037197 15.390271 637
1740041037960 15.7184105 638
1740041038710 15.608722 639
1740041039453 15.8996315 640
1740041040205 15.468367 641
1740041040952 15.874793 642
1740041041690 15.485616 643
1740041042450 15.700878 644
1740041043215 15.501602 645
1740041043975 15.662412 646
1740041044720 15.379838 647
1740041045495 15.556097 648
1740041046247 15.423394 649
1740041046995 15.816543 650
1740041047740 15.516443 651
1740041048482 15.747369 652
1740041049240 15.460254 653
1740041049995 15.660532 654
1740041050740 15.567061 655
1740041051500 15.567559 656
1740041052255 15.573726 657
1740041053010 15.411316 658
1740041053790 15.595553 659
1740041054561 15.300628 660
1740041055331 15.6699095 661
1740041056097 15.3207655 662
1740041056870 15.622223 663
1740041057646 15.356971 664
1740041058410 15.452715 665
1740041059175 15.389522 666
1740041059931 15.570714 667
1740041060700 15.336461 668
1740041061485 15.691577 669
1740041062240 15.1577015 670
1740041062981 15.57258 671
1740041063730 15.179117 672
1740041064495 15.544277 673
1740041065260 15.435121 674
1740041066010 15.4852495 675
1740041066770 15.408426 676
1740041067555 15.286171 677
1740041068314 15.178719 678
1740041069075 15.276542 679
1740041069830 15.351857 680
1740041070594 15.251331 681
1740041071375 15.3822 682
1740041072135 15.377882 683
1740041072902 15.632595 684
1740041073671 15.341113 685
1740041074432 15.551768 686
1740041075205 15.061952 687
1740041076000 15.3564625 688
1740041076752 15.145738 689
1740041078356 15.237512 0
1740041079100 15.319028 1
1740041079862 15.448956 2
1740041080628 15.307631 3
1740041081405 15.1784315 4
1740041082180 15.139809 5
1740041082960 15.139648 6
1740041083730 15.1314335 7
1740041084510 15.236106 8
1740041085308 15.316483 9
1740041086074 15.106554 10
1740041086844 15.339274 11
1740041087610 14.892717 12
1740041088380 15.3012085 13
1740041089139 14.901412 14
1740041089911 15.448792 15
1740041090660 15.014579 16
1740041091398 15.276459 17
1740041092172 15.307764 18
1740041092910 15.360537 19
1740041093657 15.302759 20
1740041094400 15.123629 21
1740041095136 15.1546 22
1740041095878 15.253886 23
1740041096610 15.2140665 24
1740041097358 15.399857 25
1740041098095 15.263623 26
1740041098837 15.572991 27
1740041099580 15.296532 28
1740041100330 15.530139 29
1740041101067 15.557291 30
1740041101810 15.4686165 31
1740041102548 15.529993 32
1740041103290 15.823731 33
1740041104022 15.8620615 34
1740041104765 15.614494 35
1740041105506 16.075739 36
1740041106258 15.4754505 37
1740041107000 15.9853 38
1740041107743 15.224998 39
1740041108580 15.9626875 40
1740041109310 15.556928 41
1740041110056 15.644839 42
1740041110789 15.79615 43
1740041111525 15.659233 44
1740041112276 15.719768 45
1740041113020 15.442052 46
1740041113766 15.469733 47
1740041114516 15.422678 48
1740041115258 15.511853 49
1740041116070 15.586874 50
1740041116841 15.514381 51
1740041117593 15.578973 52
1740041118331 15.311117 53
1740041119080 15.509652 54
1740041119835 15.264401 55
1740041120590 15.610065 56
1740041121370 15.311993 57
1740041122195 15.420854 58
1740041122941 15.164461 59
1740041123691 15.455492 60
1740041124445 15.154662 61
1740041125190 15.366241 62
1740041125940 15.417148 63
1740041126707 15.273813 64
1740041127457 15.441125 65
1740041128212 15.187299 66
1740041128966 15.462826 67
1740041129710 15.248342 68
1740041130460 15.422319 69
1740041131215 15.5018425 70
1740041131960 15.3544855 71
1740041132708 15.548698 72
1740041133450 15.142813 73
1740041134200 15.7158575 74
1740041134955 15.202313 75
1740041135700 15.521833 76
1740041136450 15.452964 77
1740041137210 15.447651 78
1740041137950 15.477571 79
1740041138691 15.310074 80
1740041139446 15.39602 81
1740041140200 15.132577 82
1740041140955 15.505483 83
1740041141703 15.01743 84
1740041142447 15.485592 85
1740041143208 15.04511 86
1740041143965 15.472385 87
1740041144762 15.060618 88
1740041145517 15.414429 89
1740041146270 15.328745 90
1740041147020 15.390651 91
1740041147785 15.434253 92
1740041148541 15.501392 93
1740041149291 15.436212 94
1740041150041 15.404882 95
1740041150807 15.319128 96
1740041151575 15.4263 97
1740041152361 15.219475 98
1740041153150 15.449058 99
1740041153941 15.331207 100
1740041154721 15.665377 101
1740041155535 15.269059 102
1740041156308 15.602258 103
1740041157055 15.202796 104
1740041157841 15.621398 105
1740041158663 15.422247 106
1740041159455 15.757727 107
1740041160274 15.552128 108
1740041161044 15.9510975 109
1740041161824 15.827721 110
1740041162593 15.7552185 111
1740041163341 15.722885 112
1740041164100 15.727557 113
1740041164846 15.887419 114
1740041165594 15.765373 115
1740041166341 15.916663 116
1740041167110 15.67292 117
1740041167863 16.097254 118
1740041168612 15.647783 119
1740041169371 15.828477 120
1740041170130 15.578699 121
1740041170880 15.904583 122
1740041171635 15.908077 123
1740041172387 15.995907 124
1740041173141 16.023521 125
1740041173890 15.865049 126
1740041174641 15.930334 127
1740041175392 15.867451 128
1740041176170 15.826293 129
1740041176966 15.919604 130
1740041177715 15.991684 131
1740041178455 16.171959 132
1740041179191 15.727764 133
1740041179950 16.22183 134
1740041180700 15.707936 135
1740041181446 16.50655 136
1740041182200 15.849442 137
1740041182947 16.129368 138
1740041183700 15.998937 139
1740041184552 15.967414 140
1740041185323 16.026417 141
1740041186075 15.857804 142
1740041186833 16.026997 143
1740041187585 15.819153 144
1740041188355 16.216034 145
1740041189110 16.070457 146
1740041189860 16.011871 147
1740041190615 15.856546 148
1740041191374 15.947034 149
1740041192151 15.67593 150
1740041192926 15.776197 151
1740041193681 15.765334 152
1740041194440 15.859245 153
1740041195215 15.7463875 154
1740041195970 15.840002 155
1740041196731 15.530732 156
1740041197485 15.608959 157
1740041198241 15.423956 158
1740041198995 15.655539 159
1740041199750 15.559764 160
1740041200511 15.790348 161
1740041201270 15.485895 162
1740041202041 15.726335 163
1740041202791 15.322651 164
1740041203541 15.752385 165
1740041204300 15.469953 166
1740041205055 16.012148 167
1740041205809 15.42044 168
1740041206560 15.759903 169
1740041207310 15.451462 170
1740041208065 15.573858 171
1740041208810 15.454357 172
1740041209562 15.581049 173
1740041210317 15.376139 174
1740041211074 15.5296335 175
1740041211850 15.54855 176
1740041212605 15.719815 177
1740041213362 15.41482 178
1740041214118 15.680786 179
1740041214870 15.319562 180
1740041215631 15.5833645 181
1740041216375 15.36297 182
1740041217125 15.544582 183
1740041217885 15.24066 184
1740041218641 15.638193 185
1740041219382 15.293038 186
1740041220141 15.618707 187
1740041220900 15.301902 188
1740041221650 15.70095 189
1740041222400 15.321893 190
1740041223151 15.58665 191
1740041223905 15.3244505 192
1740041224657 15.490343 193
1740041225408 15.298349 194
1740041226160 15.623919 195
1740041226912 15.4342165 196
1740041227660 15.748337 197
1740041228410 15.521709 198
1740041229160 15.626141 199
1740041229915 15.541766 200
1740041230670 15.607289 201
1740041231424 15.42046 202
1740041232174 15.490169 203
1740041232930 15.642435 204
1740041233681 15.36438 205
1740041234435 15.604128 206
1740041235191 15.411016 207
1740041235944 15.691664 208
1740041236691 15.424316 209
1740041237441 15.732798 210
1740041238197 15.333626 211
1740041238950 15.6903925 212
1740041239700 15.578993 213
1740041240450 15.572518 214
1740041241208 15.737399 215
1740041241955 15.755442 216
1740041242706 15.765292 217
1740041243460 15.524884 218
1740041244212 15.730699 219
1740041244969 15.77584 220
1740041245723 15.912586 221
1740041246474 15.538614 222
1740041247231 15.74237 223
1740041248010 15.664065 224
1740041248780 15.776967 225
1740041249531 15.744889 226
1740041250274 15.634882 227
1740041251020 15.668047 228
1740041251760 15.663372 229
1740041252508 15.904433 230
1740041253250 15.755958 231
1740041253990 15.880304 232
1740041254730 15.632927 233
1740041255474 15.613583 234
1740041256210 15.605716 235
1740041256957 16.139812 236
1740041257700 15.919972 237
1740041258441 16.301914 238
1740041259191 15.5585 239
1740041260030 16.190376 240
1740041260860 15.708532 241
1740041261610 15.8940325 242
1740041262357 16.093235 243
1740041263105 15.781387 244
1740041263850 15.800432 245
1740041264585 15.87688 246
1740041265330 15.721541 247
1740041266075 15.751251 248
1740041266815 15.691779 249
1740041267565 15.836383 250
1740041268311 15.602873 251
1740041269060 15.720132 252
1740041269808 15.5336075 253
1740041270555 15.629291 254
1740041271302 15.506034 255
1740041272050 15.731447 256
1740041272795 15.583581 257
1740041273534 15.65725 258
1740041274277 15.538097 259
1740041275023 15.544517 260
1740041275765 15.712283 261
1740041276510 15.5311775 262
1740041277260 15.348509 263
1740041278010 15.586312 264
1740041278762 15.496637 265
1740041279510 15.871705 266
1740041280262 15.643297 267
1740041281013 15.869736 268
1740041281773 15.650492 269
1740041282515 15.531455 270
1740041283270 15.631051 271
1740041284011 15.698739 272
1740041284765 15.718474 273
1740041285515 15.56079 274
1740041286262 15.584131 275
1740041287014 15.375741 276
1740041287758 15.604959 277
1740041288510 15.323568 278
1740041289260 15.682135 279
1740041290030 15.3958845 280
1740041290782 15.674665 281
1740041291561 15.431478 282
1740041292343 15.663816 283
1740041293112 15.489006 284
1740041293870 15.888877 285
1740041294620 15.4376545 286
1740041295365 15.784572 287
1740041296106 15.116257 288
1740041296875 15.771528 289
1740041297620 15.098418 290
1740041298365 15.247439 291
1740041299114 15.292148 292
1740041299865 15.167818 293
1740041300614 15.362886 294
1740041301359 15.136054 295
1740041302113 15.426156 296
1740041302850 15.245067 297
1740041303590 15.416706 298
1740041304325 15.290331 299
1740041305060 15.331158 300
1740041305804 15.22396 301
1740041306540 15.041341 302
1740041307280 15.0722 303
1740041308016 15.071454 304
1740041308753 15.108086 305
1740041309494 15.21346 306
1740041310237 15.466364 307
1740041310973 15.139104 308
1740041311713 15.556922 309
1740041312452 14.919724 310
1740041313199 15.416985 311
1740041313950 15.035987 312
1740041314700 15.229453 313
1740041315434 15.085131 314
1740041316191 15.143932 315
1740041316930 15.19726 316
1740041317684 15.031498 317
1740041318446 15.25735 318
1740041319203 15.141499 319
1740041319957 15.237335 320
1740041320742 15.0844965 321
1740041321513 15.099753 322
1740041322285 15.059355 323
1740041323038 15.061876 324
1740041323806 15.1046715 325
1740041324563 15.109265 326
1740041325311 15.306233 327
1740041326072 15.208092 328
1740041326835 15.244987 329
1740041327617 15.144515 330
1740041328376 15.353291 331
1740041329117 15.088366 332
1740041329857 15.336269 333
1740041330589 15.112868 334
1740041331355 15.251642 335
1740041332109 14.9440365 336
1740041332865 15.462202 337
1740041333710 15.095608 338
1740041334480 15.489444 339
1740041335372 14.849484 340
1740041336160 15.247903 341
1740041336938 15.042731 342
1740041337684 15.269154 343
1740041338431 15.3003 344
1740041339190 15.335196 345
1740041339944 15.259668 346
1740041340693 15.195066 347
1740041341440 15.262874 348
1740041342188 15.053529 349
1740041342940 15.169082 350
1740041343696 14.955883 351
1740041344450 15.234151 352
1740041345202 15.006423 353
1740041345991 15.397047 354
1740041346741 15.148685 355
1740041347497 15.276125 356
1740041348250 15.018894 357
1740041349020 15.329369 358
1740041349780 15.191973 359
1740041350550 15.547435 360
1740041351322 15.2618685 361
1740041352080 15.4467325 362
1740041353211 15.247108 363
1740041354867 15.47855 364
1740041356514 15.257426 365
1740041358160 15.558149 366
1740041359773 15.117752 367
1740041361434 15.393141 368
1740041363065 14.984987 369
1740041364698 15.304235 370
1740041366328 14.824285 371
1740041367963 15.449584 372
1740041369594 15.251085 373
1740041371238 15.1111765 374
1740041372883 15.18262 375
1740041374514 15.082296 376
1740041376157 15.309592 377
1740041377792 15.082685 378
1740041379437 15.186154 379
1740041381062 15.163396 380
1740041382704 15.221784 381
1740041384328 15.234177 382
1740041385968 15.007415 383
1740041387592 15.307255 384
1740041389390 15.345188 385
1740041391026 15.650768 386
