1743592733156 0.5240538 0
1743592733159 0.5240538 0
1743592733863 0.3675799 1
1743592733867 0.3675799 1
1743592734473 0.26329952 2
1743592734477 0.26329952 2
1743592735106 0.19221243 3
1743592735110 0.19221243 3
1743592735722 0.14941403 4
1743592735726 0.14941403 4
1743592736345 0.11648658 5
1743592736349 0.11648658 5
1743592736963 0.093707904 6
1743592736967 0.093707904 6
1743592737580 0.07988079 7
1743592737584 0.07988079 7
1743592738201 0.06582506 8
1743592738203 0.06582506 8
1743592738823 0.05735165 9
1743592738827 0.05735165 9
1743592739443 0.049768765 10
1743592739447 0.049768765 10
1743592740059 0.044696867 11
1743592740064 0.044696867 11
1743592740685 0.04029866 12
1743592740689 0.04029866 12
1743592741305 0.035012066 13
1743592741309 0.035012066 13
1743592741916 0.03162728 14
1743592741920 0.03162728 14
1743592742539 0.02895966 15
1743592742542 0.02895966 15
1743592743154 0.02601938 16
1743592743158 0.02601938 16
1743592743767 0.023653965 17
1743592743771 0.023653965 17
1743592744385 0.021673873 18
1743592744388 0.021673873 18
1743592745002 0.019829983 19
1743592745004 0.019829983 19
1743592745750 0.018433817 20
1743592745754 0.018433817 20
1743592746488 0.016985489 21
1743592746490 0.016985489 21
1743592747231 0.015722753 22
1743592747235 0.015722753 22
1743592747957 0.014637594 23
1743592747961 0.014637594 23
1743592748672 0.014398906 24
1743592748676 0.014398906 24
1743592749393 0.012587201 25
1743592749397 0.012587201 25
1743592750121 0.011796308 26
1743592750125 0.011796308 26
1743592750852 0.010920894 27
1743592750856 0.010920894 27
1743592751576 0.010253048 28
1743592751578 0.010253048 28
1743592752297 0.009689749 29
1743592752301 0.009689749 29
1743592753020 0.0091560865 30
1743592753022 0.0091560865 30
1743592753758 0.008628445 31
1743592753762 0.008628445 31
1743592754475 0.008186496 32
1743592754479 0.008186496 32
1743592755199 0.007822287 33
1743592755203 0.007822287 33
1743592755922 0.0074464753 34
1743592755924 0.0074464753 34
1743592756638 0.00709576 35
1743592756641 0.00709576 35
1743592757357 0.006859854 36
1743592757361 0.006859854 36
1743592758083 0.0067419014 37
1743592758087 0.0067419014 37
1743592758805 0.0062895166 38
1743592758809 0.0062895166 38
1743592759528 0.0060451534 39
1743592759533 0.0060451534 39
1743592760256 0.0058298972 40
1743592760260 0.0058298972 40
1743592760979 0.0055911695 41
1743592760983 0.0055911695 41
1743592761707 0.005350239 42
1743592761711 0.005350239 42
1743592762425 0.005160971 43
1743592762429 0.005160971 43
1743592763146 0.00512085 44
1743592763149 0.00512085 44
1743592763863 0.004858659 45
1743592763867 0.004858659 45
1743592764596 0.00467927 46
1743592764600 0.00467927 46
1743592765314 0.004562288 47
1743592765318 0.004562288 47
1743592766039 0.00436873 48
1743592766043 0.00436873 48
1743592766756 0.004227822 49
1743592766758 0.004227822 49
1743592767481 0.0041403556 50
1743592767485 0.0041403556 50
1743592768211 0.0040125367 51
1743592768215 0.0040125367 51
1743592768933 0.0038958876 52
1743592768938 0.0038958876 52
1743592769651 0.0037915178 53
1743592769655 0.0037915178 53
1743592770368 0.0036834385 54
1743592770372 0.0036834385 54
1743592771098 0.003592295 55
1743592771102 0.003592295 55
1743592771825 0.0035053676 56
1743592771830 0.0035053676 56
1743592772546 0.003437318 57
1743592772550 0.003437318 57
1743592773271 0.003293473 58
1743592773275 0.003293473 58
1743592773994 0.0033673837 59
1743592773998 0.0033673837 59
1743592774717 0.0031433788 60
1743592774721 0.0031433788 60
1743592775437 0.0030866256 61
1743592775440 0.0030866256 61
1743592776162 0.0029914533 62
1743592776168 0.0029914533 62
1743592776884 0.0029319648 63
1743592776888 0.0029319648 63
1743592777604 0.0028984216 64
1743592777608 0.0028984216 64
1743592778319 0.002777119 65
1743592778323 0.002777119 65
1743592779031 0.0027072462 66
1743592779035 0.0027072462 66
1743592779755 0.0026691298 67
1743592779759 0.0026691298 67
1743592780473 0.0025812082 68
1743592780477 0.0025812082 68
1743592781198 0.0025974815 69
1743592781202 0.0025974815 69
1743592781914 0.0024670362 70
1743592781916 0.0024670362 70
1743592782629 0.0024189034 71
1743592782633 0.0024189034 71
1743592783355 0.002366759 72
1743592783359 0.002366759 72
1743592784086 0.0023160286 73
1743592784089 0.0023160286 73
1743592784812 0.002254349 74
1743592784814 0.002254349 74
1743592785536 0.0022314815 75
1743592785540 0.0022314815 75
1743592786258 0.0022495561 76
1743592786262 0.0022495561 76
1743592786984 0.0021231177 77
1743592786988 0.0021231177 77
1743592787714 0.002087751 78
1743592787718 0.002087751 78
1743592788446 0.0022869012 79
1743592788450 0.0022869012 79
1743592789168 0.002019073 80
1743592789172 0.002019073 80
1743592789909 0.0020489248 81
1743592789911 0.0020489248 81
1743592790638 0.001961192 82
1743592790642 0.001961192 82
1743592791367 0.0019398328 83
1743592791371 0.0019398328 83
1743592792088 0.0018793724 84
1743592792094 0.0018793724 84
1743592792806 0.0018399864 85
1743592792811 0.0018399864 85
1743592793531 0.0017943383 86
1743592793534 0.0017943383 86
1743592794258 0.001726925 87
1743592794262 0.001726925 87
1743592794981 0.0016864593 88
1743592794986 0.0016864593 88
1743592795711 0.001748991 89
1743592795715 0.001748991 89
1743592796438 0.0016332949 90
1743592796442 0.0016332949 90
1743592797164 0.0016023554 91
1743592797166 0.0016023554 91
1743592797889 0.0016022326 92
1743592797893 0.0016022326 92
1743592798615 0.00154791 93
1743592798619 0.00154791 93
1743592799333 0.00153754 94
1743592799337 0.00153754 94
1743592800058 0.0015128879 95
1743592800063 0.0015128879 95
1743592800783 0.0014845048 96
1743592800787 0.0014845048 96
1743592801513 0.0014732986 97
1743592801517 0.0014732986 97
1743592802234 0.0014479606 98
1743592802238 0.0014479606 98
1743592802948 0.0014195967 99
1743592802952 0.0014195967 99
1743592803863 0.0015028929 100
1743592803867 0.0015028929 100
1743592804590 0.0013705358 101
1743592804593 0.0013705358 101
1743592805322 0.0013437974 102
1743592805326 0.0013437974 102
1743592806043 0.0014239256 103
1743592806045 0.0014239256 103
1743592806772 0.0013092317 104
1743592806776 0.0013092317 104
1743592807492 0.0013349428 105
1743592807496 0.0013349428 105
1743592808211 0.0012749662 106
1743592808213 0.0012749662 106
1743592808942 0.0012450132 107
1743592808946 0.0012450132 107
1743592809660 0.0012715786 108
1743592809662 0.0012715786 108
1743592810379 0.0012190646 109
1743592810383 0.0012190646 109
1743592811097 0.0011967995 110
1743592811101 0.0011967995 110
1743592811822 0.0011877029 111
1743592811824 0.0011877029 111
1743592812565 0.0011641944 112
1743592812569 0.0011641944 112
1743592813286 0.001153775 113
1743592813288 0.001153775 113
1743592813996 0.001149136 114
1743592813998 0.001149136 114
1743592814707 0.0011638723 115
1743592814711 0.0011638723 115
1743592815429 0.0011615837 116
1743592815433 0.0011615837 116
1743592816146 0.0011516048 117
1743592816150 0.0011516048 117
1743592816868 0.0010683964 118
1743592816870 0.0010683964 118
1743592817583 0.0011020834 119
1743592817587 0.0011020834 119
1743592818316 0.001092217 120
1743592818320 0.001092217 120
1743592819041 0.0010622637 121
1743592819045 0.0010622637 121
1743592819775 0.0010385057 122
1743592819779 0.0010385057 122
1743592820506 0.0010509763 123
1743592820510 0.0010509763 123
1743592821225 0.001045403 124
1743592821229 0.001045403 124
1743592821949 0.000982137 125
1743592821951 0.000982137 125
1743592822682 0.00096593617 126
1743592822686 0.00096593617 126
1743592823509 0.0009553517 127
1743592823513 0.0009553517 127
1743592824337 0.0009436679 128
1743592824340 0.0009436679 128
1743592825231 0.00093446946 129
1743592825235 0.00093446946 129
1743592826057 0.0009358618 130
1743592826063 0.0009358618 130
1743592826846 0.00090435595 131
1743592826850 0.00090435595 131
1743592827607 0.0008920566 132
1743592827611 0.0008920566 132
1743592828371 0.00090401864 133
1743592828375 0.00090401864 133
1743592829135 0.00087190565 134
1743592829139 0.00087190565 134
1743592829881 0.0008803346 135
1743592829885 0.0008803346 135
