1743592733147 1.5795858 0
1743592733157 1.5795858 0
1743592733859 1.5837157 1
1743592733863 1.5837157 1
1743592734471 1.5533013 2
1743592734475 1.5533013 2
1743592735104 1.494335 3
1743592735108 1.494335 3
1743592735720 1.4367671 4
1743592735724 1.4367671 4
1743592736343 1.3742707 5
1743592736347 1.3742707 5
1743592736961 1.3333807 6
1743592736965 1.3333807 6
1743592737578 1.3067563 7
1743592737582 1.3067563 7
1743592738197 1.2851694 8
1743592738201 1.2851694 8
1743592738812 1.2675914 9
1743592738823 1.2675914 9
1743592739441 1.2582585 10
1743592739445 1.2582585 10
1743592740057 1.2790935 11
1743592740061 1.2790935 11
1743592740681 1.3059392 12
1743592740685 1.3059392 12
1743592741295 1.3283015 13
1743592741305 1.3283015 13
1743592741914 1.3360238 14
1743592741918 1.3360238 14
1743592742537 1.3379995 15
1743592742541 1.3379995 15
1743592743150 1.3434029 16
1743592743154 1.3434029 16
1743592743765 1.3546308 17
1743592743769 1.3546308 17
1743592744383 1.364206 18
1743592744387 1.364206 18
1743592744998 1.3689437 19
1743592745002 1.3689437 19
1743592745746 1.3743968 20
1743592745751 1.3743968 20
1743592746484 1.3748094 21
1743592746488 1.3748094 21
1743592747227 1.3752337 22
1743592747231 1.3752337 22
1743592747955 1.3812748 23
1743592747959 1.3812748 23
1743592748670 1.3816317 24
1743592748674 1.3816317 24
1743592749391 1.4016826 25
1743592749395 1.4016826 25
1743592750119 1.4019889 26
1743592750123 1.4019889 26
1743592750848 1.3893006 27
1743592750854 1.3893006 27
1743592751572 1.3878897 28
1743592751576 1.3878897 28
1743592752293 1.3874817 29
1743592752299 1.3874817 29
1743592753016 1.3900213 30
1743592753020 1.3900213 30
1743592753754 1.3996091 31
1743592753758 1.3996091 31
1743592754473 1.4172031 32
1743592754477 1.4172031 32
1743592755198 1.4068255 33
1743592755201 1.4068255 33
1743592755919 1.3807423 34
1743592755922 1.3807423 34
1743592756636 1.3704493 35
1743592756640 1.3704493 35
1743592757355 1.3899937 36
1743592757359 1.3899937 36
1743592758081 1.4141674 37
1743592758085 1.4141674 37
1743592758803 1.4484164 38
1743592758807 1.4484164 38
1743592759526 1.4599545 39
1743592759530 1.4599545 39
1743592760254 1.458129 40
1743592760258 1.458129 40
1743592760976 1.4251685 41
1743592760979 1.4251685 41
1743592761705 1.407039 42
1743592761709 1.407039 42
1743592762423 1.3983021 43
1743592762427 1.3983021 43
1743592763143 1.3920796 44
1743592763147 1.3920796 44
1743592763861 1.390717 45
1743592763865 1.390717 45
1743592764593 1.4005955 46
1743592764598 1.4005955 46
1743592765311 1.4133397 47
1743592765314 1.4133397 47
1743592766037 1.4285728 48
1743592766041 1.4285728 48
1743592766752 1.4538716 49
1743592766756 1.4538716 49
1743592767477 1.45356 50
1743592767481 1.45356 50
1743592768207 1.4266973 51
1743592768211 1.4266973 51
1743592768931 1.403307 52
1743592768935 1.403307 52
1743592769649 1.3819427 53
1743592769653 1.3819427 53
1743592770366 1.3873742 54
1743592770368 1.3873742 54
1743592771094 1.4079027 55
1743592771098 1.4079027 55
1743592771823 1.4169734 56
1743592771827 1.4169734 56
1743592772542 1.4314218 57
1743592772546 1.4314218 57
1743592773267 1.4428718 58
1743592773271 1.4428718 58
1743592773992 1.4373858 59
1743592773996 1.4373858 59
1743592774715 1.4299513 60
1743592774719 1.4299513 60
1743592775434 1.4252462 61
1743592775438 1.4252462 61
1743592776160 1.431998 62
1743592776164 1.431998 62
1743592776882 1.435092 63
1743592776884 1.435092 63
1743592777600 1.4358819 64
1743592777604 1.4358819 64
1743592778317 1.4255695 65
1743592778321 1.4255695 65
1743592779028 1.4154148 66
1743592779031 1.4154148 66
1743592779753 1.4147587 67
1743592779757 1.4147587 67
1743592780471 1.4160013 68
1743592780473 1.4160013 68
1743592781196 1.4164097 69
1743592781200 1.4164097 69
1743592781910 1.4088206 70
1743592781914 1.4088206 70
1743592782627 1.397691 71
1743592782631 1.397691 71
1743592783353 1.38197 72
1743592783356 1.38197 72
1743592784082 1.3806403 73
1743592784086 1.3806403 73
1743592784808 1.4103315 74
1743592784812 1.4103315 74
1743592785534 1.4243151 75
1743592785538 1.4243151 75
1743592786256 1.4181037 76
1743592786260 1.4181037 76
1743592786981 1.4245216 77
1743592786984 1.4245216 77
1743592787712 1.4282231 78
1743592787716 1.4282231 78
1743592788444 1.4220614 79
1743592788448 1.4220614 79
1743592789166 1.4120171 80
1743592789170 1.4120171 80
1743592789904 1.3912358 81
1743592789909 1.3912358 81
1743592790634 1.3919768 82
1743592790640 1.3919768 82
1743592791365 1.4061984 83
1743592791369 1.4061984 83
1743592792086 1.4242475 84
1743592792090 1.4242475 84
1743592792804 1.4408419 85
1743592792809 1.4408419 85
1743592793528 1.4504936 86
1743592793532 1.4504936 86
1743592794256 1.4495183 87
1743592794260 1.4495183 87
1743592794979 1.4435931 88
1743592794983 1.4435931 88
1743592795709 1.4332796 89
1743592795713 1.4332796 89
1743592796435 1.4239457 90
1743592796440 1.4239457 90
1743592797160 1.4146631 91
1743592797164 1.4146631 91
1743592797887 1.416778 92
1743592797891 1.416778 92
1743592798613 1.4162382 93
1743592798617 1.4162382 93
1743592799331 1.4129617 94
1743592799335 1.4129617 94
1743592800056 1.4105966 95
1743592800060 1.4105966 95
1743592800781 1.4035637 96
1743592800785 1.4035637 96
1743592801509 1.3916426 97
1743592801513 1.3916426 97
1743592802231 1.3810173 98
1743592802234 1.3810173 98
1743592802946 1.3716643 99
1743592802950 1.3716643 99
1743592803861 1.3732886 100
1743592803865 1.3732886 100
1743592804586 1.3726628 101
1743592804590 1.3726628 101
1743592805320 1.3776432 102
1743592805324 1.3776432 102
1743592806039 1.3936923 103
1743592806043 1.3936923 103
1743592806770 1.415062 104
1743592806774 1.415062 104
1743592807488 1.4306724 105
1743592807492 1.4306724 105
1743592808207 1.447258 106
1743592808211 1.447258 106
1743592808938 1.4506527 107
1743592808942 1.4506527 107
1743592809656 1.4457568 108
1743592809660 1.4457568 108
1743592810377 1.4405227 109
1743592810381 1.4405227 109
1743592811094 1.427649 110
1743592811099 1.427649 110
1743592811818 1.4143353 111
1743592811822 1.4143353 111
1743592812562 1.4099017 112
1743592812566 1.4099017 112
1743592813282 1.4026961 113
1743592813286 1.4026961 113
1743592813992 1.3916463 114
1743592813996 1.3916463 114
1743592814703 1.3737758 115
1743592814707 1.3737758 115
1743592815427 1.3729384 116
1743592815431 1.3729384 116
1743592816144 1.3862371 117
1743592816148 1.3862371 117
1743592816857 1.4017359 118
1743592816868 1.4017359 118
1743592817581 1.4098005 119
1743592817585 1.4098005 119
1743592818314 1.4127827 120
1743592818318 1.4127827 120
1743592819039 1.4167423 121
1743592819043 1.4167423 121
1743592819773 1.4195881 122
1743592819777 1.4195881 122
1743592820504 1.4207101 123
1743592820508 1.4207101 123
1743592821223 1.4290822 124
1743592821227 1.4290822 124
1743592821945 1.4371207 125
1743592821949 1.4371207 125
1743592822679 1.4371476 126
1743592822684 1.4371476 126
1743592823506 1.4342966 127
1743592823510 1.4342966 127
1743592824333 1.4291084 128
1743592824338 1.4291084 128
1743592825227 1.4224191 129
1743592825231 1.4224191 129
1743592826055 1.4180715 130
1743592826059 1.4180715 130
1743592826844 1.4092162 131
1743592826848 1.4092162 131
1743592827603 1.3998624 132
1743592827607 1.3998624 132
1743592828367 1.3954103 133
1743592828371 1.3954103 133
1743592829132 1.3934314 134
1743592829135 1.3934314 134
1743592829879 1.3951733 135
1743592829881 1.3951733 135
