1743592733149 0.23245665 0
1743592733157 0.23245665 0
1743592733861 0.20516519 1
1743592733865 0.20516519 1
1743592734473 0.19768007 2
1743592734477 0.19768007 2
1743592735106 0.20143276 3
1743592735108 0.20143276 3
1743592735720 0.21049076 4
1743592735724 0.21049076 4
1743592736345 0.21733281 5
1743592736347 0.21733281 5
1743592736963 0.21991505 6
1743592736965 0.21991505 6
1743592737578 0.22311036 7
1743592737582 0.22311036 7
1743592738199 0.22261263 8
1743592738203 0.22261263 8
1743592738814 0.22711955 9
1743592738825 0.22711955 9
1743592739441 0.22745727 10
1743592739445 0.22745727 10
1743592740059 0.22223578 11
1743592740062 0.22223578 11
1743592740683 0.21883738 12
1743592740687 0.21883738 12
1743592741295 0.21846202 13
1743592741307 0.21846202 13
1743592741916 0.22242314 14
1743592741920 0.22242314 14
1743592742539 0.22232404 15
1743592742542 0.22232404 15
1743592743152 0.21554099 16
1743592743156 0.21554099 16
1743592743767 0.2114873 17
1743592743769 0.2114873 17
1743592744385 0.21321788 18
1743592744387 0.21321788 18
1743592745000 0.21580349 19
1743592745004 0.21580349 19
1743592745748 0.21189226 20
1743592745753 0.21189226 20
1743592746486 0.20806205 21
1743592746490 0.20806205 21
1743592747229 0.21160103 22
1743592747233 0.21160103 22
1743592747955 0.21191679 23
1743592747959 0.21191679 23
1743592748672 0.21245798 24
1743592748674 0.21245798 24
1743592749393 0.20972918 25
1743592749397 0.20972918 25
1743592750121 0.20765416 26
1743592750125 0.20765416 26
1743592750850 0.20889388 27
1743592750854 0.20889388 27
1743592751574 0.2102988 28
1743592751578 0.2102988 28
1743592752295 0.21164593 29
1743592752299 0.21164593 29
1743592753018 0.20759584 30
1743592753022 0.20759584 30
1743592753756 0.20795663 31
1743592753760 0.20795663 31
1743592754475 0.20515858 32
1743592754477 0.20515858 32
1743592755198 0.20663227 33
1743592755201 0.20663227 33
1743592755919 0.21148382 34
1743592755924 0.21148382 34
1743592756638 0.20649846 35
1743592756641 0.20649846 35
1743592757357 0.2011252 36
1743592757361 0.2011252 36
1743592758083 0.20404251 37
1743592758087 0.20404251 37
1743592758803 0.1982914 38
1743592758807 0.1982914 38
1743592759528 0.19726658 39
1743592759531 0.19726658 39
1743592760254 0.20054077 40
1743592760258 0.20054077 40
1743592760977 0.20546286 41
1743592760981 0.20546286 41
1743592761705 0.20666182 42
1743592761709 0.20666182 42
1743592762423 0.20651506 43
1743592762427 0.20651506 43
1743592763145 0.2074429 44
1743592763148 0.2074429 44
1743592763863 0.20827743 45
1743592763867 0.20827743 45
1743592764594 0.20320636 46
1743592764598 0.20320636 46
1743592765313 0.20222601 47
1743592765316 0.20222601 47
1743592766039 0.20081569 48
1743592766043 0.20081569 48
1743592766754 0.19878177 49
1743592766758 0.19878177 49
1743592767479 0.20011969 50
1743592767483 0.20011969 50
1743592768209 0.20749898 51
1743592768213 0.20749898 51
1743592768933 0.20847395 52
1743592768935 0.20847395 52
1743592769649 0.208152 53
1743592769653 0.208152 53
1743592770366 0.20559917 54
1743592770370 0.20559917 54
1743592771096 0.20392342 55
1743592771100 0.20392342 55
1743592771825 0.20646478 56
1743592771828 0.20646478 56
1743592772544 0.2031656 57
1743592772548 0.2031656 57
1743592773269 0.20225048 58
1743592773273 0.20225048 58
1743592773992 0.20261213 59
1743592773996 0.20261213 59
1743592774715 0.20120911 60
1743592774719 0.20120911 60
1743592775434 0.20339064 61
1743592775438 0.20339064 61
1743592776162 0.1995518 62
1743592776166 0.1995518 62
1743592776882 0.19830586 63
1743592776886 0.19830586 63
1743592777602 0.20132373 64
1743592777606 0.20132373 64
1743592778317 0.20471098 65
1743592778321 0.20471098 65
1743592779028 0.20408176 66
1743592779033 0.20408176 66
1743592779755 0.2007745 67
1743592779757 0.2007745 67
1743592780471 0.20075716 68
1743592780475 0.20075716 68
1743592781198 0.20079531 69
1743592781200 0.20079531 69
1743592781912 0.20420228 70
1743592781916 0.20420228 70
1743592782629 0.20209505 71
1743592782631 0.20209505 71
1743592783355 0.20758379 72
1743592783358 0.20758379 72
1743592784084 0.2087696 73
1743592784088 0.2087696 73
1743592784810 0.20281607 74
1743592784812 0.20281607 74
1743592785534 0.20236957 75
1743592785538 0.20236957 75
1743592786256 0.20726787 76
1743592786260 0.20726787 76
1743592786983 0.20561999 77
1743592786986 0.20561999 77
1743592787714 0.20144175 78
1743592787716 0.20144175 78
1743592788446 0.20058939 79
1743592788450 0.20058939 79
1743592789168 0.2058094 80
1743592789172 0.2058094 80
1743592789907 0.20933436 81
1743592789911 0.20933436 81
1743592790636 0.20729856 82
1743592790640 0.20729856 82
1743592791367 0.20150974 83
1743592791369 0.20150974 83
1743592792088 0.19854255 84
1743592792092 0.19854255 84
1743592792806 0.20322815 85
1743592792809 0.20322815 85
1743592793528 0.20365275 86
1743592793532 0.20365275 86
1743592794258 0.19797531 87
1743592794260 0.19797531 87
1743592794981 0.19721842 88
1743592794984 0.19721842 88
1743592795711 0.20396428 89
1743592795713 0.20396428 89
1743592796438 0.20931329 90
1743592796440 0.20931329 90
1743592797162 0.20660454 91
1743592797166 0.20660454 91
1743592797887 0.20263287 92
1743592797891 0.20263287 92
1743592798615 0.20302841 93
1743592798619 0.20302841 93
1743592799333 0.20529309 94
1743592799335 0.20529309 94
1743592800058 0.2058805 95
1743592800060 0.2058805 95
1743592800781 0.20647803 96
1743592800785 0.20647803 96
1743592801511 0.20615447 97
1743592801515 0.20615447 97
1743592802233 0.2085268 98
1743592802236 0.2085268 98
1743592802948 0.21098992 99
1743592802950 0.21098992 99
1743592803863 0.20885597 100
1743592803867 0.20885597 100
1743592804588 0.21055199 101
1743592804592 0.21055199 101
1743592805322 0.2083971 102
1743592805324 0.2083971 102
1743592806041 0.20469753 103
1743592806045 0.20469753 103
1743592806770 0.2012006 104
1743592806774 0.2012006 104
1743592807490 0.20258674 105
1743592807494 0.20258674 105
1743592808209 0.20162132 106
1743592808213 0.20162132 106
1743592808940 0.19992854 107
1743592808944 0.19992854 107
1743592809658 0.20016916 108
1743592809662 0.20016916 108
1743592810379 0.2012259 109
1743592810383 0.2012259 109
1743592811096 0.20315331 110
1743592811099 0.20315331 110
1743592811820 0.20377561 111
1743592811824 0.20377561 111
1743592812564 0.20289019 112
1743592812568 0.20289019 112
1743592813284 0.2046405 113
1743592813288 0.2046405 113
1743592813994 0.21020706 114
1743592813998 0.21020706 114
1743592814705 0.21240035 115
1743592814709 0.21240035 115
1743592815429 0.20760703 116
1743592815433 0.20760703 116
1743592816144 0.20423552 117
1743592816148 0.20423552 117
1743592816859 0.20557256 118
1743592816870 0.20557256 118
1743592817583 0.20593417 119
1743592817587 0.20593417 119
1743592818316 0.20525646 120
1743592818318 0.20525646 120
1743592819041 0.20519575 121
1743592819045 0.20519575 121
1743592819773 0.20487094 122
1743592819777 0.20487094 122
1743592820506 0.20205227 123
1743592820508 0.20205227 123
1743592821223 0.20090427 124
1743592821227 0.20090427 124
1743592821947 0.20270988 125
1743592821951 0.20270988 125
1743592822682 0.20362039 126
1743592822684 0.20362039 126
1743592823508 0.20103364 127
1743592823512 0.20103364 127
1743592824335 0.20033614 128
1743592824340 0.20033614 128
1743592825229 0.20209494 129
1743592825233 0.20209494 129
1743592826057 0.20477472 130
1743592826061 0.20477472 130
1743592826846 0.20533894 131
1743592826850 0.20533894 131
1743592827605 0.20454958 132
1743592827609 0.20454958 132
1743592828369 0.20467193 133
1743592828373 0.20467193 133
1743592829133 0.20505038 134
1743592829137 0.20505038 134
1743592829879 0.20680048 135
1743592829883 0.20680048 135
