1744713877591 0.4084595 0
1744713878314 0.27034038 1
1744713878924 0.18314146 2
1744713879545 0.12951854 3
1744713880155 0.09541475 4
1744713880776 0.0724432 5
1744713881386 0.057744786 6
1744713882002 0.046698928 7
1744713882620 0.03908559 8
1744713883235 0.03338111 9
1744713883852 0.028469276 10
1744713884473 0.024829526 11
1744713885089 0.021651123 12
1744713885717 0.019226272 0
1744713886338 0.017346235 1
1744713886952 0.015486829 2
1744713887566 0.014047601 3
1744713888184 0.012713345 4
1744713888798 0.011643786 5
1744713889414 0.010684098 6
1744713890036 0.0097349305 7
1744713890659 0.009150031 8
1744713891279 0.008364357 9
1744713891896 0.007818971 10
1744713892508 0.007283106 11
1744713893124 0.006852387 12
1744713893760 0.006380668 0
1744713894458 0.005984349 1
1744713895184 0.005647311 2
1744713895901 0.005426529 3
1744713896625 0.005109965 4
1744713897340 0.0048172227 5
1744713898061 0.0045205345 6
1744713898786 0.0044029825 7
1744713899514 0.0040652943 8
1744713900235 0.0038778428 9
1744713900966 0.0037206037 10
1744713901707 0.0036423285 11
1744713902430 0.0034351342 12
1744713903174 0.003291064 0
1744713903907 0.003160694 1
1744713904636 0.0030116553 2
1744713905357 0.0029291527 3
1744713906090 0.002765842 4
1744713906823 0.0026544752 5
1744713907547 0.0026037684 6
1744713908276 0.0024879053 7
1744713909001 0.0024141697 8
1744713909729 0.0023367363 9
1744713910456 0.002261207 10
1744713911186 0.0021621073 11
1744713911909 0.002119603 12
1744713912649 0.0020033603 0
1744713913374 0.001979289 1
1744713914100 0.0018881956 2
1744713914820 0.0018553785 3
1744713915547 0.00176934 4
1744713916280 0.001737887 5
1744713917006 0.0016733519 6
1744713917735 0.0016105918 7
1744713918462 0.0016103578 8
1744713919188 0.0015267981 9
1744713919916 0.0014848887 10
1744713920641 0.0014896739 11
1744713921365 0.0013868836 12
1744713922107 0.0013721004 0
1744713922833 0.0013525955 1
1744713923555 0.0012997378 2
1744713924290 0.0012729934 3
1744713925021 0.0012448565 4
1744713925751 0.0012278552 5
1744713926473 0.0012156231 6
1744713927196 0.0011542761 7
1744713927922 0.0011581548 8
1744713928653 0.0011049566 9
1744713929379 0.0010992119 10
1744713930110 0.0010693532 11
1744713930840 0.0010413562 12
1744713931581 0.0010143012 0
1744713932310 0.0009961866 1
1744713933041 0.0009770986 2
1744713933772 0.0009368232 3
1744713934497 0.0009520947 4
1744713935229 0.0009099148 5
1744713935960 0.00089766766 6
1744713936686 0.000872731 7
1744713937412 0.0008765482 8
1744713938146 0.0008370585 9
1744713938873 0.0008334302 10
1744713939599 0.00080895016 11
1744713940325 0.00081541314 12
1744713941075 0.00080024375 0
1744713941800 0.0007558867 1
1744713942529 0.0007543521 2
1744713943253 0.00075458793 3
1744713943980 0.0007397884 4
1744713944713 0.0007215023 5
1744713945442 0.0007221258 6
1744713946169 0.00068391766 7
1744713946891 0.0006858293 8
1744713947814 0.0006774668 9
1744713948544 0.00066554017 10
1744713949270 0.0006508313 11
1744713949999 0.0006433569 12
1744713950745 0.0006298787 0
1744713951475 0.00061547424 1
1744713952201 0.0006005615 2
1744713952931 0.0006046869 3
1744713953660 0.00060165324 4
1744713954388 0.00058682536 5
1744713955112 0.000591205 6
1744713955835 0.0005631059 7
1744713956564 0.00055351446 8
1744713957289 0.00054426544 9
1744713958016 0.0005411752 10
1744713958745 0.0005348453 11
1744713959469 0.00051887764 12
1744713960211 0.0005158482 0
1744713960948 0.0005017668 1
1744713961679 0.00051108387 2
1744713962412 0.0004948497 3
1744713963143 0.00049156975 4
1744713963870 0.0004928579 5
1744713964597 0.0004798963 6
1744713965324 0.00046678333 7
1744713966052 0.00046593344 8
1744713966781 0.00046706476 9
1744713967518 0.0004431338 10
1744713968250 0.0004631046 11
1744713968979 0.00043354573 12
1744713969725 0.00043397033 0
1744713970456 0.0004268335 1
1744713971184 0.00042307773 2
1744713971911 0.00042920202 3
1744713972649 0.00041501105 4
1744713973384 0.0004058761 5
1744713974120 0.00041534708 6
1744713974854 0.00040522896 7
1744713975585 0.00041235005 8
1744713976311 0.00038816564 9
1744713977040 0.0003861045 10
1744713977769 0.0003833344 11
1744713978498 0.0003816854 12
1744713979240 0.00037528563 0
1744713979969 0.00036902746 1
1744713980698 0.00037921072 2
1744713981434 0.0003604151 3
1744713982155 0.00035915317 4
1744713982878 0.00035298424 5
1744713983607 0.00035565702 6
1744713984344 0.00034439564 7
1744713985073 0.0003384405 8
1744713985795 0.00033979607 9
1744713986524 0.00033839516 10
1744713987253 0.00032385893 11
1744713987982 0.00032809333 12
1744713988726 0.00032763815 0
1744713989460 0.0003287228 1
1744713990192 0.00032954983 2
1744713990921 0.0003201002 3
1744713991647 0.00031449008 4
1744713992375 0.00030819204 5
1744713993108 0.00030971502 6
1744713993841 0.00029987624 7
1744713994572 0.00029690837 8
1744713995303 0.00029669522 9
1744713996032 0.00029127512 10
1744713996790 0.0002969204 11
1744713997516 0.00029143508 12
1744713998263 0.0002852717 0
1744713998995 0.000289227 1
1744713999721 0.00028486786 2
1744714000454 0.00028118276 3
1744714001185 0.00029004656 4
1744714001914 0.00028008834 5
1744714002643 0.00027361064 6
1744714003374 0.0002706757 7
1744714004100 0.0002742878 8
1744714004831 0.00026618305 9
1744714005560 0.00025972846 10
1744714006291 0.00025912508 11
1744714007018 0.00025417752 12
1744714007766 0.00025715472 0
1744714008501 0.0002553564 1
1744714009235 0.00024726606 2
1744714009963 0.00025820575 3
1744714010690 0.00025080636 4
1744714011423 0.00024197572 5
1744714012184 0.00024734123 6
