1744713877589 1.4100906 0
1744713878312 1.4592068 1
1744713878923 1.4480767 2
1744713879543 1.4228966 3
1744713880153 1.4071431 4
1744713880774 1.402721 5
1744713881384 1.3993082 6
1744713882000 1.3903929 7
1744713882618 1.3816178 8
1744713883231 1.3639846 9
1744713883850 1.3435874 10
1744713884471 1.3219118 11
1744713885087 1.3178873 12
1744713885715 1.3384233 0
1744713886336 1.364075 1
1744713886950 1.3876358 2
1744713887564 1.4070277 3
1744713888182 1.4221681 4
1744713888796 1.4271913 5
1744713889412 1.4128826 6
1744713890034 1.3955708 7
1744713890657 1.3922186 8
1744713891277 1.3847802 9
1744713891894 1.399674 10
1744713892506 1.4270957 11
1744713893122 1.4469676 12
1744713893758 1.4364874 0
1744713894454 1.4165506 1
1744713895182 1.4109797 2
1744713895899 1.4380598 3
1744713896621 1.4418771 4
1744713897338 1.4228444 5
1744713898059 1.4029975 6
1744713898782 1.3957984 7
1744713899510 1.4015982 8
1744713900234 1.4285961 9
1744713900964 1.4429338 10
1744713901703 1.4535736 11
1744713902428 1.4457548 12
1744713903172 1.432466 0
1744713903903 1.4362216 1
1744713904634 1.4534752 2
1744713905355 1.4690213 3
1744713906086 1.4910247 4
1744713906821 1.4974135 5
1744713907546 1.4574933 6
1744713908272 1.429752 7
1744713908999 1.4289784 8
1744713909725 1.4253933 9
1744713910451 1.4147112 10
1744713911184 1.4127417 11
1744713911907 1.4322443 12
1744713912647 1.4437287 0
1744713913372 1.4515159 1
1744713914098 1.438665 2
1744713914818 1.4264417 3
1744713915544 1.4239576 4
1744713916276 1.4137743 5
1744713917004 1.3998525 6
1744713917732 1.3938037 7
1744713918460 1.4074302 8
1744713919187 1.4263139 9
1744713919912 1.4327366 10
1744713920637 1.4297605 11
1744713921363 1.4209737 12
1744713922105 1.4022921 0
1744713922831 1.3931844 1
1744713923553 1.4022844 2
1744713924288 1.4101096 3
1744713925019 1.4109998 4
1744713925747 1.4178246 5
1744713926471 1.4182594 6
1744713927192 1.4148481 7
1744713927919 1.4050858 8
1744713928651 1.3963366 9
1744713929377 1.3899326 10
1744713930108 1.4035251 11
1744713930838 1.4359183 12
1744713931579 1.4936198 0
1744713932308 1.4983022 1
1744713933039 1.4626235 2
1744713933770 1.4254956 3
1744713934493 1.4120919 4
1744713935227 1.4093329 5
1744713935956 1.400337 6
1744713936684 1.387446 7
1744713937410 1.3809481 8
1744713938144 1.3683252 9
1744713938869 1.3695507 10
1744713939598 1.3759583 11
1744713940323 1.4072458 12
1744713941073 1.4444602 0
1744713941798 1.4699516 1
1744713942527 1.4799895 2
1744713943251 1.456563 3
1744713943978 1.4622192 4
1744713944709 1.4749609 5
1744713945438 1.4685506 6
1744713946165 1.4613614 7
1744713946889 1.4542402 8
1744713947812 1.4548862 9
1744713948540 1.4517245 10
1744713949268 1.4455652 11
1744713949997 1.4308002 12
1744713950742 1.4156656 0
1744713951471 1.4066037 1
1744713952199 1.3912735 2
1744713952929 1.3734109 3
1744713953658 1.370688 4
1744713954384 1.3740885 5
1744713955110 1.3793838 6
1744713955831 1.3828546 7
1744713956562 1.3918402 8
1744713957287 1.4020654 9
1744713958015 1.413604 10
1744713958743 1.417685 11
1744713959467 1.4116178 12
1744713960207 1.400044 0
1744713960946 1.3958153 1
1744713961676 1.4062957 2
1744713962410 1.4298248 3
1744713963139 1.4664865 4
1744713963868 1.4776177 5
1744713964595 1.4646368 6
1744713965320 1.440888 7
1744713966049 1.4218259 8
1744713966779 1.4024016 9
1744713967516 1.3906786 10
1744713968248 1.3848029 11
1744713968977 1.3786206 12
1744713969723 1.3795509 0
1744713970452 1.3837851 1
1744713971182 1.4002442 2
1744713971909 1.4183216 3
1744713972647 1.4244523 4
1744713973382 1.4225986 5
1744713974118 1.4131767 6
1744713974852 1.4044697 7
1744713975581 1.3964195 8
1744713976309 1.3923771 9
1744713977035 1.4012126 10
1744713977764 1.4138608 11
1744713978496 1.4218235 12
1744713979238 1.4237494 0
1744713979967 1.4185069 1
1744713980696 1.4175775 2
1744713981432 1.4233654 3
1744713982153 1.4255186 4
1744713982876 1.4312739 5
1744713983605 1.4403157 6
1744713984342 1.438067 7
1744713985071 1.4280975 8
1744713985793 1.4089506 9
1744713986522 1.3863558 10
1744713987251 1.3628148 11
1744713987980 1.348584 12
1744713988724 1.3508224 0
1744713989458 1.3592696 1
1744713990190 1.3737526 2
1744713990919 1.3966947 3
1744713991642 1.4434428 4
1744713992371 1.4569116 5
1744713993106 1.4446816 6
1744713993839 1.421058 7
1744713994568 1.400255 8
1744713995301 1.3824837 9
1744713996030 1.3766388 10
1744713996788 1.3818694 11
1744713997513 1.3845878 12
1744713998261 1.3988665 0
1744713998993 1.4286463 1
1744713999719 1.4453773 2
1744714000452 1.4420085 3
1744714001181 1.4342315 4
1744714001912 1.4275231 5
1744714002641 1.4146338 6
1744714003372 1.3994431 7
1744714004098 1.390088 8
1744714004829 1.3810452 9
1744714005558 1.3885224 10
1744714006289 1.3995198 11
1744714007016 1.4076724 12
1744714007763 1.4308496 0
1744714008497 1.4491346 1
1744714009232 1.4529419 2
1744714009961 1.4569845 3
1744714010688 1.4412858 4
1744714011421 1.4285069 5
1744714012182 1.4146444 6
