1744713877591 4.5317597 0
1744713878314 6.291355 1
1744713878923 7.8449273 2
1744713879543 9.168009 3
1744713880153 10.216436 4
1744713880775 11.068953 5
1744713881386 11.74414 6
1744713882002 12.368997 7
1744713882618 12.8666115 8
1744713883233 13.268012 9
1744713883852 13.525583 10
1744713884471 13.673276 11
1744713885087 13.747429 12
1744713885717 13.849551 0
1744713886338 14.003667 1
1744713886950 14.111144 2
1744713887564 14.219892 3
1744713888182 14.36091 4
1744713888797 14.526987 5
1744713889414 14.697976 6
1744713890036 14.788196 7
1744713890659 14.765582 8
1744713891277 14.809262 9
1744713891896 14.802829 10
1744713892506 14.75224 11
1744713893124 14.740803 12
1744713893758 14.776073 0
1744713894456 14.903935 1
1744713895182 15.008146 2
1744713895901 14.961595 3
1744713896623 14.953235 4
1744713897340 14.978048 5
1744713898059 14.979269 6
1744713898784 15.036675 7
1744713899512 15.078206 8
1744713900235 14.974196 9
1744713900964 14.812333 10
1744713901705 14.619331 11
1744713902430 14.542121 12
1744713903174 14.646734 0
1744713903905 14.793088 1
1744713904634 14.918705 2
1744713905357 15.053076 3
1744713906088 15.064657 4
1744713906823 15.130827 5
1744713907547 15.422211 6
1744713908274 15.613529 7
1744713908999 15.733217 8
1744713909727 15.853399 9
1744713910454 15.920652 10
1744713911186 15.865335 11
1744713911909 15.6354885 12
1744713912647 15.285988 0
1744713913374 14.924587 1
1744713914100 14.6635475 2
1744713914818 14.521361 3
1744713915546 14.4299755 4
1744713916278 14.428845 5
1744713917004 14.459568 6
1744713917734 14.472276 7
1744713918462 14.413875 8
1744713919187 14.286829 9
1744713919914 14.204726 10
1744713920639 14.207247 11
1744713921365 14.232657 12
1744713922107 14.313915 0
1744713922833 14.410992 1
1744713923555 14.444522 2
1744713924290 14.406034 3
1744713925021 14.393869 4
1744713925749 14.376334 5
1744713926473 14.367848 6
1744713927194 14.348464 7
1744713927921 14.387969 8
1744713928651 14.417794 9
1744713929379 14.426259 10
1744713930109 14.340545 11
1744713930840 14.219251 12
1744713931581 13.967564 0
1744713932308 13.662758 1
1744713933041 13.456206 2
1744713933771 13.346173 3
1744713934495 13.327874 4
1744713935229 13.459461 5
1744713935958 13.663109 6
1744713936686 13.885649 7
1744713937412 14.053934 8
1744713938144 14.305024 9
1744713938871 14.5398 10
1744713939599 14.785141 11
1744713940325 14.899458 12
1744713941075 14.868023 0
1744713941800 14.7226925 1
1744713942529 14.5109 2
1744713943251 14.470616 3
1744713943980 14.375057 4
1744713944711 14.220666 5
1744713945440 14.101481 6
1744713946167 13.981055 7
1744713946889 13.867258 8
1744713947814 13.742607 9
1744713948542 13.624977 10
1744713949270 13.510756 11
1744713949997 13.475006 12
1744713950744 13.483681 0
1744713951473 13.518221 1
1744713952201 13.568383 2
1744713952931 13.626711 3
1744713953660 13.634064 4
1744713954386 13.631927 5
1744713955112 13.679243 6
1744713955833 13.684613 7
1744713956564 13.658806 8
1744713957289 13.577715 9
1744713958016 13.43459 10
1744713958745 13.29669 11
1744713959467 13.195715 12
1744713960209 13.1505 0
1744713960948 13.100804 1
1744713961679 13.020446 2
1744713962411 12.855037 3
1744713963141 12.5344515 4
1744713963870 12.213838 5
1744713964597 12.029954 6
1744713965322 11.960896 7
1744713966051 12.005194 8
1744713966781 12.164747 9
1744713967516 12.33793 10
1744713968249 12.465748 11
1744713968977 12.555211 12
1744713969723 12.568428 0
1744713970454 12.576868 1
1744713971184 12.512688 2
1744713971911 12.383196 3
1744713972647 12.2579975 4
1744713973382 12.180059 5
1744713974118 12.1384945 6
1744713974854 12.149714 7
1744713975583 12.2252445 8
1744713976311 12.31683 9
1744713977038 12.310281 10
1744713977768 12.235497 11
1744713978496 12.14516 12
1744713979240 12.030501 0
1744713979969 11.950495 1
1744713980698 11.895887 2
1744713981434 11.862432 3
1744713982155 11.86275 4
1744713982878 11.834932 5
1744713983607 11.753118 6
1744713984344 11.646458 7
1744713985071 11.526179 8
1744713985795 11.48957 9
1744713986524 11.583758 10
1744713987253 11.848184 11
1744713987982 12.170106 12
1744713988724 12.467991 0
1744713989460 12.726876 1
1744713990190 12.942071 2
1744713990921 13.065397 3
1744713991645 12.954575 4
1744713992373 12.826675 5
1744713993106 12.668597 6
1744713993839 12.56174 7
1744713994570 12.511062 8
1744713995303 12.540195 9
1744713996032 12.601259 10
1744713996788 12.691443 11
1744713997515 12.793635 12
1744713998263 12.800601 0
1744713998994 12.665552 1
1744713999721 12.444044 2
1744714000452 12.278525 3
1744714001183 12.12819 4
1744714001914 11.966468 5
1744714002643 11.863656 6
1744714003372 11.802739 7
1744714004100 11.735802 8
1744714004831 11.706207 9
1744714005560 11.687892 10
1744714006291 11.633266 11
1744714007016 11.564356 12
1744714007765 11.399717 0
1744714008499 11.19725 1
1744714009234 11.039076 2
1744714009961 10.897495 3
1744714010688 10.84306 4
1744714011423 10.829629 5
1744714012184 10.854869 6
