1743004223101 0 0
1743004223517 0 1
1743004223921 0 2
1743004224325 0 3
1743004224726 0 4
1743004225130 0 5
1743004225522 0 6
1743004225922 0 7
1743004226316 0 8
1743004226711 0 9
1743004227106 0 10
1743004227502 0 11
1743004227908 0 12
1743004228306 0 13
1743004228701 0 14
1743004229096 0 15
1743004229487 0 16
1743004229889 0 17
1743004230284 0 18
1743004230676 0 19
1743004231070 0 20
1743004231466 0 21
1743004231860 0 22
1743004232260 0 23
1743004232654 0 24
1743004233048 0 25
1743004233436 0 26
1743004233830 0 27
1743004234222 0 28
1743004234616 0 29
1743004235004 0 30
1743004235404 0 31
1743004235872 0 32
1743004236331 0 33
1743004236792 0 34
1743004237258 0 35
1743004237721 0 36
1743004238191 0 37
1743004238651 0 38
1743004239112 0 39
1743004239572 0 40
1743004240039 0 41
1743004240502 0 42
1743004240965 0 43
1743004241423 0 44
1743004241890 0 45
1743004242358 0 46
1743004242829 0 47
1743004243299 0 48
1743004243768 0 49
1743004244237 0 50
1743004244705 0 51
1743004245175 0 52
1743004245637 0 53
1743004246105 0 54
1743004246575 0 55
1743004247040 0 56
1743004247503 0 57
1743004247975 0 58
1743004248441 0 59
1743004248906 0 60
1743004249378 0 61
1743004249870 0 62
1743004250379 0 63
1743004250871 0 64
1743004251358 0 65
1743004251829 0 66
1743004252304 0 67
