1743004223094 0 0
1743004223514 0 1
1743004223917 0 2
1743004224321 0 3
1743004224724 0 4
1743004225128 0 5
1743004225520 0 6
1743004225921 0 7
1743004226314 0 8
1743004226708 0 9
1743004227104 0 10
1743004227498 0 11
1743004227906 0 12
1743004228303 0 13
1743004228697 0 14
1743004229094 0 15
1743004229485 0 16
1743004229886 0 17
1743004230281 0 18
1743004230674 0 19
1743004231068 0 20
1743004231464 0 21
1743004231858 0 22
1743004232257 0 23
1743004232652 0 24
1743004233044 0 25
1743004233434 0 26
1743004233827 0 27
1743004234220 0 28
1743004234612 0 29
1743004235002 0 30
1743004235401 0 31
1743004235868 0 32
1743004236328 0 33
1743004236788 0 34
1743004237254 0 35
1743004237717 0 36
1743004238181 0 37
1743004238647 0 38
1743004239110 0 39
1743004239570 0 40
1743004240035 0 41
1743004240498 0 42
1743004240962 0 43
1743004241421 0 44
1743004241886 0 45
1743004242356 0 46
1743004242825 0 47
1743004243296 0 48
1743004243764 0 49
1743004244235 0 50
1743004244703 0 51
1743004245172 0 52
1743004245633 0 53
1743004246103 0 54
1743004246571 0 55
1743004247035 0 56
1743004247501 0 57
1743004247971 0 58
1743004248438 0 59
1743004248902 0 60
1743004249374 0 61
1743004249866 0 62
1743004250375 0 63
1743004250869 0 64
1743004251355 0 65
1743004251826 0 66
1743004252300 0 67
