1743004223096 3.085029 0
1743004223515 4.440222 1
1743004223919 5.467926 2
1743004224323 6.3113046 3
1743004224724 7.0259266 4
1743004225130 7.562024 5
1743004225522 8.057746 6
1743004225921 8.553138 7
1743004226316 8.935561 8
1743004226709 9.3206005 9
1743004227106 9.641024 10
1743004227500 9.899666 11
1743004227908 10.225657 12
1743004228304 10.499899 13
1743004228699 10.696372 14
1743004229094 10.919686 15
1743004229485 11.134368 16
1743004229887 11.36885 17
1743004230282 11.638521 18
1743004230674 11.912725 19
1743004231070 12.0973 20
1743004231464 12.177956 21
1743004231860 12.278151 22
1743004232259 12.521434 23
1743004232654 12.665941 24
1743004233047 12.699465 25
1743004233436 12.7399235 26
1743004233828 12.862145 27
1743004234220 13.068626 28
1743004234614 13.266673 29
1743004235004 13.382176 30
1743004235401 13.498808 31
1743004235870 13.661284 32
1743004236330 13.825237 33
1743004236790 13.848612 34
1743004237256 13.803937 35
1743004237719 13.891589 36
1743004238191 14.080707 37
1743004238649 14.233229 38
1743004239110 14.368848 39
1743004239570 14.409183 40
1743004240037 14.42159 41
1743004240500 14.411084 42
1743004240963 14.382722 43
1743004241423 14.379577 44
1743004241888 14.494878 45
1743004242356 14.651667 46
1743004242827 14.825817 47
1743004243298 15.006355 48
1743004243766 15.16543 49
1743004244237 15.326445 50
1743004244703 15.5446 51
1743004245175 15.654531 52
1743004245635 15.612984 53
1743004246103 15.560311 54
1743004246573 15.542562 55
1743004247037 15.563482 56
1743004247503 15.676512 57
1743004247973 15.7885685 58
1743004248440 15.7795725 59
1743004248905 15.7656 60
1743004249376 15.759104 61
1743004249868 15.767816 62
1743004250377 15.751724 63
1743004250869 15.768751 64
1743004251357 15.770495 65
1743004251828 15.702494 66
1743004252302 15.534812 67
