1743006602516 4.356457e-06 0
1743006603139 3.2090406e-06 1
1743006603758 2.5705313e-06 2
1743006604380 2.0638583e-06 3
1743006605006 1.6882432e-06 4
1743006605632 1.4251216e-06 5
1743006606259 1.2458495e-06 6
1743006606884 1.1120366e-06 7
1743006607514 9.945998e-07 8
1743006608136 8.8572233e-07 9
1743006608766 8.05405e-07 10
1743006609389 7.4579606e-07 11
1743006610012 6.7174375e-07 12
1743006610633 6.18578e-07 13
1743006611261 5.886744e-07 14
1743006611893 5.3754326e-07 15
1743006612520 5.038585e-07 16
1743006613146 4.748264e-07 17
1743006613774 4.395752e-07 18
1743006614396 4.197362e-07 19
1743006615022 3.9632624e-07 20
1743006615706 3.7232573e-07 21
1743006616436 3.521449e-07 22
1743006617160 3.3984776e-07 23
1743006617880 3.2313022e-07 24
1743006618612 3.0737206e-07 25
1743006619347 2.9402315e-07 26
1743006620078 2.8398196e-07 27
1743006620803 2.6912173e-07 28
1743006621534 2.5849909e-07 29
1743006622275 2.4402743e-07 30
1743006623008 2.3880264e-07 31
1743006623745 2.2634417e-07 32
1743006624476 2.1750341e-07 33
1743006625214 2.1752567e-07 34
1743006625942 2.0399392e-07 35
1743006626665 1.9706651e-07 36
1743006627399 1.9258854e-07 37
1743006628130 1.8423042e-07 38
1743006628860 1.7991428e-07 39
1743006629596 1.7564031e-07 40
1743006630347 1.6895949e-07 41
1743006631138 1.6356462e-07 42
1743006631895 1.5551073e-07 43
1743006632649 1.5332249e-07 44
1743006633399 1.4851247e-07 45
1743006634141 1.4297568e-07 46
1743006634893 1.4468385e-07 47
1743006635653 1.3966823e-07 48
1743006636420 1.3242813e-07 49
1743006637175 1.3136238e-07 50
1743006637934 1.3236362e-07 51
1743006638683 1.2601983e-07 52
1743006639431 1.1932525e-07 53
1743006640202 1.1711729e-07 54
1743006640960 1.13872424e-07 55
1743006641712 1.14104914e-07 56
1743006642484 1.1222534e-07 57
1743006643243 1.0834639e-07 58
1743006644022 1.05160325e-07 59
1743006644787 1.0314287e-07 60
1743006645540 1.01766496e-07 61
1743006646316 9.763237e-08 62
1743006647087 9.7923255e-08 63
1743006647865 9.405848e-08 64
1743006648638 9.5240274e-08 65
1743006649415 9.0318544e-08 66
