1743006602504 0.6929712 0
1743006603137 0.52633095 1
1743006603756 0.5960056 2
1743006604378 0.61747694 3
1743006605002 0.729716 4
1743006605628 0.74716294 5
1743006606256 0.66202056 6
1743006606882 0.6607018 7
1743006607512 0.63108623 8
1743006608134 0.637601 9
1743006608762 0.52885133 10
1743006609387 0.54756033 11
1743006610010 0.51687336 12
1743006610631 0.5208135 13
1743006611257 0.46476278 14
1743006611891 0.63441193 15
1743006612516 0.6030165 16
1743006613144 0.6858647 17
1743006613772 0.7287953 18
1743006614392 0.6126023 19
1743006615018 0.59362483 20
1743006615704 0.5268707 21
1743006616432 0.44869953 22
1743006617158 0.49964803 23
1743006617878 0.52441084 24
1743006618610 0.49939275 25
1743006619336 0.48566294 26
1743006620075 0.4551189 27
1743006620801 0.52692467 28
1743006621532 0.56389976 29
1743006622272 0.59980285 30
1743006623005 0.5432896 31
1743006623743 0.52146643 32
1743006624474 0.46871528 33
1743006625211 0.4335553 34
1743006625940 0.45542812 35
1743006626663 0.4713319 36
1743006627395 0.530735 37
1743006628126 0.52552474 38
1743006628857 0.57606506 39
1743006629594 0.6010686 40
1743006630345 0.614804 41
1743006631136 0.5996114 42
1743006631893 0.7271953 43
1743006632647 0.80319655 44
1743006633397 0.73041654 45
1743006634139 0.58915985 46
1743006634891 0.49537307 47
1743006635649 0.48878467 48
1743006636417 0.49304637 49
1743006637173 0.49041587 50
1743006637930 0.4716991 51
1743006638679 0.4338916 52
1743006639429 0.4231498 53
1743006640199 0.36417288 54
1743006640958 0.30448544 55
1743006641708 0.28727663 56
1743006642480 0.27376097 57
1743006643239 0.29297805 58
1743006644020 0.28639787 59
1743006644783 0.36274034 60
1743006645538 0.38992405 61
1743006646314 0.44343087 62
1743006647081 0.46384996 63
1743006647863 0.47846353 64
1743006648634 0.49363735 65
1743006649411 0.47989082 66
