1743006602506 0.2722271 0
1743006603139 0.5286059 1
1743006603758 0.5492551 2
1743006604380 0.3907675 3
1743006605004 0.34354186 4
1743006605630 0.4334893 5
1743006606258 0.440093 6
1743006606884 0.40232924 7
1743006607512 0.42392248 8
1743006608134 0.40977886 9
1743006608764 0.53371733 10
1743006609389 0.4111161 11
1743006610012 0.48244774 12
1743006610633 0.48189646 13
1743006611259 0.5264323 14
1743006611891 0.33365828 15
1743006612518 0.5876753 16
1743006613145 0.3157546 17
1743006613772 0.39361432 18
1743006614394 0.5690293 19
1743006615020 0.39048266 20
1743006615704 0.45365074 21
1743006616434 0.5967588 22
1743006617160 0.44198552 23
1743006617878 0.44248626 24
1743006618612 0.5408513 25
1743006619346 0.48856112 26
1743006620077 0.48728147 27
1743006620801 0.46528324 28
1743006621533 0.4608827 29
1743006622273 0.4211366 30
1743006623006 0.5017824 31
1743006623745 0.44200543 32
1743006624476 0.5287819 33
1743006625212 0.5299109 34
1743006625940 0.4678387 35
1743006626665 0.4864317 36
1743006627397 0.4493653 37
1743006628128 0.5027786 38
1743006628859 0.40511712 39
1743006629596 0.49514174 40
1743006630345 0.37582332 41
1743006631136 0.5212295 42
1743006631895 0.27761543 43
1743006632647 0.63802755 44
1743006633399 0.2673886 45
1743006634141 0.53393537 46
1743006634891 0.52441025 47
1743006635651 0.4296351 48
1743006636419 0.49742153 49
1743006637175 0.5088919 50
1743006637932 0.47540584 51
1743006638681 0.5446269 52
1743006639429 0.51637363 53
1743006640202 0.5642979 54
1743006640958 0.63358057 55
1743006641710 0.62846804 56
1743006642482 0.65210545 57
1743006643241 0.6284029 58
1743006644020 0.62804997 59
1743006644785 0.57339513 60
1743006645538 0.5812112 61
1743006646316 0.52020246 62
1743006647085 0.5085104 63
1743006647865 0.5135261 64
1743006648636 0.46467245 65
1743006649413 0.5249441 66
