1743777731206 0.76353496 0
1743777731941 0.53401494 1
1743777732562 0.3748865 2
1743777733188 0.2646175 3
1743777733804 0.1940986 4
1743777734421 0.14764138 5
1743777735043 0.11493923 6
1743777735667 0.09179211 7
1743777736286 0.07560741 8
1743777736911 0.06325528 9
1743777737536 0.053652957 10
1743777738155 0.046223797 11
1743777738777 0.04017642 12
1743777739401 0.035288863 13
1743777740027 0.031295445 14
1743777740644 0.027894033 15
1743777741267 0.025123721 16
1743777741886 0.022356559 17
1743777742509 0.020405028 18
1743777743130 0.018513232 19
1743777743753 0.016987715 20
1743777744375 0.015570399 21
1743777745007 0.014313062 22
1743777745629 0.013352103 23
1743777746256 0.0123890815 24
1743777746881 0.011640501 25
1743777747598 0.01075097 26
1743777748331 0.010092386 27
1743777749065 0.009453502 28
1743777749790 0.008903543 29
1743777750522 0.00827229 30
1743777751250 0.007921054 31
1743777751977 0.007494242 32
1743777752702 0.007109694 33
1743777753428 0.0066688093 34
1743777754148 0.006399715 35
1743777754874 0.0061091594 36
1743777755601 0.0057653314 37
1743777756329 0.0055327 38
1743777757052 0.005323635 39
1743777757777 0.0050638695 40
1743777758501 0.0049123596 41
1743777759233 0.0046488186 42
1743777759957 0.004467495 43
1743777760679 0.004308041 44
1743777761404 0.0042060344 45
1743777762137 0.003986391 46
1743777762860 0.0038533614 47
1743777763582 0.003705164 48
1743777764310 0.0035531332 49
1743777765030 0.0034671966 50
1743777765756 0.0033140737 51
1743777766478 0.0032208862 52
1743777767199 0.0031056055 53
1743777767919 0.0030200891 54
1743777768640 0.0029074666 55
1743777769366 0.0028110254 56
1743777770090 0.002733402 57
1743777770826 0.0026624014 58
1743777771562 0.0025683474 59
1743777772301 0.00249299 60
1743777773047 0.0024155164 61
1743777773775 0.0023433384 62
