1743777731204 1.4449959 0
1743777731939 1.4513491 1
1743777732560 1.4075327 2
1743777733186 1.3677855 3
1743777733801 1.3620896 4
1743777734419 1.3331907 5
1743777735041 1.2972133 6
1743777735665 1.2654184 7
1743777736285 1.2450676 8
1743777736909 1.2714123 9
1743777737533 1.3240278 10
1743777738153 1.330142 11
1743777738775 1.3242183 12
1743777739399 1.3212984 13
1743777740025 1.3187953 14
1743777740642 1.333174 15
1743777741265 1.3386331 16
1743777741884 1.3429943 17
1743777742505 1.3538079 18
1743777743128 1.3760064 19
1743777743751 1.3886467 20
1743777744373 1.3746723 21
1743777745005 1.3514202 22
1743777745627 1.3376744 23
1743777746254 1.3635067 24
1743777746878 1.4243399 25
1743777747589 1.3943459 26
1743777748329 1.363992 27
1743777749061 1.3831003 28
1743777749786 1.4224763 29
1743777750520 1.4273332 30
1743777751248 1.4497693 31
1743777751974 1.4484892 32
1743777752700 1.4383018 33
1743777753424 1.4421043 34
1743777754146 1.4586006 35
1743777754872 1.4527781 36
1743777755599 1.458292 37
1743777756327 1.4435724 38
1743777757050 1.4103587 39
1743777757775 1.3673916 40
1743777758499 1.3648953 41
1743777759231 1.3939159 42
1743777759954 1.4253781 43
1743777760675 1.415873 44
1743777761402 1.42693 45
1743777762133 1.4311807 46
1743777762856 1.4207865 47
1743777763580 1.4060346 48
1743777764308 1.416198 49
1743777765028 1.4187548 50
1743777765753 1.4060296 51
1743777766476 1.4125364 52
1743777767197 1.4368882 53
1743777767915 1.4406265 54
1743777768638 1.4203975 55
1743777769365 1.4145272 56
1743777770088 1.4289716 57
1743777770824 1.4246778 58
1743777771560 1.4074208 59
1743777772297 1.385419 60
1743777773045 1.3955982 61
1743777773773 1.4374213 62
