1743777731204 4.7379427 0
1743777731939 6.6256523 1
1743777732560 8.257763 2
1743777733186 9.603958 3
1743777733803 10.71392 4
1743777734419 11.729232 5
1743777735041 12.533868 6
1743777735667 13.202778 7
1743777736286 13.921319 8
1743777736911 14.591672 9
1743777737535 15.212354 10
1743777738155 15.799898 11
1743777738777 16.262007 12
1743777739401 16.651632 13
1743777740025 17.099747 14
1743777740642 17.486603 15
1743777741265 17.895397 16
1743777741884 18.298243 17
1743777742507 18.63086 18
1743777743130 18.806147 19
1743777743751 18.871138 20
1743777744375 19.041504 21
1743777745007 19.256496 22
1743777745629 19.480879 23
1743777746255 19.548338 24
1743777746880 19.46699 25
1743777747597 19.505718 26
1743777748329 19.658108 27
1743777749063 19.954988 28
1743777749788 20.257542 29
1743777750522 20.467924 30
1743777751248 20.552877 31
1743777751976 20.565699 32
1743777752702 20.522251 33
1743777753426 20.388577 34
1743777754146 20.292671 35
1743777754874 20.344175 36
1743777755599 20.40788 37
1743777756329 20.62413 38
1743777757050 20.828741 39
1743777757775 21.108442 40
1743777758501 21.332413 41
1743777759231 21.37816 42
1743777759956 21.3773 43
1743777760677 21.542019 44
1743777761402 21.580614 45
1743777762135 21.720993 46
1743777762858 21.821728 47
1743777763582 21.924778 48
1743777764309 21.90525 49
1743777765030 21.90149 50
1743777765755 21.903131 51
1743777766476 21.894283 52
1743777767199 21.713734 53
1743777767917 21.431725 54
1743777768640 21.228516 55
1743777769366 21.07709 56
1743777770090 20.959148 57
1743777770826 20.932371 58
1743777771561 20.991951 59
1743777772299 21.116796 60
1743777773047 21.244225 61
1743777773773 21.320732 62
