1744714261526 0.44236535 0
1744714262264 0.2885638 1
1744714262897 0.19218546 2
1744714263527 0.13116498 3
1744714264157 0.09373807 4
1744714264800 0.070650935 5
1744714265450 0.05472424 6
1744714266095 0.04418855 7
1744714266728 0.03681952 8
1744714267363 0.031361803 9
1744714267994 0.02723399 10
1744714268632 0.023818767 11
1744714269274 0.020956255 12
1744714269916 0.018748028 0
1744714270551 0.016886873 1
1744714271213 0.0151032545 2
1744714271862 0.013854904 3
1744714272522 0.0125877 4
1744714273175 0.01146115 5
1744714273821 0.010572006 6
1744714274479 0.009816478 7
1744714275130 0.00911305 8
1744714275774 0.00856502 9
1744714276452 0.007889332 10
1744714277216 0.0073503028 11
1744714277967 0.007007519 12
1744714278744 0.0065778233 0
1744714279494 0.0061020628 1
1744714280250 0.0058137253 2
1744714281005 0.005578259 3
1744714281762 0.005229305 4
1744714282518 0.0050202175 5
1744714283274 0.0047426387 6
1744714284024 0.0045039644 7
1744714284782 0.0043268553 8
1744714285534 0.0041005104 9
1744714286277 0.0038961854 10
1744714287026 0.0038051012 11
1744714287773 0.003628847 12
1744714288538 0.0034865902 0
1744714289291 0.0033187296 1
1744714290046 0.0032128503 2
1744714290796 0.0030922822 3
1744714291550 0.0029967274 4
1744714292294 0.002885505 5
1744714293047 0.0028274192 6
1744714293791 0.002659146 7
1744714294541 0.0025661807 8
1744714295292 0.0024939491 9
1744714296045 0.0023796891 10
1744714296794 0.0023262622 11
1744714297543 0.0022269145 12
1744714298312 0.0021677206 0
1744714299060 0.002118333 1
1744714299812 0.0020395997 2
1744714300562 0.0019955093 3
1744714301308 0.0019408915 4
1744714302073 0.0019140291 5
1744714302824 0.0018216295 6
1744714303565 0.0017756535 7
1744714304313 0.0017444466 8
1744714305069 0.001655715 9
1744714305819 0.0016536373 10
1744714306559 0.0016025427 11
1744714307306 0.0015600767 12
1744714308078 0.0015443708 0
1744714308839 0.0014779536 1
1744714309592 0.0014493276 2
1744714310343 0.0014084534 3
1744714311114 0.001397654 4
1744714311880 0.0013326823 5
1744714312635 0.0013246536 6
1744714313389 0.0012851148 7
1744714314146 0.0012651529 8
1744714314899 0.0012246261 9
1744714315644 0.0012007625 10
1744714316394 0.0011753719 11
1744714317149 0.0011487907 12
1744714317933 0.0011326679 0
1744714318691 0.0011059669 1
1744714319447 0.0010953166 2
1744714320206 0.0010605023 3
1744714320956 0.0010483701 4
1744714321711 0.0010357297 5
1744714322464 0.0010094774 6
1744714323231 0.0009783502 7
1744714323979 0.00096440135 8
1744714324738 0.0009322612 9
1744714325488 0.0009291739 10
1744714326241 0.0009213493 11
1744714326999 0.0008937912 12
1744714327765 0.0008780583 0
1744714328530 0.0008562661 1
1744714329281 0.00085444533 2
1744714330032 0.00082863646 3
1744714330776 0.0008215746 4
1744714331531 0.0007999493 5
1744714332285 0.0007939397 6
1744714333052 0.0007737807 7
1744714333828 0.0007753798 8
1744714334786 0.00075210223 9
1744714335553 0.0007469181 10
1744714336317 0.0007283385 11
1744714337075 0.0007148363 12
1744714337846 0.00070455245 0
1744714338599 0.00069721456 1
1744714339363 0.00068441033 2
1744714340131 0.00066865125 3
1744714340888 0.00065903144 4
1744714341645 0.0006543337 5
1744714342401 0.0006490085 6
1744714343149 0.00064117496 7
1744714343894 0.00062797754 8
1744714344654 0.0006234641 9
1744714345419 0.00060787017 10
1744714346175 0.0005926463 11
1744714346918 0.0005903571 12
1744714347690 0.0005842127 0
1744714348448 0.0005613753 1
1744714349204 0.0005620792 2
1744714349952 0.0005627984 3
1744714350713 0.0005456871 4
1744714351464 0.00053917314 5
1744714352213 0.000543051 6
1744714352961 0.0005221939 7
1744714353712 0.0005186388 8
1744714354467 0.00051881827 9
1744714355225 0.0005017866 10
1744714355982 0.00051200564 11
1744714356733 0.00048992824 12
1744714357507 0.00048604092 0
1744714358259 0.0004838296 1
1744714359023 0.00048046003 2
1744714359777 0.0004692312 3
1744714360531 0.00046449213 4
1744714361287 0.00045742822 5
1744714362035 0.00045882276 6
1744714362788 0.00043872758 7
1744714363541 0.00044257383 8
1744714364296 0.00043467045 9
1744714365033 0.00042986876 10
1744714365784 0.0004289031 11
1744714366532 0.00042202376 12
1744714367310 0.00041007707 0
1744714368064 0.000420732 1
1744714368808 0.0004088366 2
1744714369557 0.000391837 3
1744714370310 0.0003921755 4
1744714371064 0.00039655154 5
1744714371821 0.0003843936 6
1744714372569 0.00038716066 7
1744714373344 0.00038148032 8
1744714374102 0.00038237267 9
1744714374853 0.00036310288 10
1744714375608 0.00036466884 11
1744714376369 0.00035895663 12
1744714377140 0.00036464309 0
1744714377888 0.00036493214 1
1744714378637 0.00035272996 2
1744714379391 0.00034392043 3
1744714380143 0.00034092175 4
1744714380885 0.00034631972 5
1744714381639 0.00033651115 6
1744714382392 0.00033683935 7
1744714383151 0.00032487218 8
1744714383914 0.00032550766 9
1744714384664 0.00032030072 10
1744714385429 0.00031458063 11
1744714386191 0.00031428016 12
1744714386960 0.00030988548 0
1744714387711 0.0003048418 1
1744714388468 0.0003139002 2
1744714389250 0.00030720982 3
1744714390029 0.00030600608 4
1744714390803 0.0003004968 5
1744714391602 0.0002944443 6
1744714392378 0.00029623337 7
1744714393146 0.0002926231 8
1744714393933 0.00028700955 9
1744714394778 0.00028133916 10
1744714395568 0.00028107938 11
1744714396363 0.00028020018 12
1744714397173 0.00027865017 0
1744714397925 0.00027785244 1
1744714398674 0.00027513393 2
1744714399417 0.00026971876 3
1744714400159 0.00026614402 4
1744714400907 0.00026587944 5
1744714401648 0.00026078185 6
1744714402386 0.00025723767 7
1744714403128 0.00026123555 8
1744714403878 0.00025859693 9
1744714404634 0.00025546693 10
1744714405386 0.00025005455 11
1744714406132 0.00025278257 12
1744714406894 0.00024811688 0
1744714407644 0.00024641957 1
1744714408389 0.00024889462 2
1744714409134 0.00024638223 3
1744714409883 0.0002334638 4
1744714410722 0.00023406194 5
1744714411467 0.00023568595 6
1744714412211 0.00023384418 7
1744714412951 0.00023399352 8
1744714413702 0.00022929226 9
1744714414437 0.00023016465 10
1744714415182 0.00022365623 11
1744714415921 0.00022606866 12
1744714416687 0.00022192039 0
1744714417429 0.00021941148 1
1744714418173 0.00022060037 2
1744714418917 0.00021402893 3
1744714419666 0.00021740893 4
1744714420407 0.00021423641 5
1744714421142 0.00021212008 6
1744714421882 0.00021136554 7
1744714422619 0.00021503752 8
1744714423358 0.00020732684 9
1744714424103 0.00020541705 10
1744714424852 0.00020553081 11
1744714425595 0.00020444868 12
1744714426353 0.0002005827 0
1744714427091 0.00020394991 1
1744714427829 0.00019674003 2
1744714428573 0.0001945889 3
1744714429327 0.000196571 4
1744714430071 0.00019518855 5
1744714430819 0.00018874164 6
1744714431558 0.00019344402 7
1744714432306 0.00018960313 8
1744714433054 0.00018843713 9
1744714433799 0.00018787509 10
1744714434542 0.00018804186 11
1744714435292 0.00018504048 12
1744714436050 0.00018317268 0
1744714436792 0.00018272303 1
1744714437529 0.00018061686 2
1744714438277 0.00018070781 3
1744714439019 0.000177536 4
1744714439762 0.00017738546 5
1744714440517 0.00018068506 6
1744714441265 0.00017414748 7
1744714442011 0.00017158226 8
1744714442753 0.00016951028 9
1744714443496 0.00017305954 10
1744714444244 0.00016760708 11
1744714444988 0.00017270082 12
1744714445745 0.00016908346 0
1744714446484 0.00016744547 1
1744714447228 0.000168492 2
1744714447971 0.00016602507 3
1744714448712 0.0001642729 4
1744714449462 0.00015889917 5
1744714450199 0.0001598993 6
1744714450938 0.00015934643 7
1744714451681 0.00015738267 8
1744714452423 0.00015446827 9
1744714453164 0.00016021152 10
1744714453907 0.00015341766 11
1744714454650 0.00015571325 12
1744714455407 0.00015590007 0
1744714456152 0.0001537624 1
1744714456898 0.00015296775 2
1744714457642 0.00015049541 3
1744714458391 0.00014919882 4
1744714459137 0.0001491981 5
1744714459884 0.00014778721 6
1744714460633 0.00014816389 7
1744714461376 0.00014574228 8
1744714462121 0.00014591037 9
1744714462871 0.00014458701 10
1744714463609 0.00014723631 11
1744714464352 0.0001423137 12
1744714465110 0.00014289425 0
1744714465856 0.00014133533 1
1744714466601 0.00014183021 2
1744714467344 0.00013743728 3
1744714468096 0.00013846044 4
1744714468862 0.00013936573 5
1744714469643 0.00014049713 6
1744714470415 0.00013935521 7
1744714471166 0.00013636255 8
1744714471911 0.00013498253 9
1744714472654 0.00013299486 10
1744714473400 0.00013400281 11
1744714474148 0.00013265862 12
1744714474907 0.0001339424 0
1744714475656 0.00012930656 1
1744714476404 0.00012946961 2
1744714477154 0.00013441492 3
1744714477917 0.00012882738 4
1744714478670 0.00013028264 5
1744714479418 0.00012536577 6
1744714480170 0.00012697725 7
1744714480937 0.00012533923 8
1744714481690 0.00012268446 9
1744714482431 0.00012589635 10
1744714483173 0.00012229384 11
1744714483909 0.00012534873 12
1744714484671 0.00012289605 0
1744714485504 0.00012075168 1
1744714486243 0.0001206619 2
1744714487004 0.00012056294 3
1744714487756 0.00012308096 4
1744714488508 0.00012119162 5
1744714489263 0.000118459466 6
1744714490011 0.00011750319 7
1744714490767 0.00011764455 8
1744714491527 0.00011844039 9
1744714492279 0.000113506445 10
1744714493034 0.00011515566 11
1744714493793 0.0001112558 12
1744714494558 0.00011437801 0
1744714495312 0.00011391183 1
1744714496062 0.00011165989 2
1744714496819 0.00011449907 3
1744714497577 0.00011368873 4
1744714498334 0.00011019976 5
1744714499085 0.00011160992 6
1744714499831 0.000111498455 7
1744714500589 0.000109142165 8
1744714501337 0.00010992313 9
1744714502091 0.00010799942 10
1744714502844 0.00010875242 11
1744714503606 0.00010630154 12
1744714504382 0.000106483 0
1744714505133 0.00010658258 1
1744714505887 0.00010367231 2
1744714506646 0.00010502308 3
1744714507405 0.00010822047 4
1744714508161 0.0001019488 5
1744714508928 0.00010526435 6
1744714509691 0.00010295004 7
1744714510452 0.00010258307 8
1744714511213 0.000101143894 9
1744714511964 0.000101149 10
1744714512726 9.951525e-05 11
1744714513474 0.00010138333 12
1744714514247 9.9432385e-05 0
1744714515010 0.00010031675 1
1744714515763 9.730876e-05 2
1744714516520 9.8615594e-05 3
1744714517282 9.843131e-05 4
1744714518038 9.844603e-05 5
1744714518800 9.7466924e-05 6
1744714519555 9.720431e-05 7
1744714520317 9.5285744e-05 8
1744714521065 9.487317e-05 9
1744714521823 9.621681e-05 10
1744714522578 9.417186e-05 11
1744714523332 9.281237e-05 12
1744714524102 9.4044815e-05 0
1744714524864 9.453122e-05 1
1744714525616 9.2361595e-05 2
1744714526372 9.470372e-05 3
1744714527121 9.329981e-05 4
1744714527881 9.035846e-05 5
1744714528638 8.9621615e-05 6
1744714529396 9.123676e-05 7
1744714530153 9.221089e-05 8
1744714530912 8.90934e-05 9
1744714531668 8.90792e-05 10
1744714532431 9.033726e-05 11
1744714533187 8.756491e-05 12
1744714533955 8.778296e-05 0
1744714534713 8.714973e-05 1
1744714535466 8.655327e-05 2
1744714536223 8.52038e-05 3
1744714536972 8.693901e-05 4
1744714537723 8.6632135e-05 5
1744714538487 8.551344e-05 6
1744714539242 8.485635e-05 7
1744714539999 8.418394e-05 8
1744714540757 8.6919514e-05 9
1744714541515 8.406446e-05 10
1744714542267 8.429781e-05 11
1744714543024 8.4082945e-05 12
1744714543792 8.226709e-05 0
1744714544545 8.040773e-05 1
1744714545296 8.270261e-05 2
1744714546044 8.178198e-05 3
1744714546804 8.214262e-05 4
1744714547561 8.060778e-05 5
1744714548310 8.3490144e-05 6
1744714549059 7.874428e-05 7
1744714549819 8.070625e-05 8
1744714550568 7.912747e-05 9
1744714551324 8.0804886e-05 10
1744714552078 7.9315156e-05 11
1744714552838 8.049335e-05 12
1744714553618 7.830357e-05 0
1744714554374 7.718511e-05 1
1744714555130 7.852304e-05 2
1744714555887 7.7131066e-05 3
1744714556644 7.6546174e-05 4
1744714557394 7.699341e-05 5
1744714558146 7.885676e-05 6
1744714558908 7.637722e-05 7
1744714559671 7.6481985e-05 8
1744714560424 7.592315e-05 9
1744714561284 7.375973e-05 10
1744714562056 7.485431e-05 11
1744714562816 7.366784e-05 12
1744714563593 7.574877e-05 0
1744714564343 7.197381e-05 1
1744714565117 7.39724e-05 2
1744714565882 7.325167e-05 3
1744714566640 7.2330266e-05 4
1744714567389 7.248262e-05 5
1744714568144 7.247686e-05 6
1744714568897 7.094898e-05 7
1744714569650 7.1751325e-05 8
1744714570402 7.140426e-05 9
1744714571163 7.0416485e-05 10
1744714571917 7.197238e-05 11
1744714572659 7.169546e-05 12
1744714573430 7.153767e-05 0
1744714574183 7.089753e-05 1
1744714574937 6.8246816e-05 2
1744714575688 6.931836e-05 3
1744714576443 6.919259e-05 4
1744714577190 6.906339e-05 5
1744714577946 6.734884e-05 6
1744714578697 6.7297944e-05 7
1744714579440 6.7759756e-05 8
1744714580192 6.771421e-05 9
1744714580940 6.9225964e-05 10
1744714581694 6.7312874e-05 11
1744714582443 6.751318e-05 12
1744714583207 6.793101e-05 0
1744714583964 6.634376e-05 1
1744714584712 6.601798e-05 2
1744714585470 6.570653e-05 3
1744714586219 6.4554275e-05 4
1744714586980 6.7226225e-05 5
1744714587741 6.4190535e-05 6
1744714588491 6.429095e-05 7
1744714589248 6.5469736e-05 8
1744714590008 6.2641375e-05 9
1744714590760 6.3177955e-05 10
1744714591508 6.448468e-05 11
1744714592257 6.451137e-05 12
1744714593031 6.4240645e-05 0
1744714593774 6.2962885e-05 1
1744714594529 6.268237e-05 2
1744714595296 6.3100415e-05 3
1744714596054 6.300483e-05 4
1744714596811 6.211723e-05 5
1744714597556 6.0757146e-05 6
1744714598309 5.9873826e-05 7
1744714599068 6.1914034e-05 8
1744714599824 5.9568512e-05 9
1744714600573 6.0233448e-05 10
1744714601324 6.212656e-05 11
1744714602083 5.9727183e-05 12
1744714602844 6.0338516e-05 0
1744714603592 5.893267e-05 1
1744714604340 6.013737e-05 2
1744714605095 5.9811562e-05 3
1744714605844 5.9572914e-05 4
1744714606594 5.856617e-05 5
1744714607342 5.8359823e-05 6
1744714608094 5.7611425e-05 7
1744714608848 5.8313373e-05 8
1744714609599 5.795828e-05 9
1744714610347 5.8479964e-05 10
1744714611099 5.6855763e-05 11
1744714611865 5.6309527e-05 12
1744714612643 5.7046374e-05 0
1744714613390 5.755872e-05 1
1744714614140 5.6925972e-05 2
1744714614896 5.5825178e-05 3
1744714615644 5.6149267e-05 4
1744714616393 5.5878565e-05 5
1744714617151 5.5291737e-05 6
1744714617909 5.4223838e-05 7
1744714618665 5.489842e-05 8
1744714619420 5.5751516e-05 9
1744714620177 5.486249e-05 10
1744714620940 5.4185097e-05 11
1744714621702 5.586114e-05 12
1744714622470 5.5056396e-05 0
1744714623226 5.3572057e-05 1
1744714623978 5.435131e-05 2
1744714624732 5.2562118e-05 3
1744714625474 5.306881e-05 4
1744714626225 5.293359e-05 5
1744714626992 5.3973894e-05 6
1744714627749 5.303431e-05 7
1744714628503 5.040337e-05 8
1744714629262 5.284015e-05 9
1744714630017 5.1357252e-05 10
1744714630777 5.1846422e-05 11
1744714631531 5.1113908e-05 12
1744714632305 5.0414477e-05 0
1744714633056 5.183205e-05 1
1744714633810 5.1189716e-05 2
1744714634570 5.1178384e-05 3
1744714635324 5.0556435e-05 4
1744714636078 5.0498733e-05 5
1744714636918 4.9468268e-05 6
1744714637671 5.1123512e-05 7
1744714638426 5.118802e-05 8
1744714639183 5.051552e-05 9
1744714639939 5.092873e-05 10
1744714640695 4.872683e-05 11
1744714641454 4.9953087e-05 12
1744714642231 5.0771487e-05 0
1744714642989 4.953552e-05 1
1744714643742 4.845412e-05 2
1744714644496 4.7794885e-05 3
1744714645247 4.8821865e-05 4
1744714645998 4.9101254e-05 5
1744714646756 4.7685524e-05 6
1744714647521 4.8105725e-05 7
1744714648277 4.679335e-05 8
1744714649025 4.7304107e-05 9
1744714649779 4.834125e-05 10
1744714650534 4.6654546e-05 11
1744714651286 4.7386937e-05 12
1744714652063 4.6874386e-05 0
1744714652806 4.6913196e-05 1
1744714653552 4.632053e-05 2
1744714654304 4.700823e-05 3
1744714655064 4.649596e-05 4
1744714655832 4.61751e-05 5
1744714656585 4.7066653e-05 6
1744714657345 4.6021556e-05 7
1744714658100 4.5104603e-05 8
1744714658856 4.5231936e-05 9
1744714659618 4.5360284e-05 10
1744714660369 4.6779194e-05 11
1744714661118 4.5124747e-05 12
1744714661882 4.5351444e-05 0
1744714662640 4.427646e-05 1
1744714663390 4.4387343e-05 2
1744714664145 4.362113e-05 3
1744714664891 4.4478715e-05 4
1744714665644 4.488012e-05 5
1744714666394 4.320803e-05 6
1744714667146 4.3432017e-05 7
1744714667894 4.2939257e-05 8
1744714668647 4.3273983e-05 9
1744714669395 4.4905435e-05 10
1744714670151 4.4108714e-05 11
1744714670892 4.4168442e-05 12
1744714671655 4.342948e-05 0
1744714672414 4.3409338e-05 1
1744714673164 4.3621672e-05 2
1744714673916 4.1997086e-05 3
1744714674666 4.2273154e-05 4
1744714675414 4.1681345e-05 5
1744714676160 4.2330405e-05 6
1744714676924 4.2150634e-05 7
1744714677675 4.191008e-05 8
1744714678434 4.2084983e-05 9
1744714679188 4.104254e-05 10
1744714679946 4.166495e-05 11
1744714680694 4.2017182e-05 12
1744714681464 4.0270006e-05 0
1744714682215 4.1566436e-05 1
1744714682971 4.1798197e-05 2
1744714683727 4.1771196e-05 3
1744714684476 3.98889e-05 4
1744714685225 4.0253755e-05 5
1744714685981 4.1028135e-05 6
1744714686743 4.0349896e-05 7
1744714687501 3.9892693e-05 8
1744714688252 4.0033912e-05 9
1744714688999 3.981931e-05 10
1744714689763 3.9323397e-05 11
1744714690533 4.0407234e-05 12
1744714691303 3.948294e-05 0
1744714692062 3.9755727e-05 1
1744714692824 4.0067305e-05 2
1744714693569 3.8416394e-05 3
1744714694326 3.8453127e-05 4
1744714695083 3.972237e-05 5
1744714695832 3.9255396e-05 6
1744714696584 3.8698905e-05 7
1744714697335 3.868377e-05 8
1744714698090 3.84606e-05 9
1744714698842 3.9232487e-05 10
1744714699607 3.8185175e-05 11
1744714700351 3.839601e-05 12
1744714701115 3.7555943e-05 0
1744714701873 3.6935013e-05 1
1744714702633 3.825373e-05 2
1744714703381 3.79495e-05 3
1744714704128 3.7338603e-05 4
1744714704880 3.7338745e-05 5
1744714705639 3.6332858e-05 6
1744714706384 3.872952e-05 7
1744714707137 3.7017762e-05 8
1744714707898 3.7430567e-05 9
1744714708646 3.7759968e-05 10
1744714709394 3.6462392e-05 11
1744714710151 3.681411e-05 12
1744714710918 3.7169222e-05 0
1744714711666 3.640391e-05 1
1744714712501 3.5525285e-05 2
1744714713255 3.5856247e-05 3
1744714714013 3.556911e-05 4
1744714714771 3.6264555e-05 5
1744714715523 3.6147703e-05 6
1744714716267 3.5788253e-05 7
1744714717017 3.5490193e-05 8
1744714717767 3.710249e-05 9
1744714718523 3.520059e-05 10
1744714719282 3.6759735e-05 11
1744714720032 3.4736917e-05 12
1744714720803 3.5295267e-05 0
1744714721559 3.528999e-05 1
1744714722367 3.4267916e-05 2
1744714723136 3.462368e-05 3
1744714723934 3.4634457e-05 4
1744714724696 3.4766086e-05 5
1744714725454 3.4439414e-05 6
1744714726207 3.4847806e-05 7
1744714726962 3.5242323e-05 8
1744714727715 3.3992957e-05 9
1744714728466 3.370933e-05 10
1744714729231 3.4227436e-05 11
1744714729986 3.3826924e-05 12
1744714730753 3.390391e-05 0
1744714731505 3.3025022e-05 1
1744714732268 3.3699893e-05 2
1744714733024 3.471177e-05 3
1744714733767 3.279686e-05 4
1744714734518 3.2871834e-05 5
1744714735277 3.394163e-05 6
1744714736031 3.2809243e-05 7
1744714736775 3.315149e-05 8
1744714737529 3.3460616e-05 9
1744714738291 3.341001e-05 10
1744714739043 3.258284e-05 11
1744714739794 3.3848297e-05 12
1744714740571 3.361605e-05 0
1744714741331 3.2846634e-05 1
1744714742079 3.208704e-05 2
1744714742832 3.2576263e-05 3
1744714743582 3.1544205e-05 4
1744714744331 3.1827753e-05 5
1744714745085 3.3245156e-05 6
1744714745835 3.101526e-05 7
1744714746592 3.265599e-05 8
1744714747343 3.2140306e-05 9
1744714748087 3.2072203e-05 10
1744714748839 3.178654e-05 11
1744714749592 3.0856496e-05 12
1744714750360 3.1874217e-05 0
1744714751117 3.054202e-05 1
1744714751861 3.1460404e-05 2
1744714752607 3.1695356e-05 3
1744714753359 3.2251457e-05 4
1744714754118 3.0571788e-05 5
1744714754858 3.0236766e-05 6
1744714755618 3.0333938e-05 7
1744714756367 3.070178e-05 8
1744714757125 3.0504614e-05 9
1744714757881 3.0760497e-05 10
1744714758639 3.055936e-05 11
1744714759394 3.061307e-05 12
1744714760166 3.125732e-05 0
1744714760918 3.0088515e-05 1
1744714761677 2.9758872e-05 2
1744714762433 2.9798312e-05 3
1744714763193 3.0986655e-05 4
1744714763941 2.9082446e-05 5
1744714764690 2.9790934e-05 6
1744714765451 2.9676728e-05 7
1744714766208 3.0389694e-05 8
1744714766974 2.924833e-05 9
1744714767727 3.0099773e-05 10
1744714768509 2.9448704e-05 11
1744714769289 2.9801848e-05 12
1744714770083 2.9234228e-05 0
1744714770855 2.9676983e-05 1
1744714771639 2.9814573e-05 2
1744714772423 2.9169365e-05 3
1744714773169 2.8600258e-05 4
1744714773924 2.8967665e-05 5
1744714774675 2.8023578e-05 6
1744714775428 2.9091525e-05 7
1744714776180 2.9160456e-05 8
1744714776930 3.0020878e-05 9
1744714777677 2.8775581e-05 10
1744714778432 2.7708862e-05 11
1744714779176 2.7982618e-05 12
1744714779948 2.842434e-05 0
1744714780701 2.9151532e-05 1
1744714781454 2.7602786e-05 2
1744714782207 2.8081307e-05 3
1744714782963 2.8364324e-05 4
1744714783709 2.851308e-05 5
1744714784460 2.7851574e-05 6
1744714785209 2.7423424e-05 7
1744714785960 2.8363898e-05 8
1744714786701 2.797191e-05 9
1744714787449 2.835148e-05 10
1744714788292 2.7948583e-05 11
1744714789037 2.7264288e-05 12
1744714789801 2.7533557e-05 0
1744714790550 2.6957448e-05 1
1744714791293 2.75495e-05 2
1744714792049 2.6975144e-05 3
1744714792797 2.7823504e-05 4
1744714793541 2.7060138e-05 5
1744714794292 2.7289747e-05 6
1744714795038 2.7552844e-05 7
1744714795785 2.6676273e-05 8
1744714796535 2.7209197e-05 9
1744714797282 2.6664793e-05 10
1744714798032 2.6994949e-05 11
1744714798792 2.7839744e-05 12
1744714799552 2.6650614e-05 0
1744714800320 2.6787227e-05 1
1744714801067 2.6652764e-05 2
1744714801819 2.6104823e-05 3
1744714802565 2.6660126e-05 4
1744714803316 2.6143694e-05 5
1744714804067 2.625534e-05 6
1744714804821 2.608164e-05 7
1744714805571 2.616312e-05 8
1744714806315 2.6060889e-05 9
1744714807063 2.5511717e-05 10
1744714807815 2.602126e-05 11
1744714808568 2.6029398e-05 12
1744714809329 2.5465051e-05 0
1744714810082 2.5480804e-05 1
1744714810829 2.555655e-05 2
1744714811579 2.517638e-05 3
1744714812328 2.5436628e-05 4
1744714813089 2.4972074e-05 5
1744714813843 2.5484964e-05 6
1744714814593 2.6204962e-05 7
1744714815334 2.5021453e-05 8
1744714816085 2.6322861e-05 9
1744714816832 2.5769412e-05 10
1744714817584 2.5319872e-05 11
1744714818330 2.5031359e-05 12
1744714819097 2.5033427e-05 0
1744714819840 2.484433e-05 1
1744714820588 2.4550824e-05 2
1744714821335 2.5202145e-05 3
1744714822081 2.4967572e-05 4
1744714822832 2.4522824e-05 5
1744714823589 2.4358753e-05 6
1744714824335 2.4469646e-05 7
1744714825082 2.4415604e-05 8
1744714825828 2.472739e-05 9
1744714826571 2.476453e-05 10
1744714827312 2.4125267e-05 11
1744714828066 2.5259846e-05 12
1744714828826 2.4008252e-05 0
1744714829569 2.4211324e-05 1
1744714830315 2.4568408e-05 2
1744714831070 2.3705265e-05 3
1744714831811 2.359333e-05 4
1744714832561 2.4138244e-05 5
1744714833315 2.458871e-05 6
1744714834074 2.3944298e-05 7
1744714834828 2.359782e-05 8
1744714835568 2.4034041e-05 9
1744714836321 2.471146e-05 10
1744714837069 2.2708015e-05 11
1744714837818 2.3745228e-05 12
1744714838586 2.4128565e-05 0
1744714839351 2.3438815e-05 1
1744714840101 2.3693447e-05 2
1744714840861 2.3029024e-05 3
1744714841617 2.318959e-05 4
1744714842367 2.3174463e-05 5
1744714843117 2.3062166e-05 6
1744714843869 2.3340299e-05 7
1744714844614 2.3355933e-05 8
1744714845366 2.3189456e-05 9
1744714846117 2.3509367e-05 10
1744714846861 2.2767967e-05 11
1744714847613 2.3063842e-05 12
1744714848379 2.2190816e-05 0
1744714849133 2.3275723e-05 1
1744714849882 2.3652627e-05 2
1744714850623 2.260477e-05 3
1744714851369 2.2810458e-05 4
1744714852126 2.2645858e-05 5
1744714852879 2.3083909e-05 6
1744714853638 2.3112625e-05 7
1744714854381 2.223774e-05 8
1744714855133 2.2314682e-05 9
1744714855879 2.2389117e-05 10
1744714856627 2.2625178e-05 11
1744714857378 2.2275735e-05 12
1744714858150 2.2260943e-05 0
1744714858901 2.2225448e-05 1
1744714859642 2.2804634e-05 2
1744714860394 2.2297385e-05 3
1744714861145 2.1835769e-05 4
1744714861895 2.1358695e-05 5
1744714862649 2.183552e-05 6
1744714863489 2.1318288e-05 7
1744714864233 2.169941e-05 8
1744714864979 2.2467231e-05 9
1744714865734 2.2182594e-05 10
1744714866479 2.1443831e-05 11
1744714867232 2.2573124e-05 12
1744714867991 2.2348735e-05 0
1744714868743 2.1383408e-05 1
1744714869493 2.1482316e-05 2
1744714870245 2.1271504e-05 3
1744714870990 2.1303238e-05 4
1744714871743 2.1804874e-05 5
1744714872491 2.0589623e-05 6
1744714873237 2.1070711e-05 7
1744714873978 2.1554257e-05 8
1744714874731 2.1068732e-05 9
1744714875491 2.1275258e-05 10
1744714876239 2.1605632e-05 11
1744714876977 2.0750671e-05 12
1744714877741 2.1387124e-05 0
1744714878496 2.0969597e-05 1
1744714879238 2.1010965e-05 2
1744714879981 2.0779802e-05 3
1744714880725 2.0687294e-05 4
1744714881472 2.0577525e-05 5
1744714882216 2.1208474e-05 6
1744714882959 2.0413961e-05 7
1744714883706 2.121119e-05 8
1744714884459 2.0832302e-05 9
1744714885212 2.0621543e-05 10
1744714885961 2.0373169e-05 11
1744714886706 2.0439376e-05 12
1744714887466 2.0779113e-05 0
1744714888214 2.0103502e-05 1
1744714888958 2.0715237e-05 2
1744714889704 2.03169e-05 3
1744714890456 2.1159209e-05 4
1744714891208 1.9920273e-05 5
1744714891956 1.9985619e-05 6
1744714892707 2.0182693e-05 7
1744714893464 1.9925797e-05 8
1744714894205 1.9806292e-05 9
1744714894948 2.0679767e-05 10
1744714895695 1.9597437e-05 11
1744714896453 2.0572574e-05 12
1744714897216 1.9722189e-05 0
1744714897966 2.0645308e-05 1
1744714898710 1.9441633e-05 2
1744714899457 1.9794268e-05 3
1744714900208 1.9621053e-05 4
1744714900958 1.991965e-05 5
1744714901705 2.0621801e-05 6
1744714902455 1.934777e-05 7
1744714903197 1.94863e-05 8
1744714903949 1.9422536e-05 9
1744714904703 1.9250896e-05 10
1744714905456 1.9487848e-05 11
1744714906200 1.9570203e-05 12
1744714906965 2.0017382e-05 0
1744714907718 1.9501465e-05 1
1744714908479 1.8934134e-05 2
1744714909230 1.982588e-05 3
1744714909977 1.9796438e-05 4
1744714910724 1.906602e-05 5
1744714911497 1.9153438e-05 6
1744714912283 1.960282e-05 7
1744714913048 1.9366174e-05 8
1744714913794 1.9016366e-05 9
1744714914545 1.9305713e-05 10
1744714915294 1.8664558e-05 11
1744714916036 1.8725654e-05 12
1744714916804 1.9264284e-05 0
1744714917543 1.9124169e-05 1
1744714918300 1.8866716e-05 2
1744714919050 1.8916398e-05 3
1744714919798 1.8395029e-05 4
1744714920585 1.8231014e-05 5
1744714921347 1.8491206e-05 6
1744714922120 1.894391e-05 7
1744714922873 1.8573024e-05 8
1744714923640 1.8572959e-05 9
1744714924457 1.9444507e-05 10
1744714925213 1.8236591e-05 11
1744714925959 1.8606792e-05 12
1744714926708 1.802983e-05 0
1744714927454 1.8790965e-05 1
1744714928186 1.861705e-05 2
1744714928926 1.806306e-05 3
1744714929669 1.8270584e-05 4
1744714930417 1.8550152e-05 5
1744714931158 1.8489296e-05 6
1744714931897 1.8683004e-05 7
1744714932640 1.822091e-05 8
1744714933380 1.829811e-05 9
1744714934120 1.7989363e-05 10
1744714934858 1.7644797e-05 11
1744714935593 1.8699255e-05 12
1744714936349 1.780054e-05 0
1744714937090 1.794512e-05 1
1744714937826 1.747604e-05 2
1744714938672 1.79167e-05 3
1744714939413 1.778443e-05 4
1744714940155 1.7615434e-05 5
1744714940891 1.8035182e-05 6
1744714941632 1.8165489e-05 7
1744714942369 1.7916213e-05 8
1744714943110 1.8479137e-05 9
1744714943846 1.770734e-05 10
1744714944581 1.8609308e-05 11
1744714945318 1.7270515e-05 12
1744714946073 1.744159e-05 0
1744714946812 1.724041e-05 1
1744714947547 1.7700468e-05 2
1744714948285 1.7140339e-05 3
1744714949021 1.7801569e-05 4
1744714949763 1.7341403e-05 5
1744714950496 1.7251294e-05 6
1744714951239 1.7573517e-05 7
1744714951978 1.770368e-05 8
1744714952711 1.7494956e-05 9
1744714953447 1.7699329e-05 10
1744714954180 1.7169952e-05 11
1744714954920 1.7193046e-05 12
1744714955673 1.7451839e-05 0
1744714956411 1.6796852e-05 1
1744714957146 1.6781838e-05 2
1744714957884 1.6870847e-05 3
1744714958625 1.718652e-05 4
1744714959362 1.7124128e-05 5
1744714960099 1.6830822e-05 6
1744714960838 1.719159e-05 7
1744714961576 1.6927115e-05 8
1744714962314 1.7213953e-05 9
1744714963053 1.666147e-05 10
1744714963788 1.7417873e-05 11
1744714964528 1.6699354e-05 12
1744714965275 1.661954e-05 0
1744714966011 1.640213e-05 1
1744714966751 1.649227e-05 2
1744714967490 1.6516558e-05 3
1744714968221 1.67274e-05 4
1744714968961 1.6450465e-05 5
1744714969696 1.647416e-05 6
1744714970435 1.6803479e-05 7
1744714971172 1.667031e-05 8
1744714971907 1.6608476e-05 9
1744714972641 1.6197495e-05 10
1744714973378 1.6508853e-05 11
1744714974123 1.6768972e-05 12
1744714974876 1.6353204e-05 0
1744714975616 1.6467098e-05 1
1744714976357 1.6342123e-05 2
1744714977093 1.615838e-05 3
1744714977828 1.706921e-05 4
1744714978563 1.599082e-05 5
1744714979299 1.6050188e-05 6
1744714980033 1.6208378e-05 7
1744714980770 1.5996611e-05 8
1744714981514 1.6273358e-05 9
1744714982257 1.595098e-05 10
1744714982992 1.6056632e-05 11
1744714983723 1.5860216e-05 12
1744714984470 1.5889374e-05 0
1744714985210 1.6827371e-05 1
1744714985947 1.5493148e-05 2
1744714986684 1.5800435e-05 3
1744714987417 1.5887505e-05 4
1744714988155 1.5910733e-05 5
1744714988883 1.5832844e-05 6
1744714989618 1.5443242e-05 7
1744714990356 1.6076892e-05 8
1744714991101 1.576269e-05 9
1744714991834 1.5971273e-05 10
1744714992567 1.528013e-05 11
1744714993306 1.5839161e-05 12
1744714994055 1.5404874e-05 0
1744714994795 1.569393e-05 1
1744714995541 1.5941967e-05 2
1744714996271 1.568396e-05 3
1744714997008 1.537055e-05 4
1744714997741 1.5687887e-05 5
1744714998484 1.5490212e-05 6
1744714999218 1.5182807e-05 7
1744714999954 1.5329262e-05 8
1744715000688 1.4937882e-05 9
1744715001428 1.5600666e-05 10
1744715002163 1.5375257e-05 11
1744715002893 1.5283269e-05 12
1744715003638 1.5342248e-05 0
1744715004378 1.5964102e-05 1
1744715005132 1.5284775e-05 2
1744715005876 1.5002397e-05 3
1744715006909 1.50412125e-05 4
1744715007718 1.4620809e-05 5
1744715008458 1.5565278e-05 6
1744715009200 1.4812247e-05 7
1744715009939 1.5011219e-05 8
1744715010687 1.4927207e-05 9
1744715011446 1.4752944e-05 10
1744715012204 1.5053099e-05 11
1744715013043 1.49367415e-05 12
1744715013902 1.5019578e-05 0
1744715014656 1.4798408e-05 1
1744715015412 1.5369606e-05 2
1744715016160 1.4655562e-05 3
1744715016923 1.44674505e-05 4
1744715017683 1.45484955e-05 5
1744715018448 1.5385349e-05 6
1744715019196 1.4609856e-05 7
1744715019951 1.5056434e-05 8
1744715020716 1.5161902e-05 9
1744715021463 1.4449652e-05 10
1744715022204 1.4418287e-05 11
1744715022954 1.4822147e-05 12
1744715023729 1.4671993e-05 0
1744715024478 1.4829754e-05 1
1744715025222 1.4902324e-05 2
1744715025967 1.441435e-05 3
1744715026717 1.4457023e-05 4
1744715027466 1.44871665e-05 5
1744715028214 1.4636264e-05 6
1744715028954 1.4436444e-05 7
1744715029711 1.4252367e-05 8
1744715030452 1.4465417e-05 9
1744715031200 1.4617907e-05 10
1744715031949 1.4183374e-05 11
1744715032704 1.4365099e-05 12
1744715033476 1.4689036e-05 0
1744715034230 1.4217929e-05 1
1744715034980 1.410736e-05 2
1744715035730 1.4091911e-05 3
1744715036487 1.4099767e-05 4
1744715037237 1.4359118e-05 5
1744715037992 1.4454073e-05 6
1744715038746 1.4219349e-05 7
1744715039499 1.4188489e-05 8
1744715040248 1.37053485e-05 9
1744715040994 1.4210979e-05 10
1744715041750 1.3765737e-05 11
1744715042500 1.3815286e-05 12
1744715043262 1.4004817e-05 0
1744715044012 1.46760185e-05 1
1744715044770 1.3947859e-05 2
1744715045515 1.3360953e-05 3
1744715046262 1.4356989e-05 4
1744715047011 1.3962522e-05 5
1744715047761 1.36352755e-05 6
1744715048508 1.4600314e-05 7
1744715049259 1.4381488e-05 8
1744715050010 1.349287e-05 9
1744715050760 1.3525468e-05 10
1744715051509 1.3647011e-05 11
1744715052248 1.35243945e-05 12
1744715053012 1.3795339e-05 0
1744715053760 1.3651884e-05 1
1744715054513 1.4103451e-05 2
1744715055269 1.3678134e-05 3
1744715056018 1.3638024e-05 4
1744715056767 1.31904335e-05 5
1744715057526 1.3508838e-05 6
1744715058278 1.3530575e-05 7
1744715059024 1.3709808e-05 8
1744715059773 1.3731884e-05 9
1744715060528 1.3193262e-05 10
1744715061279 1.3573879e-05 11
1744715062026 1.3340656e-05 12
1744715062790 1.3233836e-05 0
1744715063548 1.3172945e-05 1
1744715064302 1.300284e-05 2
1744715065050 1.3296654e-05 3
1744715065807 1.3599806e-05 4
1744715066561 1.3670702e-05 5
1744715067315 1.3294363e-05 6
1744715068070 1.327263e-05 7
1744715068819 1.3632386e-05 8
1744715069571 1.29393975e-05 9
1744715070314 1.3134001e-05 10
1744715071056 1.3191183e-05 11
1744715071810 1.3549096e-05 12
1744715072578 1.3288865e-05 0
1744715073328 1.3082095e-05 1
1744715074077 1.3567296e-05 2
1744715074829 1.2856208e-05 3
1744715075577 1.2697368e-05 4
1744715076326 1.2754451e-05 5
1744715077079 1.3024288e-05 6
1744715077832 1.323633e-05 7
1744715078589 1.3122452e-05 8
1744715079349 1.3092924e-05 9
1744715080105 1.3060129e-05 10
1744715080854 1.3254068e-05 11
1744715081609 1.26502355e-05 12
1744715082379 1.2607537e-05 0
1744715083128 1.2752835e-05 1
1744715083879 1.2916292e-05 2
1744715084622 1.313583e-05 3
1744715085374 1.253515e-05 4
1744715086127 1.2689024e-05 5
1744715086882 1.258529e-05 6
1744715087633 1.2596698e-05 7
1744715088490 1.3176671e-05 8
1744715089249 1.28463325e-05 9
1744715089998 1.2492915e-05 10
1744715090756 1.27158455e-05 11
1744715091503 1.2409235e-05 12
1744715092269 1.2468684e-05 0
1744715093016 1.2492218e-05 1
1744715093768 1.2862214e-05 2
1744715094518 1.2178721e-05 3
1744715095268 1.2581323e-05 4
1744715096016 1.259452e-05 5
1744715096774 1.2790802e-05 6
1744715097526 1.2576203e-05 7
1744715098278 1.2583746e-05 8
1744715099028 1.259381e-05 9
1744715099778 1.2426304e-05 10
1744715100531 1.2470496e-05 11
1744715101287 1.263668e-05 12
1744715102048 1.241131e-05 0
1744715102792 1.2220785e-05 1
1744715103551 1.2238761e-05 2
1744715104295 1.2483218e-05 3
1744715105039 1.2229685e-05 4
1744715105790 1.1971401e-05 5
1744715106538 1.2533105e-05 6
1744715107280 1.2362433e-05 7
1744715108029 1.2262334e-05 8
1744715108771 1.1815594e-05 9
1744715109522 1.2302887e-05 10
1744715110270 1.1852784e-05 11
1744715111028 1.2735393e-05 12
1744715111786 1.2061233e-05 0
1744715112530 1.22228e-05 1
1744715113288 1.1990877e-05 2
1744715114040 1.2091206e-05 3
1744715114789 1.2012573e-05 4
1744715115544 1.1910788e-05 5
1744715116304 1.2376915e-05 6
1744715117049 1.1922679e-05 7
1744715117797 1.2261844e-05 8
1744715118550 1.1990039e-05 9
1744715119301 1.1918649e-05 10
1744715120051 1.1814178e-05 11
1744715120800 1.1866705e-05 12
1744715121571 1.2067347e-05 0
1744715122321 1.2208724e-05 1
1744715123067 1.1693608e-05 2
1744715123827 1.2195083e-05 3
1744715124572 1.1614876e-05 4
1744715125317 1.1633181e-05 5
1744715126064 1.1906342e-05 6
1744715126812 1.181363e-05 7
1744715127557 1.1594249e-05 8
1744715128305 1.1814266e-05 9
1744715129060 1.1822155e-05 10
1744715129802 1.2018498e-05 11
1744715130556 1.1557134e-05 12
1744715131320 1.13024635e-05 0
1744715132072 1.1813376e-05 1
1744715132830 1.1424018e-05 2
1744715133580 1.1346817e-05 3
1744715134327 1.1843195e-05 4
1744715135080 1.1488937e-05 5
1744715135831 1.1455982e-05 6
1744715136593 1.1674067e-05 7
1744715137349 1.1877476e-05 8
1744715138106 1.1768626e-05 9
1744715138861 1.13216865e-05 10
1744715139614 1.1559826e-05 11
1744715140368 1.1512872e-05 12
1744715141146 1.1385794e-05 0
1744715141895 1.15180555e-05 1
1744715142650 1.12676325e-05 2
1744715143409 1.1301401e-05 3
1744715144172 1.1424492e-05 4
1744715144935 1.1615361e-05 5
1744715145689 1.1938671e-05 6
1744715146436 1.12921525e-05 7
1744715147180 1.1522249e-05 8
1744715147927 1.1076295e-05 9
1744715148676 1.113312e-05 10
1744715149429 1.11998415e-05 11
1744715150180 1.1271062e-05 12
1744715150949 1.0960417e-05 0
1744715151691 1.138554e-05 1
1744715152442 1.1114421e-05 2
1744715153191 1.1068065e-05 3
1744715153938 1.1406202e-05 4
1744715154683 1.140258e-05 5
1744715155430 1.1202186e-05 6
1744715156181 1.0672681e-05 7
1744715156931 1.11808895e-05 8
1744715157686 1.1007583e-05 9
1744715158444 1.111239e-05 10
1744715159207 1.1360925e-05 11
1744715159960 1.11926665e-05 12
1744715160729 1.11710115e-05 0
1744715161476 1.1083483e-05 1
1744715162234 1.1112745e-05 2
1744715162989 1.0981716e-05 3
1744715163825 1.0732085e-05 4
1744715164572 1.10464325e-05 5
1744715165329 1.08830845e-05 6
1744715166078 1.1047162e-05 7
1744715166830 1.0544269e-05 8
1744715167577 1.093279e-05 9
1744715168329 1.0695801e-05 10
1744715169075 1.07247415e-05 11
1744715169820 1.0783045e-05 12
1744715170580 1.10272185e-05 0
1744715171340 1.0983898e-05 1
1744715172087 1.0599409e-05 2
1744715172841 1.0539359e-05 3
1744715173595 1.0540414e-05 4
1744715174343 1.0619135e-05 5
1744715175097 1.05416975e-05 6
1744715175841 1.0526623e-05 7
1744715176594 1.077845e-05 8
1744715177347 1.104021e-05 9
1744715178110 1.0894539e-05 10
1744715178855 1.0474076e-05 11
1744715179600 1.0603397e-05 12
1744715180364 1.0955917e-05 0
1744715181114 1.0470099e-05 1
1744715181874 1.0537e-05 2
1744715182618 1.0180537e-05 3
1744715183363 1.0298364e-05 4
1744715184119 1.0522574e-05 5
1744715184878 1.0816726e-05 6
1744715185632 1.092936e-05 7
1744715186377 1.078388e-05 8
1744715187125 1.02958575e-05 9
1744715187879 1.0404623e-05 10
1744715188630 1.03052525e-05 11
1744715189379 1.0332809e-05 12
1744715190163 1.0580317e-05 0
1744715190916 1.0461181e-05 1
1744715191674 1.0406413e-05 2
1744715192422 1.0483281e-05 3
1744715193185 1.0692997e-05 4
1744715193941 1.0239587e-05 5
1744715194700 1.0171007e-05 6
1744715195460 1.0087617e-05 7
1744715196211 1.0481595e-05 8
1744715196965 1.0025508e-05 9
1744715197722 1.0182478e-05 10
1744715198468 1.0396634e-05 11
1744715199215 1.0097159e-05 12
1744715199978 1.026515e-05 0
1744715200722 1.0349589e-05 1
1744715201465 1.0303899e-05 2
1744715202220 1.02625445e-05 3
1744715202960 9.958695e-06 4
1744715203707 1.03475495e-05 5
1744715204462 1.0009057e-05 6
1744715205211 1.03232305e-05 7
1744715205961 9.689509e-06 8
1744715206718 1.0171293e-05 9
1744715207466 9.942895e-06 10
1744715208212 1.01470205e-05 11
1744715208964 1.00840225e-05 12
1744715209742 9.970934e-06 0
1744715210489 9.915792e-06 1
1744715211241 9.917969e-06 2
1744715211991 1.0005738e-05 3
1744715212747 1.0292947e-05 4
1744715213495 9.776644e-06 5
1744715214238 9.999632e-06 6
1744715215005 1.0256278e-05 7
1744715215760 9.6992435e-06 8
1744715216518 9.9884e-06 9
1744715217279 9.778889e-06 10
1744715218031 1.00302395e-05 11
1744715218785 9.813995e-06 12
1744715219552 9.9094e-06 0
1744715220301 9.753288e-06 1
1744715221055 1.0072402e-05 2
1744715221810 9.639045e-06 3
1744715222553 9.684267e-06 4
1744715223307 9.73504e-06 5
1744715224057 9.796407e-06 6
1744715224807 9.461827e-06 7
1744715225560 1.0074678e-05 8
1744715226306 9.724344e-06 9
1744715227055 9.811711e-06 10
1744715227806 9.716375e-06 11
1744715228555 9.484331e-06 12
1744715229324 9.801882e-06 0
1744715230081 9.710846e-06 1
1744715230828 9.737595e-06 2
1744715231578 1.0241547e-05 3
1744715232321 9.478481e-06 4
1744715233069 9.692383e-06 5
1744715233819 9.6221065e-06 6
1744715234568 9.386414e-06 7
1744715235320 9.571111e-06 8
1744715236073 9.498637e-06 9
1744715236819 9.506712e-06 10
1744715237567 9.547899e-06 11
1744715238315 9.345334e-06 12
