1744714261522 1.3975292 0
1744714262262 1.4184852 1
1744714262892 1.4014595 2
1744714263525 1.3660057 3
1744714264156 1.3387358 4
1744714264798 1.3269789 5
1744714265448 1.3164966 6
1744714266092 1.2995857 7
1744714266726 1.279495 8
1744714267360 1.2846129 9
1744714267991 1.3076564 10
1744714268630 1.3202927 11
1744714269272 1.334786 12
1744714269913 1.3558497 0
1744714270549 1.3621064 1
1744714271210 1.3458201 2
1744714271860 1.3461292 3
1744714272520 1.3566914 4
1744714273173 1.3710513 5
1744714273819 1.3713937 6
1744714274476 1.3725356 7
1744714275128 1.3923421 8
1744714275772 1.4232583 9
1744714276450 1.4196018 10
1744714277213 1.3928819 11
1744714277964 1.3690273 12
1744714278742 1.3778143 0
1744714279484 1.4079361 1
1744714280247 1.4459572 2
1744714281002 1.4465439 3
1744714281759 1.4261851 4
1744714282516 1.4139203 5
1744714283272 1.4074204 6
1744714284021 1.4178836 7
1744714284780 1.4218659 8
1744714285531 1.457195 9
1744714286273 1.4873655 10
1744714287022 1.497426 11
1744714287770 1.499366 12
1744714288535 1.4934947 0
1744714289288 1.4936135 1
1744714290043 1.4608173 2
1744714290793 1.4195462 3
1744714291547 1.3983002 4
1744714292291 1.4093735 5
1744714293045 1.4199328 6
1744714293789 1.414608 7
1744714294538 1.4115968 8
1744714295289 1.4122505 9
1744714296042 1.4237086 10
1744714296792 1.4514382 11
1744714297541 1.472851 12
1744714298309 1.4789802 0
1744714299057 1.4826556 1
1744714299809 1.4959404 2
1744714300559 1.4803066 3
1744714301306 1.4530371 4
1744714302070 1.414866 5
1744714302822 1.3983715 6
1744714303562 1.4175137 7
1744714304310 1.4348083 8
1744714305066 1.4291996 9
1744714305816 1.4194899 10
1744714306556 1.4058571 11
1744714307303 1.4027958 12
1744714308076 1.4150503 0
1744714308837 1.4268308 1
1744714309589 1.4297434 2
1744714310341 1.4289781 3
1744714311109 1.4263679 4
1744714311875 1.4260027 5
1744714312632 1.4268639 6
1744714313386 1.4265182 7
1744714314144 1.4358859 8
1744714314895 1.4309587 9
1744714315641 1.414721 10
1744714316391 1.409519 11
1744714317145 1.3969178 12
1744714317931 1.3969786 0
1744714318687 1.394064 1
1744714319445 1.3941144 2
1744714320203 1.4035482 3
1744714320954 1.4164755 4
1744714321706 1.4201524 5
1744714322461 1.4236329 6
1744714323228 1.4267063 7
1744714323976 1.4195614 8
1744714324736 1.4022412 9
1744714325486 1.3821793 10
1744714326239 1.379676 11
1744714326997 1.3848091 12
1744714327762 1.3905861 0
1744714328527 1.3965981 1
1744714329279 1.4208273 2
1744714330029 1.4448011 3
1744714330773 1.4570591 4
1744714331528 1.4585078 5
1744714332282 1.4455756 6
1744714333050 1.4323064 7
1744714333825 1.417103 8
1744714334783 1.4203994 9
1744714335550 1.4323236 10
1744714336313 1.4421029 11
1744714337072 1.4425764 12
1744714337844 1.4339724 0
1744714338597 1.4363586 1
1744714339361 1.4248312 2
1744714340128 1.4104731 3
1744714340886 1.4016747 4
1744714341642 1.3999771 5
1744714342399 1.401952 6
1744714343146 1.3978021 7
1744714343891 1.4021419 8
1744714344651 1.4059287 9
1744714345416 1.4157844 10
1744714346172 1.4306071 11
1744714346916 1.4313846 12
1744714347688 1.4422007 0
1744714348446 1.4526298 1
1744714349201 1.467358 2
1744714349949 1.4722497 3
1744714350709 1.4726765 4
1744714351461 1.4685133 5
1744714352210 1.4582291 6
1744714352958 1.4450029 7
1744714353709 1.4315362 8
1744714354465 1.4198093 9
1744714355222 1.412642 10
1744714355979 1.4100715 11
1744714356730 1.4065683 12
1744714357504 1.4053447 0
1744714358256 1.4056493 1
1744714359018 1.4096327 2
1744714359774 1.4121652 3
1744714360528 1.4176793 4
1744714361282 1.4119966 5
1744714362033 1.4038404 6
1744714362785 1.3943346 7
1744714363539 1.3899192 8
1744714364293 1.3864712 9
1744714365030 1.3811611 10
1744714365781 1.3790818 11
1744714366529 1.3762269 12
1744714367307 1.37514 0
1744714368061 1.3801937 1
1744714368806 1.391905 2
1744714369554 1.4048755 3
1744714370307 1.4148083 4
1744714371061 1.4191213 5
1744714371818 1.4199282 6
1744714372566 1.4188502 7
1744714373341 1.4174416 8
1744714374097 1.4145447 9
1744714374848 1.4136178 10
1744714375606 1.412472 11
1744714376366 1.4107999 12
1744714377138 1.4104735 0
1744714377885 1.4076924 1
1744714378634 1.4026306 2
1744714379389 1.3993988 3
1744714380140 1.398737 4
1744714380882 1.4008756 5
1744714381636 1.401721 6
1744714382389 1.4009843 7
1744714383148 1.4002621 8
1744714383912 1.3998652 9
1744714384662 1.4000288 10
1744714385424 1.3895503 11
1744714386189 1.3796103 12
1744714386957 1.3684849 0
1744714387709 1.3572417 1
1744714388466 1.3503776 2
1744714389247 1.351112 3
1744714390025 1.3614155 4
1744714390801 1.3803239 5
1744714391600 1.4010421 6
1744714392376 1.414573 7
1744714393144 1.4304364 8
1744714393929 1.4417328 9
1744714394775 1.4472942 10
1744714395566 1.4497817 11
1744714396361 1.449358 12
1744714397169 1.447339 0
1744714397923 1.4425068 1
1744714398671 1.4379585 2
1744714399415 1.43119 3
1744714400157 1.4230411 4
1744714400904 1.4160047 5
1744714401644 1.4092569 6
1744714402384 1.4030712 7
1744714403126 1.3997135 8
1744714403876 1.3987728 9
1744714404632 1.3986514 10
1744714405384 1.394115 11
1744714406130 1.3898189 12
1744714406892 1.381267 0
1744714407641 1.3778347 1
1744714408387 1.3758373 2
1744714409132 1.3767145 3
1744714409881 1.3765006 4
1744714410720 1.3794411 5
1744714411465 1.3858209 6
1744714412209 1.3898852 7
1744714412949 1.3903174 8
1744714413698 1.3914821 9
1744714414435 1.4002497 10
1744714415180 1.4109776 11
1744714415919 1.421946 12
1744714416683 1.4254341 0
1744714417425 1.4253305 1
1744714418171 1.4211211 2
1744714418915 1.4153732 3
1744714419664 1.4072063 4
1744714420403 1.3985329 5
1744714421140 1.3899055 6
1744714421878 1.3844874 7
1744714422617 1.3829346 8
1744714423355 1.3813152 9
1744714424101 1.3822165 10
1744714424850 1.3857656 11
1744714425593 1.386375 12
1744714426351 1.3924509 0
1744714427089 1.3978497 1
1744714427825 1.4094334 2
1744714428569 1.4184389 3
1744714429325 1.4226053 4
1744714430069 1.4189508 5
1744714430817 1.4138068 6
1744714431554 1.4095259 7
1744714432304 1.4009664 8
1744714433052 1.3940964 9
1744714433796 1.3891377 10
1744714434540 1.3868661 11
1744714435290 1.386389 12
1744714436045 1.3923628 0
1744714436790 1.4012666 1
1744714437527 1.4085007 2
1744714438273 1.4113868 3
1744714439016 1.4102526 4
1744714439760 1.4048512 5
1744714440514 1.3955524 6
1744714441263 1.3912367 7
1744714442009 1.3877478 8
1744714442751 1.3852108 9
1744714443494 1.3790163 10
1744714444242 1.3740611 11
1744714444986 1.3686604 12
1744714445743 1.3699639 0
1744714446482 1.3705916 1
1744714447226 1.3735929 2
1744714447969 1.377842 3
1744714448710 1.3851223 4
1744714449460 1.387752 5
1744714450197 1.3897767 6
1744714450936 1.3903434 7
1744714451679 1.3931264 8
1744714452421 1.3957893 9
1744714453162 1.3994613 10
1744714453904 1.4031572 11
1744714454648 1.4057343 12
1744714455403 1.4070692 0
1744714456150 1.4091885 1
1744714456896 1.4102035 2
1744714457640 1.4089708 3
1744714458390 1.4036076 4
1744714459135 1.3991694 5
1744714459882 1.3972347 6
1744714460631 1.3993683 7
1744714461372 1.4045992 8
1744714462119 1.4082661 9
1744714462869 1.4085557 10
1744714463605 1.4065381 11
1744714464350 1.4020355 12
1744714465108 1.3983514 0
1744714465852 1.3922552 1
1744714466597 1.3872329 2
1744714467342 1.3829226 3
1744714468092 1.3814474 4
1744714468859 1.3808638 5
1744714469639 1.379443 6
1744714470413 1.3779985 7
1744714471164 1.3772467 8
1744714471909 1.378109 9
1744714472650 1.3813657 10
1744714473396 1.3891387 11
1744714474146 1.396322 12
1744714474904 1.3984494 0
1744714475652 1.4041957 1
1744714476402 1.4064893 2
1744714477152 1.4113004 3
1744714477913 1.4153297 4
1744714478668 1.413265 5
1744714479414 1.4053181 6
1744714480168 1.3950343 7
1744714480935 1.3796648 8
1744714481688 1.3711851 9
1744714482429 1.3645841 10
1744714483171 1.3676851 11
1744714483907 1.3833122 12
1744714484669 1.4080671 0
1744714485501 1.4356191 1
1744714486238 1.441009 2
1744714487001 1.428153 3
1744714487753 1.4044807 4
1744714488505 1.3825837 5
1744714489260 1.3660324 6
1744714490009 1.3547616 7
1744714490764 1.3568197 8
1744714491524 1.3652884 9
1744714492277 1.3930748 10
1744714493032 1.4115818 11
1744714493789 1.4140356 12
1744714494556 1.4030855 0
1744714495309 1.3825319 1
1744714496060 1.381253 2
1744714496817 1.3711104 3
1744714497574 1.3642828 4
1744714498332 1.357018 5
1744714499082 1.3532741 6
1744714499826 1.3439393 7
1744714500586 1.3355854 8
1744714501334 1.3382127 9
1744714502088 1.346047 10
1744714502841 1.3509005 11
1744714503604 1.3671649 12
1744714504380 1.3915515 0
1744714505131 1.4192479 1
1744714505885 1.4607934 2
1744714506643 1.448101 3
1744714507402 1.412085 4
1744714508158 1.3763952 5
1744714508926 1.3365254 6
1744714509686 1.3096789 7
1744714510449 1.312254 8
1744714511210 1.3437605 9
1744714511961 1.3324878 10
1744714512723 1.437288 11
1744714513472 1.4524649 12
1744714514245 1.4315555 0
1744714515008 1.4483492 1
1744714515760 1.4327035 2
1744714516517 1.4156847 3
1744714517280 1.3847059 4
1744714518036 1.3592749 5
1744714518797 1.325418 6
1744714519553 1.295215 7
1744714520314 1.2603433 8
1744714521062 1.2383628 9
1744714521820 1.2292743 10
1744714522575 1.2533696 11
1744714523329 1.2838976 12
1744714524100 1.3406439 0
1744714524862 1.3865888 1
1744714525611 1.4448913 2
1744714526369 1.4488213 3
1744714527118 1.4429789 4
1744714527878 1.423745 5
1744714528636 1.3955379 6
1744714529394 1.3662329 7
1744714530150 1.3599558 8
1744714530910 1.368367 9
1744714531665 1.430083 10
1744714532429 1.4553264 11
1744714533185 1.4650073 12
1744714533953 1.4512589 0
1744714534710 1.4076897 1
1744714535463 1.3638337 2
1744714536220 1.3375492 3
1744714536968 1.3273215 4
1744714537721 1.3266673 5
1744714538485 1.320976 6
1744714539239 1.3402461 7
1744714539997 1.3537364 8
1744714540754 1.4368212 9
1744714541512 1.4717501 10
1744714542265 1.5287449 11
1744714543021 1.5281229 12
1744714543789 1.4926615 0
1744714544542 1.450304 1
1744714545294 1.409447 2
1744714546042 1.37889 3
1744714546801 1.3464031 4
1744714547558 1.3249708 5
1744714548307 1.3087151 6
1744714549056 1.3209853 7
1744714549816 1.3641846 8
1744714550566 1.4273896 9
1744714551321 1.4923449 10
1744714552075 1.5014226 11
1744714552836 1.4713937 12
1744714553616 1.4336522 0
1744714554371 1.3965979 1
1744714555128 1.3755271 2
1744714555884 1.3674965 3
1744714556642 1.3723884 4
1744714557391 1.3788475 5
1744714558144 1.3870771 6
1744714558905 1.3927162 7
1744714559669 1.4047054 8
1744714560422 1.412003 9
1744714561282 1.4281247 10
1744714562051 1.4487681 11
1744714562814 1.4625926 12
1744714563590 1.4644923 0
1744714564340 1.4649415 1
1744714565114 1.464395 2
1744714565879 1.4764969 3
1744714566637 1.4731758 4
1744714567387 1.4538271 5
1744714568141 1.4230173 6
1744714568894 1.3940996 7
1744714569645 1.3742368 8
1744714570399 1.3886712 9
1744714571160 1.4106879 10
1744714571915 1.4412882 11
1744714572657 1.4551563 12
1744714573427 1.4438457 0
1744714574180 1.4165952 1
1744714574934 1.3947723 2
1744714575685 1.3838023 3
1744714576440 1.3767395 4
1744714577187 1.3760734 5
1744714577944 1.3748668 6
1744714578693 1.3884351 7
1744714579437 1.4051538 8
1744714580189 1.4201427 9
1744714580938 1.4254956 10
1744714581692 1.4242766 11
1744714582441 1.4218435 12
1744714583204 1.4195125 0
1744714583962 1.420177 1
1744714584709 1.4187952 2
1744714585467 1.4188113 3
1744714586216 1.4146655 4
1744714586978 1.410068 5
1744714587739 1.4039831 6
1744714588488 1.3969823 7
1744714589243 1.3943489 8
1744714590005 1.3930187 9
1744714590757 1.3952465 10
1744714591506 1.4022717 11
1744714592254 1.4071069 12
1744714593028 1.4103043 0
1744714593772 1.4121712 1
1744714594527 1.4096267 2
1744714595286 1.4081647 3
1744714596051 1.4048202 4
1744714596809 1.4026322 5
1744714597553 1.3993053 6
1744714598307 1.3974195 7
1744714599065 1.3978181 8
1744714599822 1.3990915 9
1744714600571 1.3988014 10
1744714601321 1.4002974 11
1744714602079 1.4011989 12
1744714602841 1.4054737 0
1744714603590 1.4081897 1
1744714604337 1.4110467 2
1744714605090 1.4121242 3
1744714605841 1.4132123 4
1744714606592 1.4129796 5
1744714607340 1.4111457 6
1744714608089 1.4058878 7
1744714608845 1.4048727 8
1744714609596 1.4009829 9
1744714610344 1.4001062 10
1744714611096 1.3987026 11
1744714611860 1.3982506 12
1744714612640 1.3955755 0
1744714613387 1.3926055 1
1744714614137 1.3886211 2
1744714614893 1.3854258 3
1744714615642 1.3831984 4
1744714616391 1.3845117 5
1744714617148 1.3840268 6
1744714617906 1.3845601 7
1744714618662 1.3848794 8
1744714619417 1.3872902 9
1744714620174 1.3869373 10
1744714620938 1.3894334 11
1744714621699 1.391698 12
1744714622467 1.3955519 0
1744714623223 1.4008787 1
1744714623976 1.4076049 2
1744714624728 1.4131685 3
1744714625472 1.4154065 4
1744714626223 1.4129946 5
1744714626989 1.4095061 6
1744714627747 1.4037517 7
1744714628500 1.4011099 8
1744714629260 1.3961332 9
1744714630014 1.3978401 10
1744714630775 1.3997276 11
1744714631529 1.3965518 12
1744714632303 1.4005241 0
1744714633053 1.397052 1
1744714633807 1.3930365 2
1744714634568 1.3877405 3
1744714635322 1.3845065 4
1744714636076 1.3806026 5
1744714636915 1.3795562 6
1744714637668 1.3808198 7
1744714638423 1.382051 8
1744714639180 1.3849728 9
1744714639936 1.387876 10
1744714640693 1.388113 11
1744714641452 1.3885496 12
1744714642228 1.3885715 0
1744714642986 1.38828 1
1744714643739 1.389009 2
1744714644493 1.3890575 3
1744714645244 1.3907304 4
1744714645994 1.3917892 5
1744714646754 1.3920668 6
1744714647518 1.3961295 7
1744714648274 1.3967779 8
1744714649023 1.3974209 9
1744714649775 1.3967357 10
1744714650532 1.3962635 11
1744714651282 1.3968343 12
1744714652061 1.3991027 0
1744714652802 1.402563 1
1744714653548 1.4037564 2
1744714654302 1.4025435 3
1744714655062 1.4019139 4
1744714655828 1.4007274 5
1744714656583 1.398941 6
1744714657341 1.3972449 7
1744714658098 1.3956192 8
1744714658853 1.3943518 9
1744714659614 1.3935711 10
1744714660367 1.3979216 11
1744714661116 1.3999805 12
1744714661880 1.4023676 0
1744714662636 1.4063545 1
1744714663388 1.4069363 2
1744714664141 1.4054716 3
1744714664888 1.4000082 4
1744714665642 1.3935747 5
1744714666390 1.3888724 6
1744714667144 1.3836257 7
1744714667892 1.3857853 8
1744714668645 1.3896513 9
1744714669393 1.3938531 10
1744714670147 1.3981102 11
1744714670890 1.4041737 12
1744714671653 1.4060339 0
1744714672410 1.4049146 1
1744714673162 1.40378 2
1744714673912 1.4004006 3
1744714674664 1.3958706 4
1744714675412 1.3936048 5
1744714676158 1.3906441 6
1744714676920 1.3860254 7
1744714677673 1.3844757 8
1744714678433 1.3828094 9
1744714679186 1.3865693 10
1744714679944 1.3886933 11
1744714680690 1.3914415 12
1744714681462 1.3987458 0
1744714682213 1.3969533 1
1744714682967 1.3922795 2
1744714683723 1.3856359 3
1744714684474 1.382647 4
1744714685223 1.3790128 5
1744714685980 1.380143 6
1744714686741 1.3812747 7
1744714687499 1.3784912 8
1744714688248 1.3798206 9
1744714688997 1.3836367 10
1744714689759 1.38995 11
1744714690531 1.3929267 12
1744714691299 1.3979381 0
1744714692060 1.3959602 1
1744714692823 1.3962113 2
1744714693567 1.3968983 3
1744714694324 1.3961365 4
1744714695081 1.3963342 5
1744714695828 1.3990846 6
1744714696582 1.3977153 7
1744714697333 1.3956563 8
1744714698088 1.3940316 9
1744714698839 1.3921528 10
1744714699603 1.3898087 11
1744714700347 1.3868986 12
1744714701113 1.3856292 0
1744714701870 1.3830621 1
1744714702627 1.385677 2
1744714703377 1.3848081 3
1744714704126 1.3869295 4
1744714704878 1.3889979 5
1744714705637 1.3904116 6
1744714706382 1.3956599 7
1744714707133 1.3939605 8
1744714707896 1.3935585 9
1744714708644 1.3934097 10
1744714709392 1.3930645 11
1744714710149 1.3906941 12
1744714710915 1.3882053 0
1744714711664 1.3865492 1
1744714712499 1.38362 2
1744714713251 1.3824378 3
1744714714011 1.3823909 4
1744714714769 1.3847469 5
1744714715519 1.3887873 6
1744714716263 1.3927436 7
1744714717013 1.3967967 8
1744714717763 1.4002926 9
1744714718517 1.4025126 10
1744714719280 1.4046319 11
1744714720030 1.4057032 12
1744714720799 1.4035652 0
1744714721557 1.4008232 1
1744714722363 1.399004 2
1744714723134 1.3954825 3
1744714723932 1.3916433 4
1744714724694 1.3906319 5
1744714725450 1.3892739 6
1744714726206 1.3876636 7
1744714726960 1.3885671 8
1744714727711 1.3900678 9
1744714728464 1.3895895 10
1744714729229 1.3895254 11
1744714729984 1.3885562 12
1744714730749 1.3872383 0
1744714731501 1.386764 1
1744714732264 1.3857738 2
1744714733014 1.3866478 3
1744714733765 1.3868489 4
1744714734516 1.3878915 5
1744714735273 1.3910484 6
1744714736027 1.3964589 7
1744714736773 1.3984859 8
1744714737528 1.4011436 9
1744714738289 1.39962 10
1744714739039 1.3999337 11
1744714739792 1.4013984 12
1744714740567 1.407421 0
1744714741329 1.4161881 1
1744714742077 1.4185553 2
1744714742826 1.4191486 3
1744714743579 1.4155161 4
1744714744327 1.4087694 5
1744714745081 1.4023824 6
1744714745833 1.3965955 7
1744714746590 1.3926799 8
1744714747339 1.3892431 9
1744714748083 1.3882929 10
1744714748837 1.3872297 11
1744714749590 1.3870628 12
1744714750356 1.3872867 0
1744714751113 1.3871913 1
1744714751858 1.38715 2
1744714752603 1.387017 3
1744714753355 1.3865047 4
1744714754115 1.3888583 5
1744714754856 1.3891232 6
1744714755607 1.3920643 7
1744714756363 1.3947406 8
1744714757123 1.3977158 9
1744714757875 1.3986468 10
1744714758637 1.398155 11
1744714759392 1.3949883 12
1744714760162 1.3906156 0
1744714760914 1.3867292 1
1744714761675 1.384067 2
1744714762427 1.3812807 3
1744714763191 1.3807021 4
1744714763937 1.3803122 5
1744714764688 1.3817711 6
1744714765446 1.3824102 7
1744714766204 1.3835843 8
1744714766972 1.3865538 9
1744714767725 1.3883414 10
1744714768505 1.3910965 11
1744714769285 1.3941877 12
1744714770079 1.3963203 0
1744714770851 1.3983386 1
1744714771634 1.3993475 2
1744714772419 1.3983916 3
1744714773167 1.398432 4
1744714773922 1.3983903 5
1744714774673 1.3978922 6
1744714775426 1.3960139 7
1744714776178 1.3956177 8
1744714776928 1.3944157 9
1744714777673 1.3942974 10
1744714778430 1.3949397 11
1744714779172 1.3949636 12
1744714779946 1.3933947 0
1744714780699 1.391201 1
1744714781452 1.3898824 2
1744714782205 1.3862503 3
1744714782961 1.3828428 4
1744714783705 1.3804195 5
1744714784458 1.3789462 6
1744714785205 1.3786476 7
1744714785956 1.3799152 8
1744714786699 1.3842787 9
1744714787446 1.3877518 10
1744714788290 1.389986 11
1744714789034 1.3946731 12
1744714789799 1.3958793 0
1744714790548 1.3954024 1
1744714791292 1.395179 2
1744714792045 1.3938203 3
1744714792793 1.393109 4
1744714793539 1.3932598 5
1744714794288 1.3938719 6
1744714795036 1.3930786 7
1744714795781 1.393935 8
1744714796533 1.3929398 9
1744714797280 1.3911563 10
1744714798031 1.3903291 11
1744714798788 1.3874125 12
1744714799550 1.3865154 0
1744714800318 1.3841196 1
1744714801065 1.3833365 2
1744714801817 1.381918 3
1744714802563 1.381887 4
1744714803314 1.3841798 5
1744714804065 1.3846626 6
1744714804819 1.3860816 7
1744714805569 1.3872355 8
1744714806313 1.3871065 9
1744714807061 1.3867803 10
1744714807813 1.3870511 11
1744714808566 1.3873992 12
1744714809327 1.3881923 0
1744714810080 1.3891563 1
1744714810827 1.3909906 2
1744714811577 1.3919556 3
1744714812326 1.3934561 4
1744714813087 1.3944134 5
1744714813841 1.3945355 6
1744714814589 1.3943373 7
1744714815332 1.3954952 8
1744714816083 1.3946644 9
1744714816830 1.3930552 10
1744714817582 1.3898683 11
1744714818326 1.389121 12
1744714819095 1.3871427 0
1744714819838 1.3847426 1
1744714820586 1.3838937 2
1744714821333 1.3823068 3
1744714822079 1.3831241 4
1744714822830 1.3846982 5
1744714823587 1.3861356 6
1744714824331 1.3895476 7
1744714825080 1.3919046 8
1744714825824 1.3934774 9
1744714826569 1.3936933 10
1744714827310 1.392739 11
1744714828064 1.3895745 12
1744714828824 1.3864887 0
1744714829568 1.3838668 1
1744714830311 1.3822796 2
1744714831068 1.3811855 3
1744714831809 1.3800387 4
1744714832557 1.3804915 5
1744714833306 1.3837584 6
1744714834070 1.3863237 7
1744714834826 1.3881898 8
1744714835566 1.3912579 9
1744714836319 1.3919694 10
1744714837067 1.3921163 11
1744714837816 1.3889186 12
1744714838582 1.3859091 0
1744714839349 1.3850381 1
1744714840099 1.3830724 2
1744714840859 1.3836954 3
1744714841615 1.3854454 4
1744714842365 1.389514 5
1744714843115 1.3948522 6
1744714843866 1.3987224 7
1744714844610 1.401104 8
1744714845364 1.3992442 9
1744714846115 1.3992084 10
1744714846859 1.3958435 11
1744714847610 1.3916142 12
1744714848377 1.3885683 0
1744714849131 1.3840487 1
1744714849880 1.3821708 2
1744714850619 1.381365 3
1744714851367 1.3789234 4
1744714852124 1.3776934 5
1744714852875 1.3777914 6
1744714853636 1.3785437 7
1744714854379 1.3831481 8
1744714855130 1.3862002 9
1744714855875 1.3893907 10
1744714856623 1.3922361 11
1744714857374 1.3959203 12
1744714858148 1.3983027 0
1744714858900 1.3967955 1
1744714859640 1.3979903 2
1744714860392 1.3935323 3
1744714861144 1.3891993 4
1744714861891 1.3886325 5
1744714862645 1.3884432 6
1744714863487 1.3926029 7
1744714864231 1.3957993 8
1744714864978 1.398766 9
1744714865731 1.3984427 10
1744714866475 1.3991114 11
1744714867228 1.3965087 12
1744714867989 1.3954504 0
1744714868741 1.3938286 1
1744714869491 1.3914344 2
1744714870243 1.3909149 3
1744714870988 1.3901712 4
1744714871739 1.3890586 5
1744714872487 1.387502 6
1744714873233 1.3868368 7
1744714873976 1.3844421 8
1744714874727 1.382643 9
1744714875489 1.3810241 10
1744714876237 1.3797318 11
1744714876975 1.3799202 12
1744714877737 1.3800554 0
1744714878494 1.380669 1
1744714879235 1.3843198 2
1744714879977 1.3874278 3
1744714880723 1.3923213 4
1744714881470 1.3959377 5
1744714882214 1.3978364 6
1744714882957 1.3963121 7
1744714883704 1.3942548 8
1744714884455 1.3910577 9
1744714885208 1.3858142 10
1744714885957 1.383736 11
1744714886702 1.3810916 12
1744714887462 1.3797771 0
1744714888211 1.3829598 1
1744714888956 1.3860896 2
1744714889702 1.3882991 3
1744714890454 1.3906956 4
1744714891204 1.394493 5
1744714891950 1.3946369 6
1744714892705 1.3941925 7
1744714893462 1.3884068 8
1744714894201 1.3811712 9
1744714894946 1.3773577 10
1744714895693 1.3724251 11
1744714896450 1.3708858 12
1744714897214 1.374887 0
1744714897964 1.3825915 1
1744714898706 1.3874894 2
1744714899455 1.3950024 3
1744714900204 1.3955308 4
1744714900954 1.3970807 5
1744714901703 1.3962729 6
1744714902453 1.3941047 7
1744714903195 1.392134 8
1744714903945 1.3904645 9
1744714904701 1.3874532 10
1744714905454 1.3861338 11
1744714906196 1.385421 12
1744714906963 1.3847419 0
1744714907716 1.3864646 1
1744714908475 1.3890533 2
1744714909226 1.3909786 3
1744714909976 1.3932686 4
1744714910720 1.3946352 5
1744714911493 1.3933097 6
1744714912281 1.3898879 7
1744714913044 1.3868647 8
1744714913792 1.3835092 9
1744714914543 1.3806968 10
1744714915290 1.3788555 11
1744714916034 1.3758171 12
1744714916800 1.3739698 0
1744714917541 1.3747351 1
1744714918297 1.376138 2
1744714919048 1.3792036 3
1744714919796 1.3809066 4
1744714920581 1.3854488 5
1744714921345 1.3905251 6
1744714922118 1.3922683 7
1744714922871 1.3954923 8
1744714923637 1.3963954 9
1744714924455 1.396703 10
1744714925211 1.3958712 11
1744714925955 1.396832 12
1744714926706 1.3962066 0
1744714927451 1.3938868 1
1744714928184 1.3896599 2
1744714928922 1.3892729 3
1744714929667 1.3872652 4
1744714930415 1.384543 5
1744714931156 1.3836422 6
1744714931893 1.3855884 7
1744714932636 1.3835021 8
1744714933378 1.383313 9
1744714934118 1.3844016 10
1744714934854 1.3832402 11
1744714935591 1.3798907 12
1744714936346 1.3785946 0
1744714937088 1.3758848 1
1744714937824 1.3745985 2
1744714938667 1.3713377 3
1744714939411 1.3703649 4
1744714940151 1.3738444 5
1744714940889 1.3769021 6
1744714941630 1.3830154 7
1744714942368 1.3909128 8
1744714943109 1.3959404 9
1744714943844 1.39974 10
1744714944579 1.407266 11
1744714945316 1.4077983 12
1744714946069 1.4035888 0
1744714946808 1.4005377 1
1744714947544 1.3954086 2
1744714948283 1.392206 3
1744714949019 1.3917191 4
1744714949761 1.3924737 5
1744714950492 1.3917131 6
1744714951235 1.388655 7
1744714951976 1.3871382 8
1744714952709 1.3865684 9
1744714953445 1.3877983 10
1744714954178 1.3907912 11
1744714954918 1.3945173 12
1744714955670 1.3975127 0
1744714956407 1.3958093 1
1744714957144 1.3922168 2
1744714957882 1.3890324 3
1744714958623 1.3866303 4
1744714959360 1.3833729 5
1744714960095 1.381005 6
1744714960836 1.3804758 7
1744714961574 1.38252 8
1744714962312 1.3833761 9
1744714963051 1.3866167 10
1744714963786 1.3884218 11
1744714964526 1.392517 12
1744714965271 1.3949511 0
1744714966009 1.3982307 1
1744714966749 1.4007287 2
1744714967488 1.4014956 3
1744714968219 1.4022448 4
1744714968959 1.4019687 5
1744714969694 1.3970951 6
1744714970433 1.3924005 7
1744714971169 1.3873792 8
1744714971904 1.383121 9
1744714972639 1.3809698 10
1744714973376 1.3799214 11
1744714974119 1.3807695 12
1744714974874 1.3818055 0
1744714975612 1.3842952 1
1744714976353 1.3856759 2
1744714977089 1.3890792 3
1744714977824 1.3904303 4
1744714978559 1.3914866 5
1744714979296 1.3906473 6
1744714980031 1.3894712 7
1744714980768 1.3888361 8
1744714981512 1.3867617 9
1744714982253 1.3848449 10
1744714982990 1.3840442 11
1744714983719 1.3837368 12
1744714984468 1.3837419 0
1744714985208 1.3835982 1
1744714985945 1.384131 2
1744714986682 1.3835065 3
1744714987415 1.382446 4
1744714988153 1.3801278 5
1744714988881 1.3782995 6
1744714989616 1.3762391 7
1744714990354 1.3760345 8
1744714991099 1.3771031 9
1744714991832 1.378488 10
1744714992565 1.3808349 11
1744714993304 1.3824469 12
1744714994053 1.3844178 0
1744714994793 1.3868185 1
1744714995531 1.3870184 2
1744714996268 1.387682 3
1744714997006 1.3903701 4
1744714997737 1.3911462 5
1744714998480 1.3941875 6
1744714999216 1.3926833 7
1744714999950 1.3928211 8
1744715000686 1.3917626 9
1744715001426 1.388975 10
1744715002159 1.3881552 11
1744715002891 1.3867792 12
1744715003634 1.3871403 0
1744715004374 1.3874197 1
1744715005130 1.3910995 2
1744715005874 1.3946292 3
1744715006906 1.3972474 4
1744715007716 1.3979052 5
1744715008455 1.3934059 6
1744715009198 1.3888733 7
1744715009937 1.3847843 8
1744715010685 1.3811914 9
1744715011444 1.3816211 10
1744715012202 1.3861369 11
1744715013039 1.3896376 12
1744715013900 1.3931942 0
1744715014652 1.3971359 1
1744715015408 1.3992294 2
1744715016156 1.398012 3
1744715016921 1.3983254 4
1744715017681 1.397671 5
1744715018444 1.3951378 6
1744715019194 1.39276 7
1744715019947 1.390975 8
1744715020714 1.3888991 9
1744715021459 1.3875389 10
1744715022201 1.3856874 11
1744715022952 1.3846375 12
1744715023727 1.3825728 0
1744715024475 1.3811424 1
1744715025218 1.3803661 2
1744715025963 1.379281 3
1744715026715 1.3787956 4
1744715027464 1.3796518 5
1744715028210 1.3819027 6
1744715028951 1.3836346 7
1744715029707 1.3847126 8
1744715030450 1.3865241 9
1744715031196 1.3882535 10
1744715031947 1.3891311 11
1744715032702 1.3917046 12
1744715033472 1.3918141 0
1744715034226 1.3897383 1
1744715034978 1.3889804 2
1744715035727 1.3854314 3
1744715036484 1.3824854 4
1744715037235 1.3797599 5
1744715037988 1.3799405 6
1744715038744 1.3787103 7
1744715039497 1.3787668 8
1744715040246 1.3823822 9
1744715040992 1.387422 10
1744715041748 1.3953495 11
1744715042496 1.3988925 12
1744715043260 1.4022441 0
1744715044011 1.4006734 1
1744715044768 1.4063175 2
1744715045513 1.4048531 3
1744715046258 1.4047475 4
1744715047009 1.4077504 5
1744715047757 1.4044037 6
1744715048504 1.3997242 7
1744715049255 1.3962226 8
1744715050006 1.3924663 9
1744715050756 1.3869663 10
1744715051507 1.3856165 11
1744715052246 1.3831935 12
1744715053010 1.383908 0
1744715053757 1.3834374 1
1744715054510 1.3806465 2
1744715055268 1.3764379 3
1744715056016 1.3753142 4
1744715056763 1.3772907 5
1744715057524 1.3832273 6
1744715058274 1.38965 7
1744715059020 1.3946592 8
1744715059771 1.3988622 9
1744715060524 1.3976125 10
1744715061277 1.3907547 11
1744715062024 1.3883746 12
1744715062786 1.3873246 0
1744715063544 1.3831851 1
1744715064298 1.3822749 2
1744715065048 1.3800302 3
1744715065805 1.3820984 4
1744715066559 1.3816025 5
1744715067313 1.3798784 6
1744715068066 1.3804247 7
1744715068817 1.380204 8
1744715069568 1.379195 9
1744715070312 1.3755476 10
1744715071054 1.3756545 11
1744715071808 1.3753257 12
1744715072576 1.3746908 0
1744715073324 1.3756235 1
1744715074075 1.3773167 2
1744715074827 1.3815877 3
1744715075575 1.3812922 4
1744715076322 1.3787339 5
1744715077077 1.3796663 6
1744715077830 1.3800617 7
1744715078587 1.3823125 8
1744715079345 1.3831325 9
1744715080101 1.3884863 10
1744715080850 1.3973972 11
1744715081608 1.4056711 12
1744715082377 1.412071 0
1744715083126 1.4087658 1
1744715083875 1.4026132 2
1744715084620 1.3917959 3
1744715085370 1.3849051 4
1744715086125 1.3818264 5
1744715086880 1.3829634 6
1744715087631 1.3885487 7
1744715088488 1.3949386 8
1744715089245 1.3983953 9
1744715089994 1.3949065 10
1744715090752 1.38888 11
1744715091501 1.3853195 12
1744715092267 1.3811435 0
1744715093014 1.3799198 1
1744715093765 1.3811605 2
1744715094516 1.3797681 3
1744715095266 1.3801651 4
1744715096014 1.3767147 5
1744715096770 1.3746036 6
1744715097523 1.3722982 7
1744715098274 1.3724695 8
1744715099026 1.3772249 9
1744715099776 1.3792355 10
1744715100529 1.3873796 11
1744715101285 1.3980622 12
1744715102046 1.4082181 0
1744715102788 1.413013 1
1744715103549 1.4121923 2
1744715104291 1.4060943 3
1744715105037 1.3995829 4
1744715105788 1.3941894 5
1744715106536 1.3894771 6
1744715107278 1.3845668 7
1744715108027 1.3807092 8
1744715108767 1.3808517 9
1744715109520 1.3823432 10
1744715110266 1.3851204 11
1744715111026 1.3886244 12
1744715111784 1.3924978 0
1744715112528 1.3959348 1
1744715113284 1.3970879 2
1744715114037 1.3964177 3
1744715114787 1.3933511 4
1744715115540 1.3898616 5
1744715116300 1.3858793 6
1744715117047 1.3818977 7
1744715117795 1.3778051 8
1744715118546 1.3774533 9
1744715119299 1.3799114 10
1744715120049 1.384938 11
1744715120796 1.3879119 12
1744715121569 1.3930805 0
1744715122319 1.3947825 1
1744715123065 1.3937387 2
1744715123823 1.393313 3
1744715124570 1.392043 4
1744715125313 1.3882571 5
1744715126061 1.3850546 6
1744715126808 1.3818564 7
1744715127554 1.3859613 8
1744715128301 1.3879933 9
1744715129056 1.3865328 10
1744715129800 1.3820736 11
1744715130554 1.3798571 12
1744715131316 1.3775609 0
1744715132068 1.377765 1
1744715132826 1.3770192 2
1744715133578 1.3817657 3
1744715134325 1.3840864 4
1744715135078 1.3919756 5
1744715135827 1.398074 6
1744715136590 1.4014523 7
1744715137347 1.4001465 8
1744715138103 1.3965445 9
1744715138857 1.3943603 10
1744715139610 1.3899407 11
1744715140366 1.3887947 12
1744715141144 1.3888057 0
1744715141893 1.3890511 1
1744715142648 1.388598 2
1744715143407 1.3882738 3
1744715144169 1.3911817 4
1744715144931 1.3965266 5
1744715145685 1.3956344 6
1744715146434 1.3949744 7
1744715147178 1.392748 8
1744715147925 1.3905783 9
1744715148674 1.3911217 10
1744715149425 1.3889111 11
1744715150176 1.3878117 12
1744715150947 1.3873854 0
1744715151688 1.3867977 1
1744715152440 1.3862293 2
1744715153185 1.387708 3
1744715153936 1.3910336 4
1744715154681 1.395047 5
1744715155428 1.4000947 6
1744715156179 1.4037204 7
1744715156925 1.4043059 8
1744715157683 1.4037046 9
1744715158442 1.3998752 10
1744715159205 1.3947482 11
1744715159958 1.3896607 12
1744715160726 1.3837402 0
1744715161474 1.3771849 1
1744715162232 1.3727201 2
1744715162985 1.3733919 3
1744715163823 1.377871 4
1744715164570 1.3837132 5
1744715165327 1.3888129 6
1744715166076 1.3962502 7
1744715166826 1.4033067 8
1744715167575 1.4021773 9
1744715168327 1.3983047 10
1744715169073 1.3888373 11
1744715169818 1.3826652 12
1744715170578 1.3825011 0
1744715171338 1.382421 1
1744715172083 1.3850386 2
1744715172836 1.3880568 3
1744715173593 1.3906269 4
1744715174339 1.393086 5
1744715175093 1.3983219 6
1744715175839 1.4019186 7
1744715176593 1.404115 8
1744715177343 1.4047114 9
1744715178107 1.405156 10
1744715178853 1.4035397 11
1744715179598 1.3993676 12
1744715180362 1.3947821 0
1744715181112 1.3879887 1
1744715181872 1.3834044 2
1744715182616 1.381074 3
1744715183361 1.3792375 4
1744715184115 1.3792315 5
1744715184874 1.3783951 6
1744715185628 1.3775984 7
1744715186374 1.3788403 8
1744715187122 1.382932 9
1744715187877 1.3848121 10
1744715188626 1.3881172 11
1744715189377 1.3900042 12
1744715190159 1.3930631 0
1744715190914 1.3946155 1
1744715191672 1.3986396 2
1744715192420 1.4025912 3
1744715193181 1.4033816 4
1744715193939 1.4069046 5
1744715194698 1.4048692 6
1744715195458 1.4043703 7
1744715196209 1.4024587 8
1744715196961 1.3962 9
1744715197716 1.3899195 10
1744715198466 1.3866546 11
1744715199214 1.3836918 12
1744715199975 1.3815275 0
1744715200720 1.3801057 1
1744715201463 1.3817818 2
1744715202216 1.3847651 3
1744715202958 1.3862927 4
1744715203705 1.3898847 5
1744715204460 1.3930454 6
1744715205207 1.397152 7
1744715205957 1.3988287 8
1744715206715 1.4013944 9
1744715207462 1.4022863 10
1744715208210 1.4004804 11
1744715208960 1.4008372 12
1744715209740 1.3992021 0
1744715210487 1.3941953 1
1744715211235 1.3924174 2
1744715211989 1.3893661 3
1744715212745 1.3865896 4
1744715213493 1.386579 5
1744715214236 1.389179 6
1744715215003 1.3903793 7
1744715215758 1.3936206 8
1744715216516 1.3967198 9
1744715217275 1.3983244 10
1744715218029 1.4009546 11
1744715218783 1.4009404 12
1744715219550 1.3999684 0
1744715220299 1.3974183 1
1744715221053 1.3959682 2
1744715221808 1.3950436 3
1744715222549 1.3927157 4
1744715223303 1.3922492 5
1744715224055 1.3902278 6
1744715224803 1.3898872 7
1744715225556 1.3879604 8
1744715226304 1.3877709 9
1744715227051 1.3879215 10
1744715227802 1.3884268 11
1744715228553 1.389264 12
1744715229320 1.3891196 0
1744715230079 1.3885947 1
1744715230826 1.387777 2
1744715231576 1.3870116 3
1744715232319 1.3873622 4
1744715233067 1.3877842 5
1744715233817 1.3894963 6
1744715234566 1.3912394 7
1744715235318 1.3922267 8
1744715236069 1.393125 9
1744715236817 1.3925687 10
1744715237565 1.3919411 11
1744715238313 1.3914304 12
