1744714261524 3.6057754 0
1744714262264 5.011357 1
1744714262895 6.2894683 2
1744714263527 7.337716 3
1744714264157 8.205812 4
1744714264800 8.988241 5
1744714265450 9.6868105 6
1744714266094 10.328795 7
1744714266727 10.922227 8
1744714267362 11.488983 9
1744714267993 11.930763 10
1744714268631 12.274213 11
1744714269273 12.627327 12
1744714269915 12.924115 0
1744714270550 13.272781 1
1744714271211 13.601877 2
1744714271861 13.87679 3
1744714272521 14.064384 4
1744714273174 14.247347 5
1744714273820 14.467018 6
1744714274478 14.678687 7
1744714275129 14.773593 8
1744714275773 14.760318 9
1744714276451 14.800004 10
1744714277215 14.888403 11
1744714277966 15.032718 12
1744714278743 15.137363 0
1744714279493 15.21732 1
1744714280248 15.245265 2
1744714281003 15.480843 3
1744714281760 15.730757 4
1744714282517 15.960405 5
1744714283273 16.170462 6
1744714284023 16.282047 7
1744714284781 16.398016 8
1744714285533 16.442045 9
1744714286276 16.32249 10
1744714287025 16.170277 11
1744714287772 16.121767 12
1744714288537 16.129114 0
1744714289290 16.168936 1
1744714290045 16.240831 2
1744714290795 16.335413 3
1744714291548 16.393318 4
1744714292293 16.44945 5
1744714293046 16.581121 6
1744714293790 16.815556 7
1744714294540 17.06729 8
1744714295291 17.31266 9
1744714296043 17.41508 10
1744714296793 17.442286 11
1744714297542 17.425348 12
1744714298310 17.354897 0
1744714299059 17.2379 1
1744714299811 16.984396 2
1744714300561 16.85943 3
1744714301307 16.731052 4
1744714302071 16.68699 5
1744714302823 16.65871 6
1744714303564 16.624195 7
1744714304312 16.526232 8
1744714305068 16.450222 9
1744714305817 16.388193 10
1744714306558 16.400524 11
1744714307305 16.47417 12
1744714308077 16.58585 0
1744714308838 16.667562 1
1744714309591 16.8243 2
1744714310342 16.90143 3
1744714311111 16.933939 4
1744714311878 16.86138 5
1744714312633 16.70366 6
1744714313387 16.488749 7
1744714314145 16.207146 8
1744714314896 15.921404 9
1744714315643 15.663277 10
1744714316392 15.443598 11
1744714317148 15.385981 12
1744714317932 15.43078 0
1744714318689 15.490991 1
1744714319446 15.568327 2
1744714320204 15.57042 3
1744714320955 15.498999 4
1744714321709 15.353175 5
1744714322462 15.183411 6
1744714323229 14.974638 7
1744714323977 14.804783 8
1744714324737 14.726352 9
1744714325487 14.73319 10
1744714326240 14.763115 11
1744714326998 14.831367 12
1744714327764 14.853117 0
1744714328528 14.835419 1
1744714329280 14.730562 2
1744714330031 14.540751 3
1744714330774 14.339287 4
1744714331530 14.148535 5
1744714332284 14.035409 6
1744714333051 13.960232 7
1744714333826 14.013506 8
1744714334785 14.023283 9
1744714335551 14.0157795 10
1744714336316 13.980108 11
1744714337073 13.890081 12
1744714337845 13.796453 0
1744714338598 13.605158 1
1744714339362 13.433413 2
1744714340130 13.27892 3
1744714340887 13.170633 4
1744714341644 13.112834 5
1744714342400 13.084778 6
1744714343148 13.150663 7
1744714343893 13.265671 8
1744714344653 13.402909 9
1744714345417 13.454879 10
1744714346174 13.421632 11
1744714346917 13.401224 12
1744714347689 13.334639 0
1744714348447 13.224537 1
1744714349203 13.06313 2
1744714349951 12.9085655 3
1744714350710 12.719096 4
1744714351462 12.532718 5
1744714352212 12.398275 6
1744714352959 12.334174 7
1744714353711 12.275477 8
1744714354466 12.230628 9
1744714355224 12.204733 10
1744714355981 12.20973 11
1744714356731 12.203465 12
1744714357506 12.187527 0
1744714358258 12.159857 1
1744714359021 12.049774 2
1744714359776 11.893414 3
1744714360530 11.652056 4
1744714361285 11.443343 5
1744714362034 11.295053 6
1744714362786 11.204236 7
1744714363540 11.139604 8
1744714364295 11.105013 9
1744714365032 11.080492 10
1744714365782 11.085633 11
1744714366530 11.139921 12
1744714367309 11.238321 0
1744714368062 11.338174 1
1744714368807 11.3579 2
1744714369555 11.316212 3
1744714370309 11.206756 4
1744714371063 11.043241 5
1744714371819 10.838367 6
1744714372568 10.644636 7
1744714373342 10.488089 8
1744714374100 10.378357 9
1744714374851 10.25588 10
1744714375607 10.13319 11
1744714376368 10.0304985 12
1744714377139 9.943691 0
1744714377887 9.864185 1
1744714378636 9.810091 2
1744714379390 9.760058 3
1744714380142 9.695252 4
1744714380884 9.595104 5
1744714381638 9.46221 6
1744714382391 9.332178 7
1744714383149 9.1943865 8
1744714383913 9.10275 9
1744714384663 9.003675 10
1744714385427 8.986407 11
1744714386190 9.059274 12
1744714386958 9.186449 0
1744714387710 9.354828 1
1744714388467 9.578936 2
1744714389248 9.777837 3
1744714390027 9.912766 4
1744714390803 9.934507 5
1744714391600 9.835977 6
1744714392378 9.67768 7
1744714393146 9.437936 8
1744714393931 9.242035 9
1744714394777 9.0770445 10
1744714395567 8.920517 11
1744714396361 8.731264 12
1744714397171 8.564824 0
1744714397923 8.4453535 1
1744714398673 8.381142 2
1744714399417 8.352223 3
1744714400159 8.354172 4
1744714400906 8.38005 5
1744714401646 8.40641 6
1744714402386 8.416816 7
1744714403126 8.382102 8
1744714403878 8.307822 9
1744714404632 8.197694 10
1744714405386 8.091705 11
1744714406130 8.014103 12
1744714406892 7.982464 0
1744714407642 7.9672627 1
1744714408389 7.975421 2
1744714409132 7.990469 3
1744714409881 8.033215 4
1744714410720 8.060564 5
1744714411465 8.056532 6
1744714412211 8.072968 7
1744714412951 8.127851 8
1744714413700 8.156676 9
1744714414437 8.125401 10
1744714415182 8.038168 11
1744714415921 7.8871865 12
1744714416685 7.728346 0
1744714417427 7.5779567 1
1744714418172 7.457007 2
1744714418917 7.377464 3
1744714419666 7.3688664 4
1744714420405 7.4104867 5
1744714421142 7.490121 6
1744714421880 7.586493 7
1744714422619 7.653179 8
1744714423356 7.726485 9
1744714424101 7.776274 10
1744714424850 7.8110204 11
1744714425593 7.856493 12
1744714426353 7.8828716 0
1744714427089 7.8933377 1
1744714427827 7.8392367 2
1744714428571 7.7453985 3
1744714429327 7.6785192 4
1744714430071 7.650927 5
1744714430817 7.6491055 6
1744714431556 7.6522913 7
1744714432304 7.6771064 8
1744714433054 7.7205796 9
1744714433797 7.7732167 10
1744714434542 7.8138604 11
1744714435290 7.8325634 12
1744714436048 7.770443 0
1744714436790 7.6259694 1
1744714437527 7.436868 2
1744714438275 7.233725 3
1744714439017 7.0134296 4
1744714439760 6.8422823 5
1744714440516 6.7786965 6
1744714441263 6.768664 7
1744714442009 6.796554 8
1744714442751 6.8316064 9
1744714443496 6.924701 10
1744714444242 7.0046697 11
1744714444988 7.0974684 12
1744714445745 7.1323338 0
1744714446482 7.1633687 1
1744714447228 7.185023 2
1744714447969 7.1920347 3
1744714448712 7.1731935 4
1744714449460 7.159135 5
1744714450197 7.1495647 6
1744714450936 7.145858 7
1744714451679 7.157101 8
1744714452423 7.167979 9
1744714453162 7.168198 10
1744714453906 7.1565537 11
1744714454648 7.1462936 12
1744714455405 7.136635 0
1744714456152 7.1064024 1
1744714456898 7.084237 2
1744714457641 7.0918026 3
1744714458391 7.1757994 4
1744714459137 7.2825427 5
1744714459884 7.3807116 6
1744714460633 7.465628 7
1744714461374 7.4908075 8
1744714462121 7.4826493 9
1744714462871 7.4291997 10
1744714463607 7.3769536 11
1744714464352 7.33583 12
1744714465110 7.3006334 0
1744714465854 7.305243 1
1744714466599 7.322709 2
1744714467342 7.3419228 3
1744714468094 7.349415 4
1744714468860 7.3361435 5
1744714469642 7.3090005 6
1744714470415 7.284807 7
1744714471164 7.253928 8
1744714471911 7.236804 9
1744714472652 7.2026286 10
1744714473398 7.1204567 11
1744714474148 7.0170994 12
1744714474906 6.9159007 0
1744714475654 6.8038754 1
1744714476404 6.717914 2
1744714477152 6.620548 3
1744714477915 6.5205708 4
1744714478668 6.4778337 5
1744714479416 6.478679 6
1744714480168 6.5678983 7
1744714480937 6.767801 8
1744714481689 7.003089 9
1744714482430 7.274594 10
1744714483172 7.470853 11
1744714483908 7.569091 12
1744714484670 7.5444765 0
1744714485503 7.4129944 1
1744714486240 7.2848144 2
1744714487003 7.2543254 3
1744714487755 7.34923 4
1744714488507 7.4929395 5
1744714489262 7.6609497 6
1744714490010 7.8429847 7
1744714490766 7.965369 8
1744714491525 8.0710125 9
1744714492278 8.006855 10
1744714493033 7.828308 11
1744714493792 7.6077666 12
1744714494557 7.479983 0
1744714495311 7.4519773 1
1744714496061 7.4417806 2
1744714496818 7.5946884 3
1744714497576 7.5506907 4
1744714498333 7.6679473 5
1744714499083 7.895752 6
1744714499829 8.137602 7
1744714500588 8.437153 8
1744714501335 8.757385 9
1744714502089 9.03872 10
1744714502843 9.245114 11
1744714503605 9.4651575 12
1744714504381 9.574403 0
1744714505132 9.574993 1
1744714505886 9.295542 2
1744714506645 9.163385 3
1744714507404 9.127089 4
1744714508160 9.219377 5
1744714508927 9.470428 6
1744714509689 9.805544 7
1744714510450 10.031705 8
1744714511212 10.290918 9
1744714511963 10.297661 10
1744714512725 10.268678 11
1744714513473 10.540222 12
1744714514246 10.087102 0
1744714515009 9.797245 1
1744714515762 9.730979 2
1744714516518 9.709998 3
1744714517281 9.662922 4
1744714518037 9.757507 5
1744714518799 10.065831 6
1744714519554 10.447875 7
1744714520316 10.913788 8
1744714521063 11.466871 9
1744714521822 12.041416 10
1744714522576 12.402899 11
1744714523331 12.703447 12
1744714524101 12.770533 0
1744714524863 12.678757 1
1744714525614 12.298802 2
1744714526371 11.951256 3
1744714527120 11.660331 4
1744714527880 11.554382 5
1744714528637 11.58482 6
1744714529395 11.708139 7
1744714530152 11.788467 8
1744714530911 11.866522 9
1744714531667 11.716058 10
1744714532430 11.620675 11
1744714533186 11.501111 12
1744714533954 11.489697 0
1744714534712 11.565747 1
1744714535465 11.680935 2
1744714536222 11.852144 3
1744714536971 12.0867195 4
1744714537722 12.366715 5
1744714538486 12.711502 6
1744714539240 12.967838 7
1744714539998 13.19095 8
1744714540755 12.974075 9
1744714541514 12.757387 10
1744714542266 12.291243 11
1744714543022 11.871175 12
1744714543790 11.587951 0
1744714544543 11.457872 1
1744714545295 11.500904 2
1744714546043 11.655003 3
1744714546803 11.93074 4
1744714547560 12.214697 5
1744714548308 12.579862 6
1744714549057 12.8787365 7
1744714549818 13.0500555 8
1744714550567 13.023824 9
1744714551322 12.821995 10
1744714552077 12.595016 11
1744714552837 12.400591 12
1744714553617 12.305126 0
1744714554373 12.305191 1
1744714555129 12.332535 2
1744714555885 12.391407 3
1744714556643 12.411286 4
1744714557393 12.416982 5
1744714558145 12.447513 6
1744714558907 12.526252 7
1744714559670 12.558357 8
1744714560423 12.581181 9
1744714561283 12.561815 10
1744714562055 12.48275 11
1744714562815 12.33407 12
1744714563592 12.170593 0
1744714564342 11.998707 1
1744714565116 11.885242 2
1744714565881 11.696064 3
1744714566639 11.544238 4
1744714567388 11.461398 5
1744714568142 11.478177 6
1744714568896 11.556792 7
1744714569648 11.667458 8
1744714570401 11.675294 9
1744714571162 11.620329 10
1744714571916 11.489866 11
1744714572658 11.327589 12
1744714573428 11.205802 0
1744714574181 11.1100855 1
1744714574936 11.078461 2
1744714575687 11.103969 3
1744714576441 11.141073 4
1744714577189 11.150132 5
1744714577945 11.188688 6
1744714578694 11.153372 7
1744714579439 11.060413 8
1744714580191 10.911891 9
1744714580939 10.713839 10
1744714581693 10.499486 11
1744714582442 10.293689 12
1744714583205 10.113098 0
1744714583963 9.931807 1
1744714584711 9.735409 2
1744714585469 9.520281 3
1744714586218 9.315181 4
1744714586979 9.117529 5
1744714587740 8.9329815 6
1744714588490 8.793462 7
1744714589246 8.707578 8
1744714590007 8.646482 9
1744714590759 8.603903 10
1744714591507 8.530512 11
1744714592256 8.4231615 12
1744714593030 8.290121 0
1744714593773 8.168413 1
1744714594528 8.061994 2
1744714595287 7.9627595 3
1744714596053 7.8916836 4
1744714596810 7.8376775 5
1744714597555 7.777003 6
1744714598308 7.739404 7
1744714599067 7.701207 8
1744714599823 7.6658435 9
1744714600572 7.6449986 10
1744714601323 7.6098 11
1744714602081 7.562751 12
1744714602843 7.4811745 0
1744714603591 7.4101386 1
1744714604339 7.335347 2
1744714605093 7.2751336 3
1744714605843 7.2079043 4
1744714606593 7.136842 5
1744714607341 7.0705957 6
1744714608092 7.0399437 7
1744714608847 6.989145 8
1744714609597 6.943735 9
1744714610346 6.878136 10
1744714611098 6.8019776 11
1744714611863 6.7087464 12
1744714612642 6.618843 0
1744714613388 6.5529075 1
1744714614139 6.495106 2
1744714614895 6.457693 3
1744714615643 6.417118 4
1744714616392 6.3638744 5
1744714617149 6.319176 6
1744714617908 6.27943 7
1744714618664 6.246698 8
1744714619419 6.203432 9
1744714620176 6.1728716 10
1744714620939 6.13977 11
1744714621701 6.114381 12
1744714622468 6.070123 0
1744714623224 6.01392 1
1744714623977 5.9501023 2
1744714624730 5.8738775 3
1744714625473 5.805663 4
1744714626224 5.7533474 5
1744714626991 5.7157364 6
1744714627748 5.7148385 7
1744714628502 5.7133017 8
1744714629261 5.733314 9
1744714630016 5.709484 10
1744714630776 5.657593 11
1744714631530 5.6391716 12
1744714632304 5.560398 0
1744714633055 5.516201 1
1744714633809 5.498532 2
1744714634569 5.5036926 3
1744714635323 5.53304 4
1744714636077 5.5705996 5
1744714636916 5.5981727 6
1744714637670 5.6100993 7
1744714638424 5.621264 8
1744714639182 5.5928025 9
1744714639938 5.557824 10
1744714640694 5.550335 11
1744714641453 5.5353427 12
1744714642230 5.5271444 0
1744714642988 5.522293 1
1744714643741 5.517495 2
1744714644495 5.5313306 3
1744714645246 5.5424786 4
1744714645996 5.5602417 5
1744714646755 5.5869813 6
1744714647520 5.588327 7
1744714648276 5.586831 8
1744714649024 5.5721807 9
1744714649777 5.5702243 10
1744714650534 5.5817027 11
1744714651284 5.58407 12
1744714652063 5.5565486 0
1744714652804 5.5002546 1
1744714653550 5.4318953 2
1744714654302 5.360914 3
1744714655062 5.289101 4
1744714655830 5.2209377 5
1744714656585 5.169828 6
1744714657343 5.115448 7
1744714658098 5.0746284 8
1744714658854 5.050876 9
1744714659616 5.0362043 10
1744714660369 5.0025887 11
1744714661118 4.9789805 12
1744714661882 4.960665 0
1744714662638 4.9218297 1
1744714663388 4.906845 2
1744714664143 4.9210134 3
1744714664890 4.9805617 4
1744714665644 5.0631576 5
1744714666392 5.1398525 6
1744714667146 5.2214274 7
1744714667894 5.24025 8
1744714668645 5.2373886 9
1744714669393 5.217074 10
1744714670149 5.1630197 11
1744714670892 5.0817933 12
1744714671655 4.998019 0
1744714672412 4.9564033 1
1744714673162 4.9230113 2
1744714673914 4.9081616 3
1744714674666 4.9014597 4
1744714675414 4.9030123 5
1744714676158 4.922684 6
1744714676922 4.96079 7
1744714677675 5.000731 8
1744714678434 5.0517993 9
1744714679188 5.0612025 10
1744714679944 5.0792065 11
1744714680692 5.0663133 12
1744714681464 4.9826565 0
1744714682213 4.922958 1
1744714682969 4.89073 2
1744714683725 4.8856173 3
1744714684476 4.8721824 4
1744714685225 4.879532 5
1744714685981 4.891069 6
1744714686741 4.9168067 7
1744714687499 4.996193 8
1744714688250 5.078937 9
1744714688999 5.1361446 10
1744714689763 5.1567063 11
1744714690531 5.1784 12
1744714691301 5.165501 0
1744714692060 5.195036 1
1744714692823 5.2179093 2
1744714693569 5.2253017 3
1744714694324 5.2216873 4
1744714695083 5.214193 5
1744714695830 5.174204 6
1744714696584 5.133808 7
1744714697335 5.116555 8
1744714698088 5.0794706 9
1744714698841 5.0415907 10
1744714699605 5.0067205 11
1744714700349 4.9867687 12
1744714701115 4.974482 0
1744714701872 4.986983 1
1744714702629 4.9978337 2
1744714703379 5.0204134 3
1744714704126 5.04467 4
1744714704880 5.062493 5
1744714705637 5.0582247 6
1744714706382 5.012042 7
1744714707135 4.989413 8
1744714707898 4.9622087 9
1744714708646 4.9070673 10
1744714709394 4.8580556 11
1744714710151 4.8107824 12
1744714710915 4.7674775 0
1744714711664 4.735251 1
1744714712499 4.7075953 2
1744714713253 4.698343 3
1744714714013 4.6836915 4
1744714714771 4.6798496 5
1744714715521 4.6776743 6
1744714716265 4.68911 7
1744714717015 4.6924148 8
1744714717765 4.713714 9
1744714718521 4.712055 10
1744714719280 4.699053 11
1744714720032 4.6912355 12
1744714720801 4.711174 0
1744714721559 4.7372737 1
1744714722365 4.760564 2
1744714723134 4.7969613 3
1744714723932 4.8352923 4
1744714724696 4.8506217 5
1744714725452 4.8695354 6
1744714726206 4.8709493 7
1744714726962 4.8588347 8
1744714727713 4.8353424 9
1744714728466 4.810496 10
1744714729229 4.768132 11
1744714729984 4.7343593 12
1744714730751 4.6961365 0
1744714731503 4.66222 1
1744714732266 4.632985 2
1744714733024 4.6001005 3
1744714733767 4.582113 4
1744714734516 4.5648413 5
1744714735276 4.5411587 6
1744714736029 4.5116816 7
1744714736775 4.4914265 8
1744714737528 4.4700875 9
1744714738291 4.4507623 10
1744714739041 4.4342375 11
1744714739792 4.420225 12
1744714740569 4.393131 0
1744714741329 4.3603973 1
1744714742077 4.334312 2
1744714742830 4.294068 3
1744714743581 4.2748737 4
1744714744329 4.294715 5
1744714745083 4.3226337 6
1744714745835 4.3555713 7
1744714746590 4.396621 8
1744714747341 4.431315 9
1744714748085 4.459746 10
1744714748837 4.4850736 11
1744714749592 4.49108 12
1744714750358 4.488459 0
1744714751115 4.48721 1
1744714751860 4.465167 2
1744714752605 4.4371505 3
1744714753357 4.3957806 4
1744714754118 4.3261437 5
1744714754856 4.2506814 6
1744714755616 4.158312 7
1744714756365 4.056746 8
1744714757125 3.938405 9
1744714757877 3.8333392 10
1744714758639 3.7385402 11
1744714759392 3.6809568 12
1744714760164 3.6566684 0
1744714760916 3.66638 1
1744714761677 3.6978993 2
1744714762433 3.7492597 3
1744714763191 3.806751 4
1744714763939 3.859818 5
1744714764690 3.894792 6
1744714765448 3.927617 7
1744714766206 3.9539576 8
1744714766972 3.9631662 9
1744714767725 3.9593472 10
1744714768507 3.9501774 11
1744714769287 3.9261684 12
1744714770081 3.8925781 0
1744714770853 3.8539627 1
1744714771638 3.8124905 2
1744714772421 3.7743275 3
1744714773167 3.7350614 4
1744714773922 3.6973433 5
1744714774675 3.6597285 6
1744714775426 3.6324844 7
1744714776178 3.606311 8
1744714776930 3.587686 9
1744714777675 3.5521178 10
1744714778430 3.5161963 11
1744714779174 3.4838295 12
1744714779948 3.472948 0
1744714780699 3.480137 1
1744714781454 3.4983296 2
1744714782207 3.5366518 3
1744714782961 3.5905106 4
1744714783709 3.643598 5
1744714784458 3.703095 6
1744714785207 3.7523398 7
1744714785958 3.7876027 8
1744714786699 3.780698 9
1744714787447 3.7551281 10
1744714788290 3.7239149 11
1744714789036 3.6584835 12
1744714789801 3.6004465 0
1744714790548 3.5674407 1
1744714791293 3.5386994 2
1744714792049 3.5231683 3
1744714792795 3.5220802 4
1744714793539 3.5161045 5
1744714794290 3.4968865 6
1744714795036 3.4763432 7
1744714795783 3.4522443 8
1744714796533 3.4283528 9
1744714797282 3.4051523 10
1744714798032 3.3800755 11
1744714798790 3.3797896 12
1744714799550 3.3719065 0
1744714800318 3.3745315 1
1744714801067 3.3866873 2
1744714801819 3.401539 3
1744714802563 3.4159417 4
1744714803316 3.4030445 5
1744714804067 3.397708 6
1744714804821 3.3770585 7
1744714805571 3.3570752 8
1744714806315 3.3526173 9
1744714807063 3.3630414 10
1744714807815 3.3955758 11
1744714808568 3.430406 12
1744714809329 3.4636025 0
1744714810082 3.5036287 1
1744714810829 3.5109203 2
1744714811577 3.51441 3
1744714812326 3.498642 4
1744714813087 3.478107 5
1744714813841 3.4395287 6
1744714814591 3.4210541 7
1744714815334 3.3920484 8
1744714816085 3.3759496 9
1744714816830 3.350645 10
1744714817584 3.3436892 11
1744714818328 3.3425658 12
1744714819097 3.3475718 0
1744714819838 3.3632612 1
1744714820586 3.372193 2
1744714821335 3.3883462 3
1744714822079 3.3905075 4
1744714822832 3.3756413 5
1744714823587 3.3803906 6
1744714824333 3.3592958 7
1744714825082 3.332274 8
1744714825826 3.2890458 9
1744714826569 3.2417247 10
1744714827312 3.2175121 11
1744714828064 3.2331123 12
1744714828826 3.2578795 0
1744714829568 3.2905478 1
1744714830313 3.3265355 2
1744714831070 3.356901 3
1744714831811 3.3899834 4
1744714832559 3.402538 5
1744714833315 3.3932223 6
1744714834072 3.3690557 7
1744714834828 3.3605838 8
1744714835568 3.330672 9
1744714836321 3.3169513 10
1744714837069 3.3031688 11
1744714837818 3.3283496 12
1744714838584 3.3718107 0
1744714839349 3.4207892 1
1744714840101 3.4839787 2
1744714840861 3.5294704 3
1744714841615 3.543809 4
1744714842365 3.5300913 5
1744714843115 3.4761322 6
1744714843867 3.399921 7
1744714844612 3.320033 8
1744714845364 3.2715063 9
1744714846117 3.2124069 10
1744714846861 3.1929588 11
1744714847612 3.188311 12
1744714848377 3.2079296 0
1744714849133 3.2628489 1
1744714849882 3.3251688 2
1744714850621 3.3696816 3
1744714851369 3.4354784 4
1744714852126 3.5112438 5
1744714852877 3.5882165 6
1744714853636 3.657103 7
1744714854381 3.6824725 8
1744714855133 3.6891904 9
1744714855877 3.6747518 10
1744714856625 3.6426985 11
1744714857376 3.577426 12
1744714858150 3.501337 0
1744714858901 3.454232 1
1744714859642 3.3966908 2
1744714860392 3.3736145 3
1744714861144 3.3829002 4
1744714861893 3.383129 5
1744714862647 3.4004912 6
1744714863487 3.3845274 7
1744714864233 3.3454814 8
1744714864979 3.3225694 9
1744714865732 3.3088455 10
1744714866477 3.2849042 11
1744714867230 3.290984 12
1744714867991 3.3002982 0
1744714868741 3.3087003 1
1744714869493 3.3283193 2
1744714870245 3.3473678 3
1744714870988 3.3623257 4
1744714871741 3.391634 5
1744714872489 3.3889203 6
1744714873235 3.3888228 7
1744714873978 3.374968 8
1744714874729 3.367066 9
1744714875489 3.3554544 10
1744714876237 3.3666494 11
1744714876977 3.3666334 12
1744714877739 3.3812578 0
1744714878494 3.397952 1
1744714879237 3.3871775 2
1744714879979 3.3741717 3
1744714880723 3.3588192 4
1744714881472 3.3212771 5
1744714882216 3.2927763 6
1744714882959 3.2850122 7
1744714883706 3.3142166 8
1744714884457 3.3837242 9
1744714885210 3.4743786 10
1744714885959 3.554908 11
1744714886704 3.617344 12
1744714887464 3.6676397 0
1744714888213 3.6502712 1
1744714888958 3.5960217 2
1744714889702 3.5307226 3
1744714890454 3.4275553 4
1744714891206 3.3498523 5
1744714891952 3.2985356 6
1744714892707 3.2527955 7
1744714893462 3.2747881 8
1744714894203 3.3254688 9
1744714894946 3.385526 10
1744714895695 3.480526 11
1744714896452 3.5705001 12
1744714897214 3.6232224 0
1744714897964 3.620328 1
1744714898708 3.5919876 2
1744714899457 3.509407 3
1744714900206 3.452812 4
1744714900956 3.3811917 5
1744714901703 3.3256907 6
1744714902455 3.2924294 7
1744714903195 3.2922611 8
1744714903947 3.3162444 9
1744714904703 3.355835 10
1744714905456 3.4002464 11
1744714906198 3.4404259 12
1744714906965 3.474962 0
1744714907718 3.4878752 1
1744714908477 3.4680648 2
1744714909228 3.4385264 3
1744714909977 3.4059072 4
1744714910722 3.3480468 5
1744714911497 3.2949083 6
1744714912281 3.2680628 7
1744714913046 3.2668533 8
1744714913794 3.2863443 9
1744714914543 3.3225925 10
1744714915292 3.3651698 11
1744714916036 3.4173384 12
1744714916802 3.4759903 0
1744714917543 3.5071883 1
1744714918299 3.5296273 2
1744714919050 3.5212488 3
1744714919798 3.5053535 4
1744714920583 3.4528873 5
1744714921345 3.3931265 6
1744714922119 3.3395567 7
1744714922873 3.2911897 8
1744714923638 3.2479563 9
1744714924457 3.2187788 10
1744714925213 3.2135882 11
1744714925957 3.2235904 12
1744714926708 3.2480922 0
1744714927454 3.326632 1
1744714928186 3.4106452 2
1744714928925 3.4776363 3
1744714929669 3.5195622 4
1744714930417 3.5760128 5
1744714931156 3.6006398 6
1744714931895 3.5710478 7
1744714932638 3.5584407 8
1744714933380 3.548456 9
1744714934120 3.5261304 10
1744714934856 3.5245638 11
1744714935593 3.5396068 12
1744714936347 3.5492172 0
1744714937088 3.5937495 1
1744714937824 3.6444483 2
1744714938671 3.7102833 3
1744714939413 3.7611883 4
1744714940153 3.786397 5
1744714940889 3.8113766 6
1744714941630 3.7930157 7
1744714942369 3.7503357 8
1744714943110 3.7172642 9
1744714943844 3.683386 10
1744714944581 3.6311126 11
1744714945316 3.5921826 12
1744714946071 3.619074 0
1744714946810 3.6448326 1
1744714947547 3.6847534 2
1744714948285 3.7335114 3
1744714949019 3.7654853 4
1744714949761 3.7686424 5
1744714950494 3.7812002 6
1744714951237 3.832425 7
1744714951976 3.8731465 8
1744714952709 3.9170997 9
1744714953447 3.947628 10
1744714954180 3.9560635 11
1744714954918 3.944317 12
1744714955672 3.9203808 0
1744714956409 3.916675 1
1744714957144 3.9199178 2
1744714957884 3.9330535 3
1744714958625 3.973202 4
1744714959362 4.0233173 5
1744714960097 4.0741415 6
1744714960836 4.134579 7
1744714961576 4.152837 8
1744714962312 4.1689615 9
1744714963053 4.1635838 10
1744714963786 4.161271 11
1744714964526 4.127417 12
1744714965273 4.10151 0
1744714966009 4.0702467 1
1744714966749 4.0502777 2
1744714967490 4.028604 3
1744714968221 4.01285 4
1744714968961 4.0066614 5
1744714969696 4.028018 6
1744714970433 4.044979 7
1744714971171 4.065176 8
1744714971905 4.087038 9
1744714972639 4.1018424 10
1744714973378 4.1157413 11
1744714974121 4.1109066 12
1744714974876 4.095887 0
1744714975614 4.0635605 1
1744714976355 4.031864 2
1744714977091 3.986933 3
1744714977826 3.933082 4
1744714978561 3.8712878 5
1744714979297 3.8135724 6
1744714980033 3.7718897 7
1744714980768 3.7330194 8
1744714981512 3.7080646 9
1744714982255 3.698029 10
1744714982992 3.692294 11
1744714983721 3.6904006 12
1744714984470 3.6860695 0
1744714985210 3.6804338 1
1744714985945 3.6762602 2
1744714986684 3.6547203 3
1744714987417 3.6482918 4
1744714988153 3.650484 5
1744714988883 3.673472 6
1744714989618 3.70118 7
1744714990356 3.7267692 8
1744714991099 3.7370472 9
1744714991832 3.7453206 10
1744714992566 3.7398 11
1744714993306 3.749173 12
1744714994055 3.7211118 0
1744714994793 3.7106168 1
1744714995534 3.693597 2
1744714996269 3.6769 3
1744714997008 3.6327333 4
1744714997739 3.6039567 5
1744714998482 3.5601873 6
1744714999218 3.541117 7
1744714999952 3.5433588 8
1744715000686 3.5748377 9
1744715001426 3.631459 10
1744715002161 3.6986518 11
1744715002891 3.754007 12
1744715003636 3.7930923 0
1744715004376 3.8302023 1
1744715005132 3.8506036 2
1744715005874 3.8383443 3
1744715006908 3.8149881 4
1744715007717 3.792987 5
1744715008457 3.7994103 6
1744715009200 3.8275194 7
1744715009937 3.8834734 8
1744715010686 3.9603229 9
1744715011446 4.000853 10
1744715012202 3.9904997 11
1744715013041 3.973804 12
1744715013902 3.9340658 0
1744715014654 3.8644204 1
1744715015410 3.8145218 2
1744715016158 3.7920008 3
1744715016923 3.7860327 4
1744715017681 3.78584 5
1744715018446 3.794496 6
1744715019194 3.8093069 7
1744715019949 3.8134236 8
1744715020716 3.8232248 9
1744715021461 3.8252954 10
1744715022203 3.8339448 11
1744715022954 3.849433 12
1744715023727 3.8629897 0
1744715024476 3.8891945 1
1744715025220 3.886374 2
1744715025965 3.899356 3
1744715026715 3.8952851 4
1744715027464 3.8807445 5
1744715028212 3.861393 6
1744715028953 3.83596 7
1744715029709 3.810055 8
1744715030452 3.7886496 9
1744715031198 3.772713 10
1744715031949 3.7620335 11
1744715032704 3.7857082 12
1744715033474 3.7773213 0
1744715034228 3.7548962 1
1744715034980 3.7937505 2
1744715035728 3.8223138 3
1744715036486 3.8168828 4
1744715037237 3.8624125 5
1744715037990 3.8881516 6
1744715038746 3.9310665 7
1744715039497 3.9642024 8
1744715040248 3.974548 9
1744715040994 3.9606814 10
1744715041748 3.9182954 11
1744715042498 3.854456 12
1744715043262 3.8098445 0
1744715044011 3.7901402 1
1744715044768 3.7568974 2
1744715045515 3.7592227 3
1744715046260 3.7803133 4
1744715047011 3.7713964 5
1744715047759 3.8037467 6
1744715048506 3.848672 7
1744715049257 3.8832238 8
1744715050008 3.904834 9
1744715050758 3.9435806 10
1744715051507 3.954815 11
1744715052246 4.0016804 12
1744715053012 4.011075 0
1744715053758 4.0002017 1
1744715054512 4.003997 2
1744715055269 4.0269823 3
1744715056016 4.0483756 4
1744715056765 4.0458407 5
1744715057524 4.015034 6
1744715058276 3.94881 7
1744715059022 3.9052348 8
1744715059773 3.8309388 9
1744715060526 3.7917297 10
1744715061277 3.7672753 11
1744715062024 3.7601626 12
1744715062788 3.7952123 0
1744715063546 3.8517761 1
1744715064300 3.880322 2
1744715065050 3.9246852 3
1744715065807 3.9306598 4
1744715066559 3.9366484 5
1744715067315 3.9478593 6
1744715068068 3.929502 7
1744715068819 3.9266505 8
1744715069570 3.9243927 9
1744715070312 3.9392319 10
1744715071056 3.935452 11
1744715071810 3.9470901 12
1744715072576 3.9502614 0
1744715073326 3.9573116 1
1744715074077 3.9602365 2
1744715074827 3.9556694 3
1744715075577 3.950897 4
1744715076324 3.961462 5
1744715077077 3.984998 6
1744715077832 4.017204 7
1744715078587 4.044584 8
1744715079347 4.072264 9
1744715080103 4.0880647 10
1744715080852 4.1027565 11
1744715081609 4.0733294 12
1744715082379 4.025563 0
1744715083128 4.0460577 1
1744715083877 4.1272573 2
1744715084620 4.224542 3
1744715085372 4.3564105 4
1744715086127 4.480004 5
1744715086880 4.5450816 6
1744715087633 4.54833 7
1744715088488 4.5063424 8
1744715089247 4.4445963 9
1744715089996 4.426977 10
1744715090754 4.4546475 11
1744715091503 4.467484 12
1744715092267 4.4820833 0
1744715093014 4.498052 1
1744715093767 4.4736724 2
1744715094518 4.4609766 3
1744715095268 4.4341626 4
1744715096016 4.4369764 5
1744715096772 4.435357 6
1744715097526 4.438193 7
1744715098276 4.45024 8
1744715099028 4.451897 9
1744715099776 4.4556513 10
1744715100531 4.428723 11
1744715101287 4.371153 12
1744715102048 4.2804804 0
1744715102790 4.157875 1
1744715103551 4.04147 2
1744715104293 3.9652305 3
1744715105039 3.9490561 4
1744715105788 3.9870672 5
1744715106538 4.066698 6
1744715107280 4.1725874 7
1744715108029 4.287179 8
1744715108769 4.3791747 9
1744715109520 4.4485574 10
1744715110268 4.4797187 11
1744715111026 4.48808 12
1744715111786 4.453963 0
1744715112530 4.3950405 1
1744715113286 4.3324685 2
1744715114039 4.281625 3
1744715114789 4.2387314 4
1744715115542 4.2142873 5
1744715116302 4.2189746 6
1744715117049 4.241671 7
1744715117795 4.289073 8
1744715118548 4.325705 9
1744715119299 4.333021 10
1744715120049 4.3109603 11
1744715120798 4.2769775 12
1744715121571 4.2166867 0
1744715122319 4.1551657 1
1744715123065 4.119096 2
1744715123825 4.1034355 3
1744715124572 4.1054 4
1744715125315 4.120409 5
1744715126064 4.163709 6
1744715126810 4.239644 7
1744715127556 4.236469 8
1744715128303 4.23109 9
1744715129058 4.2245483 10
1744715129800 4.2420664 11
1744715130554 4.2619586 12
1744715131318 4.285237 0
1744715132070 4.3101625 1
1744715132828 4.3345165 2
1744715133580 4.3055205 3
1744715134325 4.29084 4
1744715135078 4.2083297 5
1744715135829 4.1109004 6
1744715136592 4.0118623 7
1744715137349 3.9421015 8
1744715138105 3.9145808 9
1744715138859 3.9347668 10
1744715139612 3.9865937 11
1744715140366 4.091248 12
1744715141146 4.185915 0
1744715141895 4.260387 1
1744715142650 4.3265457 2
1744715143409 4.3707523 3
1744715144171 4.3781657 4
1744715144933 4.3627777 5
1744715145687 4.334096 6
1744715146434 4.30195 7
1744715147178 4.303664 8
1744715147927 4.342031 9
1744715148674 4.348173 10
1744715149427 4.367039 11
1744715150178 4.376643 12
1744715150949 4.3704343 0
1744715151691 4.363582 1
1744715152440 4.3550124 2
1744715153189 4.332026 3
1744715153938 4.2881837 4
1744715154683 4.228139 5
1744715155430 4.1374145 6
1744715156181 4.039734 7
1744715156929 3.9484527 8
1744715157684 3.8994737 9
1744715158444 3.907608 10
1744715159207 3.951891 11
1744715159958 4.0317116 12
1744715160728 4.1332517 0
1744715161474 4.2328367 1
1744715162232 4.320616 2
1744715162987 4.3770766 3
1744715163825 4.3891497 4
1744715164572 4.36957 5
1744715165329 4.3291287 6
1744715166076 4.263047 7
1744715166828 4.167901 8
1744715167575 4.105602 9
1744715168329 4.0744653 10
1744715169073 4.103505 11
1744715169818 4.178835 12
1744715170580 4.2261095 0
1744715171340 4.257494 1
1744715172085 4.2751775 2
1744715172839 4.25484 3
1744715173593 4.227103 4
1744715174341 4.16914 5
1744715175095 4.061562 6
1744715175841 3.932421 7
1744715176594 3.8178234 8
1744715177345 3.7168212 9
1744715178109 3.6547527 10
1744715178853 3.6186337 11
1744715179600 3.613457 12
1744715180364 3.6443326 0
1744715181114 3.713172 1
1744715181872 3.799682 2
1744715182616 3.8949401 3
1744715183363 3.9718008 4
1744715184117 4.028942 5
1744715184876 4.0620027 6
1744715185630 4.068201 7
1744715186376 4.0609555 8
1744715187124 4.0277724 9
1744715187877 4.0143704 10
1744715188628 3.9929338 11
1744715189379 3.987342 12
1744715190161 3.9921503 0
1744715190916 3.9956994 1
1744715191672 3.9926383 2
1744715192420 3.981361 3
1744715193183 3.9807093 4
1744715193941 3.9528773 5
1744715194698 3.9309745 6
1744715195458 3.8866324 7
1744715196209 3.8184166 8
1744715196963 3.8149273 9
1744715197720 3.8314543 10
1744715198466 3.8489609 11
1744715199214 3.8814764 12
1744715199977 3.893551 0
1744715200720 3.9195497 1
1744715201465 3.9430335 2
1744715202218 3.9573245 3
1744715202960 3.9541442 4
1744715203707 3.9362707 5
1744715204462 3.8947763 6
1744715205209 3.8446414 7
1744715205959 3.7971778 8
1744715206715 3.7508144 9
1744715207464 3.6976957 10
1744715208210 3.651328 11
1744715208962 3.6027637 12
1744715209740 3.5575972 0
1744715210487 3.545111 1
1744715211239 3.5330882 2
1744715211991 3.5496144 3
1744715212747 3.5751705 4
1744715213495 3.607101 5
1744715214238 3.6134331 6
1744715215003 3.609035 7
1744715215760 3.5727456 8
1744715216516 3.5233533 9
1744715217277 3.4630039 10
1744715218031 3.3812485 11
1744715218783 3.3047209 12
1744715219552 3.2431884 0
1744715220301 3.1977758 1
1744715221055 3.1633067 2
1744715221808 3.149805 3
1744715222551 3.1544242 4
1744715223305 3.151852 5
1744715224057 3.1850412 6
1744715224805 3.196118 7
1744715225558 3.233982 8
1744715226306 3.2579334 9
1744715227053 3.272903 10
1744715227804 3.2808392 11
1744715228555 3.2684398 12
1744715229322 3.2652054 0
1744715230079 3.2682617 1
1744715230826 3.2766135 2
1744715231576 3.2884827 3
1744715232321 3.2911751 4
1744715233067 3.2957926 5
1744715233819 3.2988224 6
1744715234568 3.2755153 7
1744715235320 3.2517436 8
1744715236071 3.220064 9
1744715236817 3.2020032 10
1744715237567 3.1825445 11
1744715238315 3.1501732 12
