1743004411997 0.59708273 0
1743004412733 0.38973886 1
1743004413360 0.25520113 2
1743004413989 0.17267784 3
1743004414609 0.12348188 4
1743004415236 0.09233732 5
1743004415867 0.071682885 6
1743004416490 0.05865175 7
1743004417113 0.048120916 8
1743004417736 0.04090091 9
1743004418360 0.034693103 10
1743004418987 0.030378915 11
1743004419612 0.027038494 12
1743004420256 0.024074377 13
1743004420991 0.021445984 14
1743004421720 0.019443281 15
1743004422451 0.01757835 16
1743004423180 0.015964523 17
1743004423904 0.014653139 18
1743004424635 0.013365774 19
1743004425367 0.012548812 20
1743004426106 0.011506271 21
1743004426836 0.010709661 22
1743004427563 0.009902172 23
1743004428302 0.00924106 24
1743004429037 0.008675218 25
1743004429782 0.008123362 26
1743004430516 0.0076860944 27
1743004431254 0.007274007 28
1743004431985 0.00682108 29
1743004432722 0.0064124777 30
1743004433465 0.0060947705 31
1743004434203 0.0058520776 32
1743004434942 0.0055345106 33
1743004435674 0.005282686 34
1743004436404 0.0050910786 35
1743004437139 0.0048289145 36
1743004437885 0.0046583544 37
1743004438642 0.0044576973 38
1743004439366 0.004275444 39
1743004440106 0.004123747 40
1743004440842 0.0039686593 41
1743004441576 0.0038392195 42
1743004442300 0.0036897333 43
1743004443036 0.0035687988 44
1743004443809 0.003456819 45
1743004444571 0.0033597348 46
1743004445339 0.0032206406 47
1743004446096 0.0031527805 48
1743004446848 0.0030371228 49
1743004447596 0.0029221685 50
1743004448346 0.0028394738 51
1743004449100 0.0027435636 52
1743004449854 0.0026713412 53
1743004450620 0.0025967916 54
1743004451378 0.0024984083 55
1743004452135 0.0024420614 56
1743004452886 0.0023731499 57
1743004453655 0.002299726 58
1743004454422 0.0022473575 59
1743004455176 0.0021744033 60
1743004455928 0.0021216376 61
1743004456679 0.0020657862 62
1743004457434 0.0020092132 63
1743004458188 0.0019547965 64
1743004458967 0.0019151168 65
1743004459723 0.0018700022 66
1743004460475 0.0018224077 67
1743004461223 0.00178232 68
1743004461989 0.0017303945 69
1743004462855 0.0016932514 70
1743004463637 0.0016640164 71
1743004464413 0.0016220541 72
1743004465171 0.0015836031 73
1743004465935 0.0015293992 74
1743004466682 0.0015367208 75
1743004467424 0.0014924745 76
1743004468166 0.0014667663 77
1743004468905 0.0014268877 78
1743004469653 0.0013866333 79
1743004470418 0.0013667946 80
1743004471255 0.0013419535 81
1743004472057 0.0013066985 82
1743004472825 0.0012877231 83
1743004473591 0.001266933 84
1743004474352 0.0012256693 85
1743004475109 0.0012214172 86
1743004475854 0.0011950462 87
1743004476596 0.001175058 88
1743004477352 0.0011485979 89
1743004478090 0.0011495975 90
1743004478831 0.0011202268 91
1743004479601 0.0010983385 92
1743004480363 0.0010786436 93
1743004481116 0.0010571242 94
1743004481877 0.0010414161 95
1743004482751 0.0010238558 96
1743004483598 0.0010184076 97
1743004484361 0.0009776563 98
1743004485161 0.0009796419 99
1743004486176 0.00096462737 100
1743004486916 0.00094647054 101
1743004487674 0.0009230858 102
1743004488438 0.00091873045 103
1743004489204 0.00089906 104
1743004489959 0.00088520016 105
