1743004411987 1.5700116 0
1743004412730 1.6300932 1
1743004413358 1.620045 2
1743004413987 1.5873578 3
1743004414607 1.5507292 4
1743004415232 1.5238225 5
1743004415864 1.4883848 6
1743004416488 1.4658878 7
1743004417111 1.4447553 8
1743004417734 1.4202675 9
1743004418358 1.3975294 10
1743004418985 1.3894026 11
1743004419609 1.3911635 12
1743004420251 1.3883047 13
1743004420988 1.3905749 14
1743004421718 1.3960539 15
1743004422447 1.4022696 16
1743004423178 1.411481 17
1743004423903 1.4119947 18
1743004424631 1.4057118 19
1743004425365 1.3971593 20
1743004426104 1.389549 21
1743004426833 1.3956187 22
1743004427559 1.3988171 23
1743004428299 1.399481 24
1743004429026 1.4051136 25
1743004429770 1.3946481 26
1743004430512 1.3660727 27
1743004431251 1.3524871 28
1743004431981 1.3608208 29
1743004432719 1.3658288 30
1743004433461 1.3792298 31
1743004434199 1.3867607 32
1743004434939 1.4105482 33
1743004435672 1.3987949 34
1743004436402 1.401485 35
1743004437137 1.4096658 36
1743004437881 1.4059799 37
1743004438639 1.4146221 38
1743004439362 1.4417052 39
1743004440104 1.4567022 40
1743004440839 1.4796183 41
1743004441572 1.4746327 42
1743004442297 1.4460815 43
1743004443032 1.4087832 44
1743004443806 1.3844631 45
1743004444564 1.378541 46
1743004445336 1.4190786 47
1743004446094 1.428297 48
1743004446842 1.4045627 49
1743004447592 1.3973978 50
1743004448342 1.4117323 51
1743004449098 1.4299452 52
1743004449852 1.4585469 53
1743004450616 1.4241363 54
1743004451375 1.3710892 55
1743004452132 1.3548172 56
1743004452882 1.3657039 57
1743004453649 1.4538636 58
1743004454418 1.4708662 59
1743004455172 1.462353 60
1743004455924 1.4507658 61
1743004456676 1.4325621 62
1743004457428 1.4122288 63
1743004458182 1.4155576 64
1743004458963 1.4385798 65
1743004459719 1.4628038 66
1743004460473 1.4990616 67
1743004461221 1.5019875 68
1743004461985 1.4830836 69
1743004462852 1.4593899 70
1743004463633 1.4386617 71
1743004464409 1.4236516 72
1743004465168 1.4117618 73
1743004465932 1.4008106 74
1743004466680 1.3991061 75
1743004467420 1.3898884 76
1743004468162 1.3870108 77
1743004468903 1.392804 78
1743004469649 1.4128029 79
1743004470414 1.42416 80
1743004471249 1.4246421 81
1743004472054 1.4335537 82
1743004472822 1.4379747 83
1743004473588 1.4297123 84
1743004474349 1.4237418 85
1743004475105 1.4310226 86
1743004475851 1.4326518 87
1743004476592 1.4231918 88
1743004477350 1.4254093 89
1743004478086 1.460728 90
1743004478829 1.4663372 91
1743004479597 1.4759312 92
1743004480360 1.483323 93
1743004481113 1.4669667 94
1743004481873 1.4393973 95
1743004482746 1.4021544 96
1743004483594 1.3735127 97
1743004484357 1.3519671 98
1743004485157 1.3431587 99
1743004486173 1.3603575 100
1743004486913 1.4305136 101
1743004487671 1.4503572 102
1743004488434 1.4654458 103
1743004489200 1.4793272 104
1743004489955 1.4796414 105
1743004490737 1.4758356 106
1743004491494 1.4500787 107
1743004492252 1.4240063 108
1743004493007 1.4037809 109
1743004493806 1.4306 110
1743004494565 1.4228854 111
1743004495326 1.4185843 112
1743004496110 1.4057701 113
1743004496921 1.3995088 114
1743004497708 1.3797008 115
1743004498460 1.3611913 116
1743004499225 1.342315 117
1743004499983 1.3263068 118
1743004500747 1.3196955 119
1743004501506 1.3203912 120
1743004502264 1.3403523 121
1743004503174 1.3565905 122
1743004504084 1.3615628 123
1743004504957 1.3894086 124
1743004505806 1.4358487 125
1743004506590 1.516227 126
1743004507368 1.5449767 127
1743004508169 1.5240855 128
1743004508941 1.5000954 129
1743004509731 1.469749 130
1743004510531 1.4455199 131
1743004511322 1.4154241 132
1743004512116 1.3841388 133
1743004512899 1.3527727 134
1743004513702 1.3467041 135
1743004514494 1.3538074 136
1743004515299 1.3616989 137
1743004516087 1.4039619 138
1743004516858 1.4439572 139
1743004517627 1.4476876 140
1743004518429 1.4489162 141
1743004519202 1.452702 142
1743004519988 1.44942 143
1743004520805 1.451514 144
1743004521611 1.4538183 145
1743004522410 1.4429449 146
1743004523220 1.4281605 147
1743004524074 1.4062591 148
1743004524873 1.3930969 149
1743004525650 1.3877492 150
1743004526445 1.3742756 151
1743004527198 1.3611159 152
1743004527956 1.3570404 153
1743004528731 1.3622632 154
1743004529511 1.3637688 155
1743004530302 1.3627691 156
1743004531107 1.3960824 157
1743004531900 1.4200624 158
1743004532698 1.4349937 159
1743004533483 1.4240234 160
1743004534252 1.4073263 161
1743004535026 1.3828605 162
1743004535818 1.3796477 163
1743004536583 1.3779135 164
1743004537361 1.378092 165
1743004538223 1.4003497 166
1743004539020 1.3983321 167
1743004539788 1.4128075 168
1743004540566 1.4106476 169
1743004541341 1.403594 170
1743004542110 1.3985085 171
1743004542890 1.404417 172
1743004543634 1.4207664 173
1743004544368 1.4384594 174
1743004545114 1.4520429 175
1743004545856 1.4604787 176
1743004546598 1.446315 177
1743004547336 1.4301914 178
1743004548063 1.4142137 179
1743004548795 1.4019573 180
1743004549526 1.3811322 181
1743004550254 1.4075534 182
1743004550987 1.442296 183
1743004551717 1.4179243 184
1743004552449 1.3985628 185
1743004553174 1.3927754 186
1743004553911 1.3944395 187
1743004554633 1.3876158 188
1743004555363 1.381287 189
1743004556093 1.3952464 190
1743004556821 1.4074234 191
1743004557545 1.3924928 192
1743004558275 1.3626444 193
1743004559006 1.3337119 194
1743004559736 1.3111441 195
1743004560475 1.3092588 196
1743004561215 1.3181884 197
1743004561983 1.3267257 198
1743004562749 1.4256918 199
1743004563619 1.4894583 200
1743004564384 1.507519 201
1743004565145 1.5058233 202
1743004565877 1.4713578 203
1743004566613 1.4440663 204
1743004567363 1.4377824 205
1743004568112 1.4269369 206
1743004568862 1.4210869 207
1743004569618 1.4197079 208
1743004570352 1.4063792 209
1743004571113 1.409261 210
1743004571842 1.404856 211
1743004572573 1.4176426 212
1743004573302 1.4199524 213
1743004574044 1.4171777 214
1743004574777 1.4154749 215
1743004575509 1.4156449 216
1743004576242 1.4165875 217
1743004576979 1.4068804 218
1743004577720 1.4148728 219
1743004578448 1.4151008 220
1743004579177 1.3942024 221
1743004579909 1.3815057 222
1743004580636 1.4024291 223
1743004581371 1.4219501 224
1743004582102 1.4162601 225
1743004582835 1.4085853 226
1743004583570 1.3927474 227
1743004584297 1.371789 228
1743004585018 1.3511591 229
1743004585756 1.3397683 230
1743004586487 1.361489 231
1743004587221 1.3576427 232
1743004587966 1.3730308 233
1743004588696 1.4015746 234
1743004589421 1.4106367 235
1743004590152 1.4242332 236
1743004590883 1.4357996 237
1743004591616 1.4245336 238
1743004592347 1.4042062 239
1743004593075 1.3868549 240
1743004593796 1.3853369 241
1743004594521 1.3959937 242
1743004595242 1.3890277 243
1743004595989 1.3848611 244
1743004596714 1.3714592 245
1743004597439 1.3573499 246
1743004598166 1.3762555 247
1743004598893 1.4528434 248
1743004599622 1.4805185 249
1743004600346 1.4795363 250
1743004601070 1.4776528 251
1743004601815 1.4750698 252
1743004602541 1.4607152 253
1743004603268 1.440197 254
1743004603993 1.4278319 255
1743004604719 1.4120303 256
1743004605447 1.4015926 257
1743004606174 1.3994417 258
1743004606901 1.3849735 259
1743004607630 1.3840961 260
1743004608357 1.4088434 261
1743004609086 1.4166362 262
1743004609813 1.4095156 263
1743004610558 1.4018377 264
1743004611298 1.3940346 265
1743004612050 1.3844781 266
1743004612775 1.3713522 267
1743004613528 1.3672216 268
1743004614257 1.3822508 269
1743004614988 1.3997009 270
1743004615713 1.418674 271
1743004616442 1.4204597 272
1743004617169 1.4031446 273
1743004617900 1.403821 274
1743004618632 1.4056499 275
1743004619372 1.3996451 276
1743004620106 1.3926246 277
1743004620842 1.3836749 278
1743004621578 1.3767064 279
1743004622313 1.3679161 280
1743004623041 1.3752551 281
1743004623777 1.3681647 282
1743004624504 1.3631 283
1743004625241 1.355365 284
1743004625976 1.3406429 285
1743004626706 1.3493648 286
1743004627438 1.3551288 287
1743004628178 1.3776143 288
1743004628910 1.3689796 289
1743004629648 1.3775809 290
1743004630375 1.4067312 291
1743004631113 1.4364908 292
1743004631847 1.4470794 293
1743004632586 1.4592009 294
1743004633319 1.457992 295
1743004634055 1.4300184 296
1743004634791 1.4169481 297
1743004635521 1.4017036 298
1743004636256 1.3954775 299
1743004637081 1.3857257 300
1743004637813 1.3768153 301
1743004638543 1.3761182 302
1743004639284 1.3732663 303
1743004640014 1.3656739 304
1743004640747 1.3663335 305
1743004641491 1.3734 306
1743004642228 1.3917817 307
1743004642959 1.3996401 308
1743004643710 1.4189196 309
1743004644441 1.4392796 310
1743004645172 1.4583111 311
1743004645900 1.4421023 312
1743004646627 1.4240128 313
1743004647356 1.4157062 314
1743004648092 1.4085641 315
1743004648823 1.408608 316
1743004649552 1.3969125 317
1743004650278 1.3793504 318
1743004651005 1.3674184 319
1743004651738 1.3765888 320
1743004652477 1.3878659 321
1743004653203 1.3955082 322
1743004653937 1.4122429 323
1743004654672 1.4271605 324
1743004655404 1.4379778 325
1743004656139 1.4297214 326
1743004656873 1.4259503 327
1743004657610 1.4162666 328
1743004658342 1.4020745 329
1743004659074 1.3967681 330
1743004659811 1.3911318 331
1743004660548 1.3785768 332
1743004661278 1.3669088 333
1743004662008 1.3946083 334
1743004662741 1.4237661 335
1743004663481 1.4440794 336
1743004664220 1.4449502 337
1743004664955 1.4514213 338
1743004665698 1.4570893 339
1743004666424 1.4591897 340
1743004667149 1.4473691 341
1743004667901 1.4315392 342
1743004668633 1.4143085 343
1743004669363 1.40084 344
1743004670092 1.3901155 345
1743004670820 1.37976 346
1743004671550 1.3809197 347
1743004672274 1.3858669 348
1743004673007 1.3943195 349
1743004673738 1.4004962 350
1743004674470 1.4000354 351
1743004675200 1.3976964 352
1743004675932 1.3898401 353
1743004676655 1.3860424 354
1743004677381 1.3668063 355
1743004678110 1.3596277 356
1743004678838 1.3576572 357
1743004679568 1.3538592 358
1743004680306 1.3500562 359
1743004681032 1.3553348 360
1743004681761 1.3563365 361
1743004682489 1.3704627 362
1743004683215 1.3806105 363
1743004683946 1.3802152 364
1743004684679 1.3782378 365
1743004685405 1.3953443 366
1743004686147 1.4166013 367
1743004686877 1.4140475 368
1743004687610 1.4131609 369
1743004688348 1.4188812 370
1743004689076 1.4050608 371
1743004689808 1.389385 372
1743004690538 1.3724306 373
1743004691270 1.358954 374
1743004692036 1.3571846 375
1743004692772 1.3489021 376
1743004693530 1.3324759 377
1743004694469 1.3237172 378
1743004695355 1.3090832 379
1743004696285 1.3020177 380
1743004697176 1.3019316 381
1743004698007 1.2972823 382
1743004698790 1.3003513 383
1743004699543 1.3198249 384
1743004700299 1.3325739 385
1743004701060 1.3292747 386
1743004701814 1.3337561 387
1743004702621 1.3289628 388
1743004703403 1.3399327 389
1743004704197 1.3631287 390
1743004704957 1.368482 391
1743004705714 1.3495365 392
1743004706463 1.3420751 393
1743004707205 1.3405876 394
1743004707953 1.3836564 395
1743004708782 1.4118634 396
1743004709550 1.419586 397
1743004710330 1.4124427 398
1743004711100 1.3985305 399
1743004711956 1.4132458 400
1743004712718 1.4038379 401
1743004713470 1.3904355 402
1743004714231 1.4002012 403
1743004714995 1.4197913 404
1743004715768 1.4315579 405
1743004716556 1.4349494 406
1743004717324 1.4185728 407
1743004718079 1.4002831 408
1743004718815 1.381288 409
1743004719565 1.366627 410
1743004720301 1.3582948 411
1743004721049 1.3553628 412
1743004721787 1.347197 413
1743004722524 1.3748038 414
1743004723275 1.3896966 415
1743004724014 1.3830192 416
1743004724746 1.3826706 417
1743004725491 1.3854964 418
1743004726274 1.3930116 419
1743004727024 1.3938484 420
1743004727773 1.3916581 421
1743004728517 1.3962889 422
1743004729271 1.406069 423
1743004730011 1.4150919 424
1743004730760 1.406499 425
1743004731508 1.3848832 426
1743004732261 1.3611579 427
1743004733023 1.3386797 428
1743004733756 1.325319 429
1743004734486 1.3180978 430
1743004735215 1.3094485 431
1743004735946 1.31076 432
1743004736678 1.3222662 433
1743004737407 1.3245981 434
1743004738133 1.3296679 435
1743004738864 1.3288307 436
1743004739587 1.3333459 437
1743004740325 1.3329868 438
1743004741079 1.4217241 439
1743004741810 1.3977423 440
1743004742533 1.3805013 441
1743004743263 1.3640023 442
1743004744000 1.3814266 443
1743004744753 1.3896914 444
1743004745488 1.3792045 445
1743004746219 1.358408 446
1743004746947 1.3384048 447
1743004747693 1.3418009 448
1743004748420 1.3687904 449
1743004749167 1.3498901 450
1743004749897 1.344339 451
1743004750635 1.3466227 452
1743004751387 1.3625021 453
1743004752116 1.3593984 454
1743004752875 1.3609076 455
1743004753615 1.3534241 456
1743004754347 1.3474932 457
1743004755081 1.3561339 458
1743004755831 1.3860948 459
1743004756583 1.3951889 460
1743004757335 1.3720825 461
1743004758116 1.3443153 462
1743004758868 1.3058686 463
1743004759612 1.3789356 464
1743004760340 1.3686125 465
1743004761066 1.3951734 466
1743004761795 1.4179249 467
1743004762526 1.4134054 468
1743004763255 1.4128056 469
1743004763986 1.4025503 470
1743004764728 1.396625 471
1743004765462 1.3919308 472
1743004766195 1.3886628 473
1743004766924 1.3965967 474
1743004767660 1.3950189 475
1743004768388 1.3853176 476
1743004769118 1.384167 477
1743004769854 1.3836157 478
1743004770596 1.378234 479
1743004771331 1.3758382 480
1743004772069 1.391995 481
1743004772820 1.4065413 482
1743004773555 1.4092205 483
1743004774284 1.3929982 484
1743004775010 1.3839436 485
1743004775740 1.3704255 486
1743004776469 1.3682082 487
1743004777205 1.3754475 488
1743004777936 1.3671534 489
1743004778671 1.3635616 490
1743004779405 1.379519 491
1743004780137 1.3776531 492
1743004780863 1.3932816 493
1743004781603 1.4052408 494
1743004782340 1.4210875 495
1743004783073 1.3944632 496
1743004783807 1.420453 497
1743004784548 1.4195733 498
1743004785278 1.4155843 499
1743004786102 1.3957044 500
1743004786845 1.366972 501
1743004787584 1.3675615 502
1743004788326 1.379669 503
1743004789083 1.4396828 504
1743004789815 1.4522566 505
1743004790553 1.411599 506
1743004791291 1.3888845 507
1743004792034 1.3686519 508
1743004792768 1.3635197 509
1743004793529 1.3678162 510
1743004794266 1.3576977 511
1743004795006 1.3405823 512
1743004795743 1.3326547 513
1743004796482 1.327855 514
1743004797239 1.3506106 515
1743004797967 1.4011984 516
1743004798694 1.4003057 517
1743004799435 1.3879743 518
1743004800182 1.3728349 519
1743004800926 1.4149318 520
1743004801669 1.4030095 521
1743004802421 1.404557 522
1743004803182 1.3582509 523
1743004803945 1.326014 524
1743004804700 1.3114502 525
1743004805448 1.2774467 526
1743004806196 1.2629063 527
1743004806940 1.2822437 528
1743004807679 1.355458 529
1743004808424 1.3521636 530
1743004809180 1.3415251 531
1743004809924 1.3804958 532
1743004810660 1.3951459 533
1743004811397 1.4432096 534
1743004812132 1.4056761 535
1743004812891 1.3944495 536
1743004813624 1.381881 537
1743004814374 1.3679348 538
1743004815124 1.3481855 539
1743004815866 1.3295467 540
1743004816617 1.3258889 541
1743004817375 1.325422 542
1743004818141 1.3356588 543
1743004818889 1.3396273 544
1743004819643 1.3465371 545
1743004820390 1.3535782 546
1743004821143 1.3691328 547
1743004821883 1.4035547 548
1743004822614 1.3819567 549
1743004823346 1.3543886 550
1743004824102 1.2996211 551
1743004824855 1.2278795 552
1743004825601 1.1760371 553
1743004826339 1.1978114 554
1743004827074 1.2267082 555
1743004827822 1.2307644 556
1743004828563 1.3009098 557
1743004829298 1.3070216 558
1743004830026 1.3257508 559
1743004830763 1.2891935 560
1743004831503 1.2839031 561
1743004832231 1.3135185 562
1743004832960 1.3692354 563
1743004833688 1.3690729 564
1743004834421 1.363759 565
1743004835151 1.382093 566
1743004835875 1.3475635 567
1743004836610 1.3051958 568
1743004837352 1.2485719 569
1743004838076 1.1983442 570
1743004838817 1.1862191 571
1743004839551 1.3003802 572
1743004840297 1.400553 573
1743004841664 1.4178272 0
1743004842391 1.3694676 1
1743004843122 1.3137307 2
1743004843850 1.2623405 3
1743004844575 1.3296374 4
1743004845304 1.30263 5
1743004846026 1.3538392 6
1743004846754 1.4784892 7
1743004847483 1.4717904 8
1743004848207 1.4404802 9
1743004848929 1.3823214 10
1743004849655 1.3150256 11
1743004850383 1.2565668 12
1743004851110 1.222746 13
1743004851834 1.2670865 14
1743004852561 1.2492081 15
1743004853293 1.2639885 16
1743004854021 1.2965411 17
1743004854744 1.281754 18
1743004855469 1.2970375 19
1743004856205 1.3000355 20
1743004856932 1.2949176 21
1743004857677 1.2416122 22
1743004858433 1.2338041 23
1743004859175 1.2480203 24
1743004859920 1.2362046 25
1743004860764 1.2332659 26
1743004861499 1.3976324 27
1743004862232 1.5184104 28
1743004862963 1.5519321 29
1743004863692 1.5304245 30
1743004864425 1.5013956 31
1743004865149 1.4590394 32
1743004865880 1.4200287 33
1743004866617 1.4016706 34
1743004867340 1.3948615 35
1743004868068 1.3589084 36
1743004868797 1.333684 37
1743004869527 1.3027647 38
1743004870257 1.3033237 39
1743004871004 1.3599871 40
1743004871760 1.4574854 41
1743004872528 1.480336 42
1743004873257 1.422395 43
1743004873982 1.3805248 44
1743004874712 1.3542528 45
1743004875440 1.3233132 46
1743004876162 1.3138874 47
1743004876898 1.2830822 48
1743004877637 1.2375965 49
1743004878386 1.176805 50
1743004879220 1.1887114 51
1743004879998 1.2851472 52
1743004880788 1.5174658 53
1743004881735 1.430372 54
1743004882520 1.3262247 55
1743004883251 1.2523026 56
1743004883988 1.2299452 57
1743004884719 1.2961915 58
1743004885454 1.2791235 59
1743004886190 1.3334682 60
1743004886934 1.3535597 61
1743004887668 1.2974389 62
1743004888401 1.3189793 63
1743004889134 1.3831577 64
1743004889876 1.4021333 65
1743004890628 1.3429117 66
1743004891389 1.3148558 67
1743004892125 1.2949052 68
1743004892862 1.306855 69
1743004893607 1.3256704 70
1743004894332 1.2822963 71
1743004895071 1.2560422 72
1743004895811 1.2824762 73
1743004896551 1.3329593 74
1743004897288 1.3294592 75
1743004898024 1.311862 76
1743004898768 1.2971535 77
1743004899511 1.2587705 78
1743004900242 1.2540522 79
1743004900975 1.2451956 80
1743004901708 1.2166941 81
1743004902440 1.2476726 82
1743004903166 1.418683 83
1743004903898 1.3590893 84
1743004904627 1.4131136 85
1743004905362 1.3822019 86
1743004906095 1.3626167 87
1743004906830 1.3646593 88
1743004907566 1.3774546 89
1743004908305 1.4141189 90
1743004909053 1.3989682 91
1743004909787 1.3839445 92
1743004910518 1.3920928 93
1743004911256 1.4336787 94
1743004911994 1.401875 95
1743004912727 1.3191069 96
1743004913472 1.2344854 97
1743004914207 1.2226622 98
1743004914944 1.2463111 99
1743004915674 1.3054968 100
1743004916407 1.3005904 101
1743004917142 1.2588253 102
1743004917879 1.2261666 103
1743004918617 1.2439849 104
1743004919349 1.2691101 105
1743004920087 1.3847542 106
1743004920824 1.3376665 107
1743004921559 1.2968144 108
1743004922303 1.3412623 109
1743004923048 1.5254664 110
1743004923786 1.5170774 111
1743004924524 1.4087865 112
1743004925273 1.2989631 113
1743004926014 1.2235708 114
1743004926765 1.1748772 115
1743004927513 1.1339093 116
1743004928247 1.1526265 117
1743004928980 1.1338487 118
1743004929719 1.1057305 119
1743004930457 1.0955545 120
1743004931194 1.2125642 121
1743004931931 1.1612253 122
1743004932665 1.1595249 123
1743004933397 1.1854622 124
1743004934125 1.201534 125
1743004934945 1.1904054 126
1743004935677 1.1946347 127
1743004936415 1.1833858 128
1743004937143 1.1511385 129
1743004937875 1.1416583 130
1743004938606 1.1717134 131
1743004939345 1.1352885 132
1743004940083 1.1266407 133
1743004940825 1.1924586 134
1743004941563 1.2285836 135
1743004942313 1.3103805 136
1743004943050 1.3502243 137
1743004943797 1.2447572 138
1743004944533 1.1665635 139
1743004945268 1.194763 140
1743004946008 1.2485878 141
1743004946744 1.2946117 142
1743004947484 1.2934933 143
1743004948217 1.2729838 144
1743004948952 1.2324104 145
1743004949694 1.1948589 146
1743004950444 1.1473825 147
1743004951184 1.1349318 148
1743004951919 1.1689373 149
1743004952662 1.1729413 150
1743004953399 1.3507729 151
1743004954137 1.3795452 152
1743004954884 1.3152617 153
1743004955630 1.2963442 154
1743004956378 1.212306 155
1743004957117 1.1137787 156
1743004957856 1.044579 157
1743004958596 0.9685759 158
1743004959329 0.9464071 159
1743004960063 0.96644557 160
1743004960794 1.0131543 161
1743004961529 0.9726672 162
1743004962264 0.9875798 163
1743004962996 1.1953747 164
1743004963729 1.1358118 165
1743004964464 1.0678723 166
1743004965197 1.1645806 167
1743004965934 1.2403407 168
1743004966667 1.2644804 169
1743004967405 1.2962 170
1743004968132 1.25787 171
1743004968869 1.279345 172
1743004969608 1.3940976 173
1743004970342 1.4832017 174
1743004971077 1.3583717 175
1743004971815 1.2225976 176
1743004972548 1.1530316 177
1743004973287 1.104849 178
1743004974020 1.1969793 179
1743004974760 1.2288599 180
1743004975489 1.5436094 181
1743004976219 1.4771941 182
1743004976958 1.280945 183
1743004977704 1.1802821 184
1743004978438 1.1771175 185
1743004979168 1.155643 186
1743004979905 1.1156983 187
1743004980639 1.2236155 188
1743004981375 1.2856662 189
1743004982110 1.2978761 190
1743004982850 1.4049618 191
1743004983582 1.4432428 192
1743004984317 1.3214356 193
1743004985067 1.212343 194
1743004985809 1.1061162 195
1743004986543 1.0427144 196
1743004987279 1.0149174 197
1743004988016 0.99625564 198
1743004988752 0.99406254 199
1743004989493 1.0753882 200
1743004990226 1.1680282 201
1743004990962 1.2505726 202
1743004991690 1.4008052 203
1743004992438 1.4163448 204
1743004993168 1.3619021 205
1743004993903 1.2457125 206
1743004994630 1.1532779 207
1743004995366 1.2334007 208
1743004996102 1.1390866 209
1743004996837 1.265134 210
1743004997574 1.1813216 211
1743004998313 1.0977794 212
1743004999044 1.020086 213
1743004999780 1.0235176 214
1743005000510 1.0097905 215
1743005001248 0.98970056 216
1743005001988 1.0369409 217
1743005002725 1.0391823 218
1743005003467 1.04062 219
1743005004206 0.98685145 220
1743005004936 0.93174255 221
1743005005671 0.85884774 222
1743005006408 0.810184 223
1743005007141 0.76319563 224
1743005007885 0.7710444 225
1743005008711 1.0110155 226
1743005009448 1.0669359 227
1743005010186 1.1067033 228
1743005010933 1.0424384 229
1743005011690 0.98726225 230
1743005012428 0.96320593 231
1743005013167 1.1516314 232
1743005013906 1.1379964 233
1743005014647 1.074872 234
1743005015387 0.99157584 235
1743005016135 1.071281 236
1743005016871 1.1906586 237
1743005017603 1.2011768 238
1743005018338 1.1682076 239
1743005019074 1.1871349 240
1743005019801 1.206787 241
1743005020537 1.1734679 242
1743005021278 1.1853724 243
1743005022034 1.0837404 244
1743005022789 0.90520227 245
1743005023549 0.8289089 246
1743005024316 0.9346551 247
1743005025065 0.9802846 248
1743005025852 0.98830855 249
1743005026643 0.87738836 250
1743005027423 1.134579 251
1743005028168 1.2623173 252
1743005028936 1.2036868 253
1743005029668 1.1691768 254
1743005030419 1.1571949 255
1743005031177 1.1747578 256
1743005031932 1.0845715 257
1743005032704 1.0460829 258
1743005033480 1.0922728 259
1743005034229 1.0401318 260
1743005034987 0.93314683 261
1743005035751 0.88243544 262
1743005036518 0.84247285 263
1743005037264 0.85117894 264
1743005038027 0.77847385 265
1743005038773 0.7930261 266
1743005039510 0.8373941 267
1743005040257 1.1009579 268
1743005040991 1.1910243 269
1743005041754 1.245307 270
1743005042521 1.1407497 271
1743005043275 1.1239309 272
1743005044028 1.0829219 273
1743005044768 1.1484334 274
1743005045497 1.2994651 275
1743005046249 1.2809764 276
1743005046992 1.2906754 277
1743005047758 1.0942706 278
1743005048502 0.98337305 279
1743005049241 0.97948265 280
1743005049999 1.0958045 281
1743005050746 1.3603921 282
1743005051489 1.3416555 283
1743005052255 1.2954398 284
1743005052993 1.308097 285
1743005053738 1.2023425 286
1743005054473 1.0855601 287
1743005055208 1.0193102 288
1743005055943 0.9906777 289
1743005056678 0.9840995 290
1743005057424 0.9996195 291
1743005058180 0.9734946 292
1743005058937 0.9195216 293
1743005059683 1.1279904 294
1743005060428 1.4309733 295
1743005061199 1.3850288 296
1743005061971 1.3689097 297
1743005062734 1.3599586 298
1743005063494 1.2418694 299
1743005064227 1.0525703 300
1743005064962 0.86529726 301
1743005065707 0.78937316 302
1743005066441 0.80336225 303
1743005067192 0.82610905 304
1743005067919 0.8285364 305
1743005068660 0.8591637 306
1743005069396 0.79724145 307
1743005070156 0.83708096 308
1743005070905 0.8768821 309
1743005071661 1.095294 310
1743005072418 1.2247025 311
1743005073169 1.2127157 312
1743005073905 1.0816487 313
1743005074664 0.9879354 314
1743005075420 0.95280695 315
1743005076173 1.0292485 316
1743005076929 1.0641972 317
1743005077691 1.1116449 318
1743005078448 1.0424381 319
1743005079231 0.93544006 320
1743005079992 0.8484622 321
1743005080761 0.8016439 322
1743005081532 0.77310705 323
1743005082303 0.7781248 324
1743005083056 0.73223317 325
1743005083952 0.7664481 326
1743005084721 0.7895956 327
1743005085527 0.8198862 328
1743005086282 0.8229323 329
1743005087030 0.7931397 330
1743005087764 0.8562614 331
1743005088502 0.8861859 332
1743005089245 0.9858272 333
1743005089983 1.0336924 334
1743005090740 1.0547754 335
1743005091525 0.79895943 336
1743005092256 0.73796433 337
1743005092995 0.71473914 338
1743005093744 0.7750258 339
1743005094492 0.8548273 340
1743005095236 0.8683393 341
1743005095976 0.80872846 342
1743005096709 0.7079812 343
1743005097491 0.65530807 344
1743005098241 0.59643745 345
1743005098978 0.55788636 346
1743005099715 0.53076446 347
1743005100454 0.52764463 348
1743005101190 0.55238664 349
1743005101937 0.6569072 350
1743005102677 0.8160975 351
1743005103418 0.8480673 352
1743005104162 0.88265264 353
1743005104899 0.8202226 354
1743005105632 0.73304695 355
1743005106370 0.682088 356
1743005107105 0.6805607 357
1743005107841 0.7315453 358
1743005108601 0.776424 359
1743005109351 0.9598574 360
1743005110090 1.1222857 361
1743005110824 1.0605843 362
1743005111561 1.006875 363
1743005112297 0.88447845 364
1743005113034 0.857504 365
1743005113765 0.80951476 366
1743005114500 0.74794245 367
1743005115235 0.6685499 368
1743005115972 0.6400113 369
1743005116708 0.8471574 370
1743005117442 0.94642943 371
1743005118176 1.1076344 372
1743005118908 1.0793004 373
1743005119649 1.0106196 374
1743005120382 0.86541164 375
1743005121115 0.9856841 376
1743005121852 1.1575823 377
1743005122598 1.1511972 378
1743005123337 1.0440454 379
1743005124076 0.89818007 380
1743005124814 0.8997335 381
1743005125555 0.80216175 382
1743005126283 0.7982987 383
1743005127023 0.78937197 384
1743005127755 0.6879934 385
1743005128490 0.6736171 386
1743005129218 0.7134753 387
1743005129971 0.73541 388
1743005130712 0.8822394 389
1743005131456 0.92826116 390
1743005132188 1.1027327 391
1743005132929 0.9977305 392
1743005133664 0.90033114 393
1743005134397 0.83110625 394
1743005135130 0.7895551 395
1743005135867 0.74175894 396
1743005136600 0.69709945 397
1743005137341 0.6877279 398
1743005138081 0.7006333 399
1743005138818 0.7158828 400
1743005139558 0.6847894 401
1743005140299 0.6927618 402
1743005141041 0.6968185 403
1743005141781 0.655455 404
1743005142520 0.69603 405
1743005143255 0.7393738 406
1743005143995 0.99213994 407
1743005144727 1.2721894 408
1743005145460 1.6192286 409
1743005146203 1.6168768 410
1743005146946 1.3198025 411
1743005147686 1.0904865 412
1743005148423 0.9503734 413
1743005149161 0.84284234 414
1743005149899 0.8301116 415
1743005150633 0.862949 416
1743005151367 1.0834522 417
1743005152108 1.1542789 418
1743005152842 1.1904979 419
1743005153590 0.96414685 420
1743005154325 0.7703935 421
1743005155064 0.6652175 422
1743005155800 0.6636692 423
1743005156535 0.6940515 424
1743005157279 0.78140426 425
1743005158104 0.9456684 426
1743005158925 1.0348437 427
1743005159661 1.0028615 428
1743005160399 1.1775029 429
1743005161135 1.5039814 430
1743005161872 1.4513433 431
1743005162608 1.3147607 432
1743005163341 1.0183209 433
1743005164077 0.93468964 434
1743005164809 0.9260458 435
1743005165549 0.8314324 436
1743005166282 0.6996605 437
1743005167020 0.6399181 438
1743005167766 0.6758512 439
1743005168510 0.6560508 440
1743005169246 0.6131537 441
1743005169985 0.55946124 442
1743005170718 0.5011797 443
1743005171456 0.47430706 444
1743005172196 0.48042578 445
1743005172936 0.4978189 446
1743005173680 0.48756862 447
1743005174417 0.5244585 448
1743005175162 0.5957381 449
1743005175908 0.5679765 450
1743005176643 0.5507239 451
1743005177370 0.5202396 452
1743005178107 0.5146302 453
1743005178851 0.48242274 454
1743005179592 0.44884443 455
1743005180330 0.41880685 456
1743005181082 0.39742503 457
1743005181813 0.42664963 458
1743005182551 0.46057928 459
1743005183290 0.4808772 460
1743005184032 0.51864326 461
1743005184772 0.50848997 462
1743005185504 0.48451382 463
1743005186240 0.48335722 464
1743005187002 0.4446866 465
1743005187738 0.5953394 466
1743005188479 0.5389265 467
1743005189213 0.6336125 468
1743005189942 0.6052178 469
1743005190675 0.6262559 470
1743005191414 0.69092965 471
1743005192147 0.8491594 472
1743005192877 0.8423239 473
1743005193608 0.8840797 474
1743005194332 0.81993985 475
1743005195064 0.67781186 476
1743005195798 0.9385234 477
1743005196537 0.847255 478
1743005197266 0.72234774 479
1743005198002 0.8640892 480
1743005198730 1.0377777 481
1743005199465 1.4722265 482
1743005200200 1.4045733 483
1743005200933 1.2808793 484
1743005201669 1.0972228 485
1743005202401 1.0441649 486
1743005203132 0.9434757 487
1743005203867 0.9403688 488
1743005204602 0.8561095 489
1743005205335 0.77310956 490
1743005206069 0.68736553 491
1743005206801 0.63298607 492
1743005207535 0.6044415 493
1743005208274 0.67539763 494
1743005209006 0.83024 495
1743005209736 0.933987 496
1743005210463 0.8689945 497
1743005211186 0.7691603 498
1743005211921 0.7345753 499
1743005212650 0.80491483 500
1743005213385 1.156591 501
1743005214114 1.2647986 502
1743005214840 1.3025441 503
1743005215571 1.1743867 504
1743005216300 1.0558217 505
1743005217031 0.9082289 506
1743005217764 0.7706867 507
1743005218493 0.6972672 508
1743005219226 0.65690863 509
1743005219957 0.6524335 510
1743005220695 0.67366827 511
1743005221430 0.69608736 512
1743005222178 0.7545593 513
1743005222907 0.6845125 514
1743005223641 0.7444167 515
1743005224379 0.6912637 516
1743005225113 1.0018511 517
1743005225851 1.0026609 518
1743005226588 0.96380305 519
1743005227323 0.78514165 520
1743005228062 0.8605505 521
1743005228799 0.84597206 522
1743005229536 0.82533467 523
1743005230268 0.76016575 524
1743005231001 0.8001909 525
1743005231824 0.7754265 526
1743005232553 0.79947007 527
1743005233286 0.7935506 528
1743005234020 0.94003534 529
1743005234755 0.79658985 530
1743005235490 0.62936217 531
1743005236215 0.56407535 532
1743005236954 0.552845 533
1743005237691 0.5436306 534
1743005238416 0.706177 535
1743005239146 0.73122466 536
1743005239883 0.67085755 537
1743005240616 0.7614926 538
1743005241346 0.81733465 539
1743005242083 0.7672026 540
1743005242820 0.8258139 541
1743005243556 0.95284617 542
1743005244285 0.98022777 543
1743005245014 1.1492836 544
1743005245748 1.0984063 545
1743005246487 0.9614003 546
1743005247215 0.88447124 547
1743005247945 0.836302 548
1743005248680 0.74022365 549
1743005249411 0.71758175 550
1743005250147 0.8035571 551
1743005250885 0.83683276 552
1743005251616 0.8633128 553
1743005252345 0.7067254 554
1743005253077 0.6532332 555
1743005253811 0.75435054 556
1743005254539 0.82810223 557
1743005255269 0.8163183 558
1743005256002 0.72186816 559
1743005256748 0.69157946 560
1743005257474 0.60491043 561
1743005258209 0.52936834 562
1743005258946 0.5046427 563
1743005259675 0.49105915 564
1743005260410 0.59621596 565
1743005261145 0.5702782 566
1743005261947 0.5394008 567
1743005262700 0.49827272 568
1743005263527 0.4853636 569
1743005264347 0.5549756 570
1743005265166 0.56427383 571
1743005265919 0.51527584 572
1743005266650 0.49233472 573
1743005268037 0.46513364 0
1743005268775 0.4586327 1
1743005269517 0.45284027 2
1743005270244 0.44060594 3
1743005270976 0.44959486 4
1743005271712 0.56528306 5
1743005272442 0.54868805 6
1743005273178 0.54787266 7
1743005273926 0.52284074 8
1743005274666 0.46843034 9
1743005275401 0.4789111 10
1743005276135 0.42916352 11
1743005276877 0.39312595 12
1743005277611 0.50071436 13
1743005278341 0.6813452 14
1743005279071 0.6457139 15
1743005279807 0.63970345 16
1743005280553 0.5762195 17
1743005281281 0.58902156 18
1743005282018 0.5847119 19
1743005282750 0.5758146 20
1743005283489 0.46651408 21
1743005284222 0.4451661 22
1743005284949 0.44418818 23
1743005285678 0.45327738 24
1743005286413 0.4220385 25
1743005287143 0.44744238 26
1743005287877 0.4746899 27
1743005288611 0.55341446 28
1743005289346 1.2347516 29
1743005290073 1.4619294 30
1743005290822 0.8701186 31
1743005291556 0.6943618 32
1743005292289 0.6665634 33
1743005293013 0.661592 34
1743005293746 0.768572 35
1743005294485 0.70384514 36
1743005295232 0.7133888 37
1743005295985 0.73923576 38
1743005296724 0.8069569 39
1743005297481 1.0166132 40
1743005298334 0.9631442 41
1743005299110 0.797988 42
1743005299901 0.6408404 43
1743005300707 0.5997999 44
1743005301464 0.6453196 45
1743005302199 0.7515999 46
1743005302939 0.6925203 47
1743005303686 0.5619451 48
1743005304419 0.41380483 49
1743005305166 0.37760293 50
1743005305921 0.41645974 51
1743005306761 0.42643043 52
1743005307522 0.41542447 53
1743005308281 0.4107985 54
1743005309041 0.4570981 55
1743005309780 0.42366695 56
1743005310515 0.38830522 57
1743005311252 0.3750486 58
1743005311985 0.4293519 59
1743005312717 0.51699823 60
1743005313449 0.80263674 61
1743005314184 0.91417146 62
1743005314916 1.3157035 63
1743005315647 1.6549547 64
1743005316382 1.2507731 65
1743005317119 0.85293883 66
1743005317850 0.7766447 67
1743005318583 0.6992289 68
1743005319316 0.6029274 69
1743005320050 0.5688533 70
1743005320788 0.56337404 71
1743005321524 0.5808592 72
1743005322260 0.61343205 73
1743005323001 0.76040787 74
1743005323749 0.84498024 75
1743005324485 1.0926483 76
1743005325219 1.1274353 77
1743005325953 1.1506994 78
1743005326694 1.0537865 79
1743005327428 0.8178737 80
1743005328165 0.71587694 81
1743005328897 0.7101994 82
1743005329652 0.618539 83
1743005330396 0.5641207 84
1743005331137 0.5392412 85
1743005331876 0.749243 86
1743005332620 0.789387 87
1743005333360 0.58205795 88
1743005334105 0.53458595 89
1743005334840 0.51956135 90
1743005335576 0.5731982 91
1743005336316 0.59051037 92
1743005337048 0.58671117 93
1743005337788 0.54074585 94
1743005338522 0.48486847 95
1743005339264 0.40863144 96
1743005340001 0.39881647 97
1743005340740 0.3721773 98
1743005341492 0.3544914 99
1743005342219 0.35228094 100
1743005342950 0.34502935 101
1743005343683 0.31531474 102
1743005344416 0.32442188 103
1743005345145 0.31063688 104
1743005345872 0.2937172 105
1743005346594 0.2845312 106
1743005347323 0.3148033 107
1743005348061 0.31212866 108
1743005348787 0.30292377 109
1743005349510 0.34188992 110
1743005350239 0.31860262 111
1743005350966 0.31193066 112
1743005351697 0.3174436 113
1743005352422 0.28156003 114
1743005353151 0.29393196 115
1743005353879 0.32308346 116
1743005354606 0.37029475 117
1743005355336 0.5818025 118
1743005356061 0.5649706 119
1743005356791 0.51398873 120
1743005357524 0.56283224 121
1743005358252 0.51513076 122
1743005358985 0.5095183 123
1743005359716 0.42830417 124
1743005360443 0.5335666 125
1743005361168 0.67265034 126
1743005361903 0.70725167 127
1743005362643 0.73826474 128
1743005363383 1.0428259 129
1743005364108 1.0770608 130
1743005364840 0.98069906 131
1743005365570 0.6931834 132
1743005366302 0.60265017 133
1743005367035 0.59808564 134
1743005367771 0.6458896 135
1743005368495 0.65077937 136
1743005369221 0.6414825 137
1743005369960 0.59419227 138
1743005370697 0.5269195 139
1743005371431 0.5229572 140
1743005372160 0.47624934 141
1743005372896 0.47176751 142
1743005373628 0.54568326 143
1743005374360 0.5793279 144
1743005375093 0.6205237 145
1743005375826 0.5789237 146
1743005376556 0.51115304 147
1743005377287 0.4496793 148
1743005378018 0.4710913 149
1743005378747 0.51017374 150
1743005379473 0.75734353 151
1743005380297 0.89994943 152
1743005381034 0.70629394 153
1743005381767 0.6166799 154
1743005382504 0.5898385 155
1743005383242 0.5429779 156
1743005383978 0.49512863 157
1743005384708 0.4802652 158
1743005385438 0.4835404 159
1743005386169 0.47960937 160
1743005386905 0.49977025 161
1743005387636 0.4764859 162
1743005388387 0.4919802 163
1743005389123 0.4659276 164
1743005389848 0.48875028 165
1743005390592 0.4987585 166
1743005391345 0.5117419 167
1743005392082 0.47211006 168
1743005392816 0.530436 169
1743005393555 0.5554093 170
1743005394285 0.6114363 171
1743005395025 0.68809175 172
1743005395766 0.7447792 173
1743005396495 0.72474104 174
1743005397229 0.575083 175
1743005397973 0.44691014 176
1743005398706 0.44921 177
1743005399442 0.43500167 178
1743005400181 0.48913276 179
1743005400920 0.5584547 180
1743005401651 0.58949417 181
1743005402383 0.6786431 182
1743005403112 0.51907647 183
1743005403841 0.35388955 184
1743005404573 0.30230963 185
1743005405305 0.30085468 186
1743005406042 0.54520404 187
1743005406774 0.83440113 188
1743005407506 0.6547899 189
1743005408231 0.5198933 190
1743005408963 0.4668543 191
1743005409689 0.46831816 192
1743005410427 0.44406945 193
1743005411159 0.48293447 194
1743005411893 0.47266692 195
1743005412625 0.42876947 196
1743005413362 0.4790594 197
1743005414088 0.48497736 198
1743005414815 0.5712924 199
1743005415547 0.53164864 200
1743005416279 0.4743498 201
1743005417011 0.66910505 202
1743005417740 0.66485655 203
1743005418472 0.569922 204
1743005419207 0.48074478 205
1743005419938 0.50461495 206
1743005420674 0.48709458 207
1743005421409 0.41537806 208
1743005422144 0.42017213 209
1743005422891 0.49169806 210
1743005423633 0.45240587 211
1743005424368 0.419995 212
1743005425098 0.4156844 213
1743005425837 0.36542886 214
1743005426568 0.40246677 215
1743005427298 0.45164174 216
1743005428036 0.51089525 217
1743005428770 0.52747184 218
1743005429508 0.63811123 219
1743005430252 0.706371 220
1743005430977 0.80893004 221
1743005431700 0.7634904 222
1743005432428 0.7178648 223
1743005433159 0.6149129 224
1743005433886 0.4813699 225
1743005434620 0.4265629 226
1743005435355 0.43210346 227
1743005436085 0.5092705 228
1743005436809 0.6197436 229
1743005437538 0.5840422 230
1743005438270 0.58944553 231
1743005439007 0.5794112 232
1743005439737 0.560009 233
1743005440471 0.48616785 234
1743005441211 0.4551613 235
1743005441946 0.5023341 236
1743005442684 0.45456374 237
1743005443425 0.41771185 238
1743005444161 0.43666726 239
1743005444894 0.4203868 240
1743005445625 0.40234995 241
1743005446361 0.40968823 242
1743005447101 0.44960594 243
1743005447841 0.46793503 244
1743005448579 0.5680245 245
1743005449310 0.55367863 246
1743005450046 0.7589816 247
1743005450780 0.6276045 248
1743005451520 0.7179981 249
1743005452259 0.6810543 250
1743005452996 0.52872103 251
1743005453836 0.4539301 252
1743005454577 0.42768723 253
1743005455311 0.50381917 254
1743005456043 0.58346236 255
1743005456790 0.7378577 256
1743005457529 0.692369 257
1743005458272 0.5851817 258
1743005459006 0.4968597 259
1743005459743 0.51143783 260
1743005460488 0.5288986 261
1743005461223 0.4875487 262
1743005461962 0.54006994 263
1743005462700 0.48857722 264
1743005463446 0.44374502 265
1743005464208 0.41597566 266
1743005464938 0.3730645 267
1743005465675 0.36235866 268
1743005466409 0.33472574 269
1743005467147 0.28711024 270
1743005467876 0.27053383 271
1743005468619 0.3193692 272
1743005469362 0.44008678 273
1743005470096 0.4926775 274
1743005470821 0.48873255 275
1743005471553 0.47928613 276
1743005472283 0.4448781 277
1743005473020 0.41180438 278
1743005473747 0.3703503 279
1743005474475 0.3640495 280
1743005475204 0.33016732 281
1743005475932 0.3292429 282
1743005476660 0.26659292 283
1743005477388 0.28739208 284
1743005478123 0.3190201 285
1743005478850 0.36749023 286
1743005479585 0.33945936 287
1743005480324 0.33244324 288
1743005481102 0.3567121 289
1743005481845 0.2640678 290
1743005482573 0.24543962 291
1743005483305 0.22541007 292
1743005484038 0.22420076 293
1743005484770 0.23186216 294
1743005485504 0.25632608 295
1743005486239 0.3090075 296
1743005486969 0.45652688 297
1743005487708 0.5635382 298
1743005488445 0.50396335 299
1743005489181 0.39587015 300
1743005489915 0.39061722 301
1743005490647 0.5695021 302
1743005491384 0.7383752 303
1743005492122 1.3279922 304
1743005492868 1.7344717 305
1743005493633 1.2197647 306
1743005494361 0.70448136 307
1743005495086 0.6478793 308
1743005495812 0.50869054 309
1743005496539 0.39608973 310
1743005497266 0.3544162 311
1743005497998 0.3528294 312
1743005498725 0.34020364 313
1743005499456 0.3576115 314
1743005500190 0.3518567 315
1743005500918 0.39041802 316
1743005501650 0.37803638 317
1743005502380 0.3810686 318
1743005503118 0.4028715 319
1743005503857 0.41428733 320
1743005504589 0.43499333 321
1743005505323 0.42131567 322
1743005506065 0.44746676 323
1743005506821 0.45966715 324
1743005507551 0.48058525 325
1743005508286 0.5313965 326
1743005509021 0.6428784 327
1743005509755 0.6046701 328
1743005510484 0.5316048 329
1743005511208 0.5048404 330
1743005511938 0.47194824 331
1743005512664 0.41374013 332
1743005513394 0.37702376 333
1743005514125 0.34343874 334
1743005514854 0.34463263 335
1743005515586 0.32763922 336
1743005516315 0.31219158 337
1743005517044 0.4552799 338
1743005517776 0.4856894 339
1743005518512 0.45011532 340
1743005519239 0.45456195 341
1743005519968 0.6016243 342
1743005520705 0.5843823 343
1743005521432 0.61521417 344
1743005522175 0.58648956 345
1743005522914 0.58866894 346
1743005523649 0.5833782 347
1743005524378 0.53615594 348
1743005525117 0.41675538 349
1743005525850 0.41170636 350
1743005526577 0.37907177 351
1743005527399 0.391302 352
1743005528135 0.35448033 353
1743005528869 0.3230117 354
1743005529601 0.32583034 355
1743005530332 0.3422172 356
1743005531065 0.44074976 357
1743005531805 0.4956284 358
1743005532535 0.4344524 359
1743005533273 0.45883495 360
1743005534006 0.40722662 361
1743005534738 0.40019298 362
1743005535471 0.35452315 363
1743005536201 0.34412318 364
1743005536936 0.28874078 365
1743005537666 0.2869317 366
1743005538398 0.24657108 367
1743005539136 0.23392309 368
1743005539874 0.213465 369
1743005540605 0.22331977 370
1743005541338 0.27402425 371
1743005542073 0.33522427 372
1743005542805 0.31560847 373
1743005543539 0.3032637 374
1743005544272 0.32056266 375
1743005545002 0.30974624 376
1743005545732 0.33348662 377
1743005546474 0.38765442 378
1743005547210 0.46567538 379
1743005547949 0.81745374 380
1743005548690 1.0440695 381
1743005549443 0.9931992 382
1743005550168 0.94966036 383
1743005550893 0.6406815 384
1743005551616 0.36996734 385
1743005552344 0.33675495 386
1743005553067 0.33600742 387
1743005553793 0.3947377 388
1743005554532 0.5333589 389
1743005555260 0.57138836 390
1743005555990 0.49749938 391
1743005556712 0.48040152 392
1743005557442 0.52769375 393
1743005558178 0.5842902 394
1743005558905 0.5952815 395
1743005559626 0.55314326 396
1743005560353 0.5714127 397
1743005561083 0.5183154 398
1743005561807 0.51724803 399
1743005562541 0.48944768 400
1743005563271 0.48252487 401
1743005564004 0.46062788 402
1743005564741 0.43203577 403
1743005565475 0.42024505 404
1743005566204 0.51014805 405
1743005566937 0.55138934 406
1743005567665 0.52333343 407
1743005568395 0.50257343 408
1743005569123 0.47150064 409
1743005569856 0.46562493 410
1743005570586 0.40868706 411
1743005571320 0.38440716 412
1743005572047 0.35598168 413
1743005572777 0.3478101 414
1743005573514 0.35613623 415
1743005574246 0.3902701 416
1743005574983 0.45947996 417
1743005575724 0.47096127 418
1743005576454 0.7204426 419
1743005577198 0.74492675 420
1743005577939 0.61361694 421
1743005578679 0.5400188 422
1743005579444 0.5694603 423
1743005580210 0.5780835 424
1743005580953 0.5454288 425
1743005581686 0.56724954 426
1743005582422 0.571527 427
1743005583166 0.59939647 428
1743005583914 0.63151944 429
1743005584653 0.6144477 430
1743005585392 0.61466265 431
1743005586130 0.6428999 432
1743005586864 0.63077337 433
1743005587598 0.6306989 434
1743005588333 0.657096 435
1743005589065 0.59340423 436
1743005589799 0.5879365 437
1743005590530 0.5409291 438
1743005591258 0.5381217 439
1743005591989 0.5301821 440
1743005592729 0.5105763 441
1743005593467 0.49488574 442
1743005594205 0.55016947 443
1743005594934 0.4473613 444
1743005595678 0.4520374 445
1743005596415 0.47462064 446
1743005597151 0.4568714 447
1743005597882 0.53135854 448
1743005598616 0.7016332 449
1743005599350 0.7111709 450
1743005600119 0.7687334 451
1743005600951 0.8227174 452
1743005601678 0.78873175 453
1743005602410 0.78789914 454
1743005603135 0.8268398 455
1743005603870 0.73295116 456
1743005604600 0.78846073 457
1743005605340 0.65048647 458
1743005606064 0.6589736 459
1743005606790 0.6502202 460
1743005607516 0.615698 461
1743005608252 0.56534255 462
1743005608987 0.63703835 463
1743005609717 0.6150557 464
1743005610452 0.57599694 465
1743005611191 0.54729784 466
1743005611924 0.57411516 467
1743005612649 0.52185875 468
1743005613374 0.4407657 469
1743005614112 0.4317779 470
1743005614844 0.45485955 471
1743005615577 0.4769941 472
1743005616297 0.46596384 473
1743005617026 0.48829135 474
1743005617757 0.51010895 475
1743005618490 0.45511764 476
1743005619227 0.44190964 477
1743005619979 0.5432735 478
1743005620725 0.58048034 479
1743005621458 0.5783435 480
1743005622247 0.5038601 481
1743005622987 0.41218007 482
1743005623764 0.43658268 483
1743005624524 0.40625763 484
1743005625275 0.37805992 485
1743005626017 0.38390893 486
1743005626784 0.3716898 487
1743005627537 0.35990912 488
1743005628288 0.3489452 489
1743005629044 0.33142716 490
1743005629783 0.3385679 491
1743005630508 0.32145184 492
1743005631237 0.3455047 493
1743005631962 0.39094508 494
1743005632712 0.48994848 495
1743005633456 0.58585566 496
1743005634193 0.5975276 497
1743005634950 0.609078 498
1743005635698 0.5972346 499
1743005636452 0.5536414 500
1743005637198 0.477317 501
1743005637945 0.393111 502
1743005638691 0.3905018 503
1743005639446 0.29898193 504
1743005640192 0.38609517 505
1743005640944 0.34313297 506
1743005641669 0.36618137 507
1743005642417 0.3679821 508
1743005643147 0.46049184 509
1743005643894 0.48132145 510
1743005644655 0.45601135 511
1743005645406 0.4500851 512
1743005646179 0.47007573 513
1743005646936 0.38679874 514
1743005647692 0.3629592 515
1743005648430 0.35148054 516
1743005649178 0.3492974 517
1743005649917 0.38811696 518
1743005650645 0.366786 519
1743005651383 0.35032758 520
1743005652123 0.6376561 521
1743005652855 0.8342098 522
1743005653589 0.8215738 523
1743005654322 0.63081264 524
1743005655062 0.5833416 525
1743005655808 0.8347616 526
1743005656538 1.0226959 527
1743005657266 0.8372897 528
1743005658087 0.7313465 529
1743005658827 0.72730863 530
1743005659561 0.7463813 531
1743005660291 0.7093629 532
1743005661023 0.6729859 533
1743005661751 0.6488035 534
1743005662471 0.71878785 535
1743005663198 0.8547669 536
1743005663948 0.9418608 537
1743005664686 0.9301377 538
1743005665432 0.85268044 539
1743005666172 0.78838205 540
1743005666923 0.74572515 541
1743005667670 0.765885 542
1743005668416 0.7139708 543
1743005669163 0.78724766 544
1743005669908 0.75436 545
1743005670661 0.75318515 546
1743005671410 0.7553241 547
1743005672158 0.6615144 548
1743005672896 0.6346921 549
1743005673656 0.6087381 550
1743005674403 0.55949515 551
1743005675242 0.5383805 552
1743005675993 0.5195739 553
1743005676739 0.5156358 554
1743005677479 0.5771372 555
1743005678226 0.5745735 556
1743005678973 0.5526814 557
1743005679721 0.5018581 558
1743005680460 0.5207509 559
1743005681202 0.4497488 560
1743005681950 0.37516314 561
1743005682699 0.41795164 562
1743005683456 0.35808754 563
1743005684199 0.3453525 564
1743005684945 0.32422346 565
1743005685695 0.33173117 566
1743005686440 0.30531538 567
1743005687196 0.31859362 568
1743005687933 0.36132643 569
1743005688661 0.42478758 570
1743005689397 0.4040792 571
1743005690136 0.4053905 572
1743005690873 0.4580933 573
1743005692286 0.4961418 0
1743005693025 0.56132656 1
1743005693760 0.5946622 2
1743005694487 0.6112136 3
1743005695217 0.6012624 4
1743005695947 0.6180192 5
1743005696667 0.584619 6
1743005697393 0.5810211 7
1743005698118 0.6253548 8
1743005698839 0.6412908 9
1743005699568 0.73318064 10
1743005700310 1.0120792 11
1743005701057 1.0603788 12
1743005701787 1.113334 13
1743005702527 1.2018918 14
1743005703262 1.1958858 15
1743005703996 0.90604174 16
1743005704735 0.90557575 17
1743005705475 0.90766 18
1743005706214 0.87503517 19
1743005706952 0.837186 20
1743005707690 0.7707735 21
1743005708424 0.76854616 22
1743005709158 0.7586148 23
1743005709899 0.7486805 24
1743005710638 0.7453276 25
1743005711379 0.7675345 26
1743005712127 0.819528 27
1743005712867 0.93243366 28
1743005713603 1.0486329 29
1743005714344 1.0914705 30
1743005715078 1.0582544 31
1743005715817 1.0297041 32
1743005716559 0.958133 33
1743005717296 0.9951159 34
1743005718023 1.0947694 35
1743005718757 1.0358508 36
1743005719498 0.99657166 37
1743005720233 0.9530345 38
1743005720965 0.8840514 39
1743005721700 0.8860464 40
1743005722446 0.9269055 41
1743005723215 0.97759944 42
1743005723952 0.9979613 43
1743005724679 0.98102736 44
1743005725411 0.96454155 45
1743005726144 0.9677249 46
1743005726877 0.9573911 47
1743005727610 0.9931846 48
1743005728335 1.0717461 49
1743005729067 1.1317399 50
1743005729790 1.0329678 51
1743005730522 1.0359582 52
1743005731249 0.9815374 53
1743005731977 1.0330267 54
1743005732703 0.9887773 55
1743005733434 1.0310602 56
1743005734166 1.0300543 57
1743005734895 1.0526321 58
1743005735635 1.0482571 59
1743005736366 1.0185983 60
1743005737096 1.0198103 61
1743005737823 0.9569074 62
1743005738561 0.9815339 63
1743005739284 1.0246794 64
1743005740011 1.0241877 65
1743005740742 1.0738597 66
1743005741474 1.1691382 67
1743005742207 1.3422866 68
1743005742932 1.3755677 69
1743005743670 1.1779952 70
1743005744408 1.0356007 71
1743005745137 0.9488872 72
1743005745873 0.91133237 73
1743005746608 0.8973857 74
1743005747339 0.94354546 75
1743005748072 0.9592937 76
1743005748801 0.95557004 77
1743005749627 1.031438 78
1743005750358 1.0038457 79
1743005751092 0.92118967 80
1743005751820 0.92539895 81
1743005752558 0.8630557 82
1743005753304 0.8913163 83
1743005754048 0.88232195 84
1743005754785 0.9091735 85
1743005755514 0.9355773 86
1743005756245 0.9971157 87
1743005756979 1.0008142 88
1743005757711 1.0164614 89
1743005758440 0.9605639 90
1743005759171 0.87431884 91
1743005759904 0.82849455 92
1743005760660 0.7952863 93
1743005761402 0.75874007 94
1743005762129 0.72146213 95
1743005762863 0.78767467 96
1743005763598 0.7877821 97
1743005764328 0.7327684 98
1743005765061 0.83023673 99
1743005765796 0.8150256 100
1743005766528 0.8692043 101
1743005767280 0.79579955 102
1743005768016 0.7771051 103
1743005768758 0.7598085 104
1743005769492 0.7345553 105
1743005770228 0.71514964 106
1743005770962 0.7543888 107
1743005771693 0.75785863 108
1743005772423 0.7653945 109
1743005773166 0.779709 110
1743005773905 0.76015234 111
1743005774647 0.81190544 112
1743005775386 0.801414 113
1743005776125 1.0264356 114
1743005776885 1.238335 115
1743005777610 1.3588066 116
1743005778338 1.0618901 117
1743005779060 0.8917564 118
1743005779783 0.89248973 119
1743005780510 0.9781324 120
1743005781251 0.9303385 121
1743005781985 0.88061297 122
1743005782721 0.81850374 123
1743005783463 0.83366716 124
1743005784192 0.8326221 125
1743005784929 0.8078621 126
1743005785654 0.75939476 127
1743005786374 0.7736411 128
1743005787102 0.7966585 129
1743005787835 0.8071381 130
1743005788567 0.8328675 131
1743005789292 0.8807269 132
1743005790019 0.8973868 133
1743005790744 0.8725754 134
1743005791472 0.78963685 135
1743005792200 0.82515526 136
1743005792929 0.8338343 137
1743005793659 0.81430364 138
1743005794388 0.7386299 139
1743005795109 0.73862267 140
1743005795842 0.7098034 141
1743005796587 0.6983543 142
1743005797330 0.6913768 143
1743005798057 0.71714103 144
1743005798783 0.77472436 145
1743005799512 0.7625014 146
1743005800237 0.7636208 147
1743005800971 0.67830414 148
1743005801706 0.7032585 149
1743005802439 0.6400752 150
1743005803174 0.69435406 151
1743005803909 0.7331424 152
1743005804646 0.8932612 153
1743005805379 0.9955847 154
1743005806112 0.9530683 155
1743005806841 0.90897536 156
1743005807581 0.7869165 157
1743005808320 0.70625293 158
1743005809058 0.6588571 159
1743005809792 0.65112627 160
1743005810525 0.70751905 161
1743005811258 0.7918775 162
1743005811989 0.75802845 163
1743005812731 0.8517996 164
1743005813482 0.84757644 165
1743005814221 0.8018452 166
1743005814948 0.76452816 167
1743005815680 0.680133 168
1743005816410 0.6863301 169
1743005817143 0.64813614 170
1743005817876 0.641168 171
1743005818609 0.69406366 172
1743005819339 0.72430754 173
1743005820071 0.8229473 174
1743005820802 0.84652245 175
1743005821533 0.7972176 176
1743005822267 0.7794213 177
1743005823100 0.7274792 178
1743005823832 0.7073912 179
1743005824565 0.70424604 180
1743005825301 0.7123672 181
1743005826032 0.7271249 182
1743005826762 0.76317173 183
1743005827495 0.7708801 184
1743005828248 0.82218367 185
1743005828975 0.85071087 186
1743005829703 0.8655169 187
1743005830432 0.7831027 188
1743005831161 0.7650466 189
1743005831891 0.69287527 190
1743005832619 0.66661924 191
1743005833359 0.6202488 192
1743005834090 0.6277215 193
1743005834817 0.64372885 194
1743005835548 0.69401616 195
1743005836285 0.69418204 196
1743005837018 0.7303764 197
1743005837762 0.75065637 198
1743005838498 0.75807536 199
1743005839229 0.6824733 200
1743005839956 0.70137155 201
1743005840688 0.73626447 202
1743005841414 0.8005808 203
1743005842151 0.74699295 204
1743005842889 0.721699 205
1743005843640 0.71235776 206
1743005844372 0.67068005 207
1743005845100 0.6652719 208
1743005845833 0.67350745 209
1743005846571 0.803694 210
1743005847302 0.7794936 211
1743005848041 0.88599294 212
1743005848774 0.8457934 213
1743005849613 0.91308224 214
1743005850356 0.7553475 215
1743005851141 0.6744597 216
1743005851873 0.6576357 217
1743005852629 0.6313985 218
1743005853398 0.5821517 219
1743005854155 0.61263895 220
1743005854913 0.57344246 221
1743005855675 0.54147935 222
1743005856410 0.5985448 223
1743005857146 0.55739796 224
1743005857875 0.6527444 225
1743005858608 0.6531664 226
1743005859345 0.61628795 227
1743005860073 0.6759285 228
1743005860821 0.6641488 229
1743005861573 0.6238159 230
1743005862319 0.68968093 231
1743005863053 0.741301 232
1743005863845 0.7485808 233
1743005864626 0.8198362 234
1743005865386 0.79740137 235
1743005866121 0.7687106 236
1743005866877 0.81700945 237
1743005867600 0.73535216 238
1743005868328 0.72395694 239
1743005869053 0.6581793 240
1743005869786 0.6365469 241
1743005870512 0.6335728 242
1743005871236 0.5895537 243
1743005871960 0.7910701 244
1743005872690 0.8440832 245
1743005873438 0.7568865 246
1743005874174 0.6989352 247
1743005874906 0.5819157 248
1743005875643 0.5149958 249
1743005876383 0.44554913 250
1743005877112 0.46275455 251
1743005877844 0.48088545 252
1743005878571 0.5458649 253
1743005879296 0.5879288 254
1743005880028 0.58187103 255
1743005880765 0.6675377 256
1743005881497 0.6339998 257
1743005882229 0.56625175 258
1743005882954 0.5748838 259
1743005883690 0.5686578 260
1743005884417 0.5424842 261
1743005885148 0.54955566 262
1743005885881 0.5272863 263
1743005886608 0.55865586 264
1743005887339 0.54005706 265
1743005888066 0.48502523 266
1743005888797 0.52399457 267
1743005889526 0.5776969 268
1743005890272 0.6340357 269
1743005891007 0.62806857 270
1743005891734 0.6628014 271
1743005892464 0.645561 272
1743005893203 0.65591156 273
1743005893946 0.6327416 274
1743005894694 0.62332433 275
1743005895445 0.5779665 276
1743005896207 0.5756561 277
1743005897042 0.53758126 278
1743005897867 0.6111273 279
1743005898612 0.57076955 280
1743005899358 0.6183777 281
1743005900097 0.6603207 282
1743005900837 0.87710065 283
1743005901573 0.8415501 284
1743005902315 0.71999395 285
1743005903064 0.6681413 286
1743005903829 0.5941846 287
1743005904557 0.5129326 288
1743005905287 0.50977767 289
1743005906018 0.44822735 290
1743005906747 0.5579273 291
1743005907481 0.5819131 292
1743005908211 0.7022995 293
1743005908942 0.67247564 294
1743005909681 0.70745564 295
1743005910411 0.71396977 296
1743005911146 0.694092 297
1743005911879 0.64908254 298
1743005912610 0.6948017 299
1743005913336 0.647886 300
1743005914065 0.6083946 301
1743005914795 0.5723348 302
1743005915531 0.5564544 303
1743005916263 0.490157 304
1743005917000 0.54667366 305
1743005917735 0.45810664 306
1743005918469 0.4299953 307
1743005919209 0.43438005 308
1743005919973 0.4570148 309
1743005920700 0.5097364 310
1743005921436 0.48970026 311
1743005922168 0.5126724 312
1743005922895 0.5344307 313
1743005923625 0.5856962 314
1743005924354 0.59072596 315
1743005925083 0.61731523 316
1743005925809 0.61517507 317
1743005926536 0.7693963 318
1743005927266 0.68171954 319
1743005927994 0.47353977 320
1743005928719 0.45338252 321
1743005929447 0.47303453 322
1743005930178 0.4910025 323
1743005930899 0.47369722 324
1743005931623 0.41340587 325
1743005932350 0.42213053 326
1743005933088 0.40701002 327
1743005933836 0.38387987 328
1743005934570 0.39744642 329
1743005935291 0.4513921 330
1743005936023 0.45553887 331
1743005936752 0.50345415 332
1743005937479 0.50830376 333
1743005938203 0.5622902 334
1743005938930 0.5428784 335
1743005939662 0.6377524 336
1743005940395 0.6683652 337
1743005941118 0.84491503 338
1743005941844 0.6772239 339
1743005942574 0.5291465 340
1743005943305 0.51366496 341
1743005944037 0.5663357 342
1743005944770 0.56067395 343
1743005945506 0.5061067 344
1743005946240 0.4287774 345
1743005946971 0.34711587 346
1743005947702 0.3993445 347
1743005948443 0.40134653 348
1743005949179 0.518198 349
1743005949907 0.48605472 350
1743005950639 0.65214515 351
1743005951376 0.7441784 352
1743005952112 0.75039184 353
1743005952848 0.71132433 354
1743005953607 0.55910754 355
1743005954332 0.541499 356
1743005955061 0.49135023 357
1743005955780 0.499459 358
1743005956512 0.44513655 359
1743005957237 0.43946847 360
1743005957967 0.5169383 361
1743005958697 0.54879016 362
1743005959427 0.59583384 363
1743005960158 0.6361275 364
1743005960894 0.5608481 365
1743005961627 0.5914868 366
1743005962360 0.5243161 367
1743005963099 0.45837843 368
1743005963858 0.5842324 369
1743005964589 0.52360356 370
1743005965318 0.50923944 371
1743005966053 0.5495564 372
1743005966785 0.5543406 373
1743005967523 0.52622783 374
1743005968258 0.5198903 375
1743005968998 0.52806264 376
1743005969729 0.48048258 377
1743005970552 0.5018765 378
1743005971283 0.5433864 379
1743005972018 0.5272517 380
1743005972741 0.4912981 381
1743005973475 0.46644694 382
1743005974206 0.534884 383
1743005974935 0.52321684 384
1743005975662 0.53584325 385
1743005976399 0.5605591 386
1743005977145 0.66463083 387
1743005977879 0.82395446 388
1743005978611 1.4770436 389
1743005979342 1.0593888 390
1743005980083 0.5510445 391
1743005980815 0.6725082 392
1743005981547 0.544224 393
1743005982282 0.5100996 394
1743005983021 0.5045445 395
1743005983755 0.45797965 396
1743005984490 0.47049886 397
1743005985219 0.47754598 398
1743005985957 0.52872205 399
1743005986690 0.48445514 400
1743005987425 0.43418282 401
1743005988147 0.46499205 402
1743005988883 0.3883071 403
1743005989613 0.4129672 404
1743005990346 0.40404156 405
1743005991080 0.40154734 406
1743005991812 0.3745864 407
1743005992546 0.37119132 408
1743005993291 0.32713443 409
1743005994039 0.35980195 410
1743005994767 0.4044053 411
1743005995499 0.4663136 412
1743005996229 0.47873867 413
1743005996964 0.51529133 414
1743005997702 0.48673224 415
1743005998442 0.48523772 416
1743005999170 0.49095434 417
1743005999904 0.47092712 418
1743006000642 0.5118551 419
1743006001370 0.49697566 420
1743006002107 0.44124654 421
1743006002833 0.45807835 422
1743006003564 0.44768766 423
1743006004295 0.46936634 424
1743006005047 0.46475923 425
1743006005785 0.4909772 426
1743006006524 0.46310055 427
1743006007257 0.5228139 428
1743006007994 0.45400158 429
1743006008725 0.5095561 430
1743006009452 0.4376825 431
1743006010183 0.43231592 432
1743006010956 0.4923287 433
1743006011711 0.46596768 434
1743006012433 0.42408192 435
1743006013166 0.42405832 436
1743006013891 0.440812 437
1743006014617 0.5500435 438
1743006015342 0.52498794 439
1743006016072 0.6451963 440
1743006016802 0.5316071 441
1743006017534 0.5013579 442
1743006018266 0.48275378 443
1743006018991 0.5314088 444
1743006019728 0.5129847 445
1743006020472 0.53396577 446
1743006021210 0.46811968 447
1743006021965 0.5758569 448
1743006022776 0.5008374 449
1743006023563 0.47988984 450
1743006024350 0.4446137 451
1743006025128 0.43221948 452
1743006025862 0.4492941 453
1743006026613 0.38223502 454
1743006027354 0.43350562 455
1743006028089 0.46988598 456
1743006028831 0.4310622 457
1743006029562 0.42138597 458
1743006030302 0.42321908 459
1743006031028 0.42887148 460
1743006031764 0.39676178 461
1743006032517 0.42564976 462
1743006033265 0.4008739 463
1743006033997 0.44807738 464
1743006034728 0.4152102 465
1743006035475 0.51499736 466
1743006036211 0.5170349 467
1743006036945 0.509771 468
1743006037675 0.49173105 469
1743006038410 0.39989132 470
1743006039163 0.46672708 471
1743006039903 0.41225168 472
1743006040650 0.45712197 473
1743006041397 0.491933 474
1743006042156 0.44442394 475
1743006042946 0.53414184 476
1743006043696 0.54233396 477
1743006044540 0.5407797 478
1743006045280 0.53217393 479
1743006046014 0.477536 480
1743006046779 0.41312933 481
1743006047512 0.44723237 482
1743006048241 0.35718834 483
1743006048969 0.40873381 484
1743006049696 0.39988163 485
1743006050424 0.4099113 486
1743006051167 0.39269465 487
1743006051907 0.39452988 488
1743006052639 0.43606728 489
1743006053381 0.43239504 490
1743006054118 0.49326247 491
1743006054851 0.45119482 492
1743006055586 0.40802148 493
1743006056313 0.47732145 494
1743006057051 0.43701315 495
1743006057785 0.53349686 496
1743006058513 0.45577806 497
1743006059247 0.40320447 498
1743006059978 0.3093796 499
1743006060714 0.35631886 500
1743006061448 0.29734346 501
1743006062187 0.31022924 502
1743006062919 0.2537959 503
1743006063652 0.2675929 504
1743006064383 0.27872223 505
1743006065115 0.35236192 506
1743006065848 0.3848745 507
1743006066598 0.34131476 508
1743006067333 0.40542096 509
1743006068065 0.40677622 510
1743006068801 0.436846 511
1743006069535 0.43621695 512
1743006070272 0.37540016 513
1743006071007 0.40060323 514
1743006071742 0.44948667 515
1743006072475 0.46008676 516
1743006073213 0.43795627 517
1743006073945 0.4577372 518
1743006074676 0.37072515 519
1743006075416 0.34751254 520
1743006076151 0.33069795 521
1743006076882 0.27287227 522
1743006077620 0.26610044 523
1743006078354 0.25602448 524
1743006079110 0.32946235 525
1743006079845 0.34640628 526
1743006080570 0.3261328 527
1743006081297 0.44055554 528
1743006082036 0.43479973 529
1743006082792 0.40343225 530
1743006083559 0.3769592 531
1743006084301 0.48936856 532
1743006085036 0.45335203 533
1743006085768 0.44556713 534
1743006086506 0.44017056 535
1743006087241 0.39795178 536
1743006087987 0.38072044 537
1743006088729 0.35259736 538
1743006089464 0.39114732 539
1743006090200 0.3487538 540
1743006090945 0.38414028 541
1743006091700 0.37459674 542
1743006092450 0.40788478 543
1743006093176 0.3890965 544
1743006093905 0.42015162 545
1743006094637 0.456622 546
1743006095367 0.382707 547
1743006096100 0.41779992 548
1743006096832 0.3486119 549
1743006097570 0.36612588 550
1743006098306 0.2927849 551
1743006099039 0.27306277 552
1743006099772 0.2918812 553
1743006100506 0.33468384 554
1743006101239 0.33505934 555
1743006101973 0.33755273 556
1743006102699 0.33336496 557
1743006103435 0.3165629 558
1743006104170 0.33668077 559
1743006104904 0.36571628 560
1743006105639 0.33451396 561
1743006106375 0.34004706 562
1743006107114 0.30240536 563
1743006107850 0.31042442 564
1743006108594 0.24117634 565
1743006109335 0.23274039 566
1743006110071 0.30070558 567
1743006110829 0.32060403 568
1743006111565 0.31379542 569
1743006112296 0.3339665 570
1743006113044 0.36692408 571
1743006113801 0.32325023 572
1743006114546 0.32895952 573
1743006115648 0 0
1743006116141 0 1
1743006116607 0 2
1743006117075 0 3
1743006117634 0 4
1743006118113 0 5
1743006118579 0 6
1743006119045 0 7
1743006119510 0 8
1743006119975 0 9
1743006120452 0 10
1743006120921 0 11
1743006121386 0 12
1743006121851 0 13
1743006122321 0 14
1743006122785 0 15
1743006123254 0 16
1743006123724 0 17
1743006124191 0 18
1743006124654 0 19
1743006125125 0 20
1743006125588 0 21
1743006126057 0 22
1743006126526 0 23
1743006126998 0 24
1743006127465 0 25
1743006127932 0 26
1743006128405 0 27
1743006128872 0 28
1743006129347 0 29
1743006129817 0 30
1743006130287 0 31
1743006130758 0 32
1743006131232 0 33
1743006131701 0 34
1743006132166 0 35
1743006132629 0 36
1743006133101 0 37
1743006133563 0 38
1743006134030 0 39
1743006134502 0 40
1743006134966 0 41
1743006135438 0 42
1743006135906 0 43
1743006136379 0 44
1743006136852 0 45
1743006137320 0 46
1743006137792 0 47
1743006138262 0 48
1743006138733 0 49
1743006139200 0 50
1743006139672 0 51
1743006140141 0 52
1743006140613 0 53
1743006141080 0 54
1743006141551 0 55
1743006142023 0 56
1743006142491 0 57
1743006142964 0 58
1743006143444 0 59
1743006143921 0 60
1743006144393 0 61
1743006144862 0 62
1743006145329 0 63
1743006145802 0 64
1743006146268 0 65
1743006146745 0 66
1743006147211 0 67
1743006147682 0 68
1743006148149 0 69
1743006148620 0 70
1743006149088 0 71
1743006149566 0 72
1743006150033 0 73
1743006150507 0 74
1743006150978 0 75
1743006151448 0 76
1743006151920 0 77
1743006152396 0 78
1743006152873 0 79
1743006153342 0 80
1743006153816 0 81
1743006154290 0 82
1743006154760 0 83
1743006155229 0 84
1743006155698 0 85
1743006156170 0 86
1743006156642 0 87
1743006157108 0 88
1743006157577 0 89
1743006158046 0 90
1743006158516 0 91
1743006158988 0 92
1743006159455 0 93
1743006159938 0 94
1743006160407 0 95
1743006160867 0 96
1743006161329 0 97
1743006161860 0 98
1743006162368 0 99
1743006162850 0 100
1743006163381 0 101
1743006163895 0 102
1743006164407 0 103
1743006164983 0 104
1743006165446 0 105
1743006165911 0 106
1743006166377 0 107
1743006166840 0 108
1743006167304 0 109
1743006167768 0 110
1743006168238 0 111
1743006168724 0 112
1743006169197 0 113
1743006169668 0 114
1743006170136 0 115
1743006170612 0 116
1743006171080 0 117
1743006171551 0 118
1743006172014 0 119
1743006172475 0 120
1743006172940 0 121
1743006173418 0 122
1743006173898 0 123
1743006174371 0 124
1743006174849 0 125
1743006175315 0 126
1743006175781 0 127
1743006176251 0 128
1743006176727 0 129
1743006177200 0 130
1743006177672 0 131
1743006178139 0 132
1743006178606 0 133
1743006179081 0 134
1743006179555 0 135
1743006180018 0 136
1743006180505 0 137
1743006180972 0 138
