1743004411989 0.2301646 0
1743004412732 0.18851389 1
1743004413360 0.17992584 2
1743004413987 0.18712367 3
1743004414609 0.19801879 4
1743004415234 0.20160514 5
1743004415866 0.20367582 6
1743004416490 0.20154049 7
1743004417111 0.2034974 8
1743004417734 0.20996411 9
1743004418358 0.21334472 10
1743004418985 0.21156195 11
1743004419611 0.20819528 12
1743004420254 0.20911957 13
1743004420990 0.21036743 14
1743004421719 0.20907255 15
1743004422449 0.20697685 16
1743004423180 0.2041245 17
1743004423904 0.20405018 18
1743004424633 0.2056197 19
1743004425367 0.20753486 20
1743004426106 0.20795928 21
1743004426835 0.20508374 22
1743004427561 0.20516 23
1743004428300 0.20626837 24
1743004429028 0.20544396 25
1743004429781 0.20919882 26
1743004430514 0.21411352 27
1743004431253 0.2097959 28
1743004431983 0.20696364 29
1743004432720 0.21388304 30
1743004433463 0.21323355 31
1743004434201 0.20755084 32
1743004434941 0.1992457 33
1743004435674 0.20610525 34
1743004436402 0.20629816 35
1743004437137 0.20217387 36
1743004437883 0.20657448 37
1743004438641 0.20679118 38
1743004439364 0.2004676 39
1743004440106 0.19861698 40
1743004440841 0.19175456 41
1743004441574 0.19337139 42
1743004442299 0.20238756 43
1743004443034 0.21094614 44
1743004443808 0.2106754 45
1743004444569 0.20890762 46
1743004445338 0.19849335 47
1743004446094 0.20732051 48
1743004446846 0.21229161 49
1743004447594 0.20322683 50
1743004448344 0.19765003 51
1743004449100 0.19983883 52
1743004449852 0.19932361 53
1743004450618 0.20925514 54
1743004451377 0.2152593 55
1743004452134 0.20908819 56
1743004452884 0.20651099 57
1743004453651 0.18940334 58
1743004454420 0.2019474 59
1743004455174 0.20480423 60
1743004455926 0.19801934 61
1743004456678 0.2005803 62
1743004457430 0.20485108 63
1743004458186 0.20155399 64
1743004458967 0.19522609 65
1743004459721 0.19471134 66
1743004460473 0.1899137 67
1743004461221 0.19435684 68
1743004461987 0.20003149 69
1743004462854 0.20008053 70
1743004463635 0.19958334 71
1743004464411 0.20083429 72
1743004465169 0.20391265 73
1743004465934 0.20649508 74
1743004466680 0.20621933 75
1743004467422 0.2084577 76
1743004468164 0.20857789 77
1743004468905 0.20506814 78
1743004469651 0.20064987 79
1743004470416 0.20190518 80
1743004471252 0.20444505 81
1743004472056 0.20144187 82
1743004472824 0.20208104 83
1743004473590 0.20403133 84
1743004474350 0.20304096 85
1743004475107 0.20030312 86
1743004475852 0.20012566 87
1743004476594 0.20521136 88
1743004477350 0.20166335 89
1743004478088 0.19215645 90
1743004478831 0.19741647 91
1743004479599 0.1976584 92
1743004480362 0.19806385 93
1743004481115 0.19655918 94
1743004481875 0.19927622 95
1743004482749 0.20857808 96
1743004483596 0.21488033 97
1743004484360 0.21419497 98
1743004485159 0.21226944 99
1743004486174 0.20783108 100
1743004486915 0.19424501 101
1743004487673 0.19924393 102
1743004488438 0.1998027 103
1743004489202 0.19526286 104
1743004489957 0.19348 105
