1741451615636 0.8119455 0
1741451616383 0.5793594 1
1741451617011 0.4132501 2
1741451617647 0.30022076 3
1741451618280 0.223069 4
1741451618915 0.16858838 5
1741451619537 0.13243301 6
1741451620162 0.10630691 7
1741451620793 0.08822637 8
1741451621417 0.074006096 9
1741451622037 0.0630908 10
1741451622659 0.054201096 11
1741451623284 0.04789261 12
1741451623908 0.042287927 13
1741451624535 0.03741782 14
1741451625172 0.033788726 15
1741451625805 0.030387264 16
1741451626444 0.027658837 17
1741451627082 0.02544797 18
1741451627710 0.023170575 19
1741451628344 0.02136444 20
1741451628971 0.019655932 21
1741451629599 0.018250953 22
1741451630233 0.016967366 23
1741451630970 0.015739786 24
1741451631788 0.014907735 25
1741451632551 0.013841327 26
1741451633327 0.012900225 27
1741451634113 0.012162818 28
1741451634845 0.011397287 29
1741451635582 0.010793396 30
1741451636335 0.010183611 31
1741451637087 0.009516912 32
1741451637842 0.009099185 33
1741451638595 0.008561781 34
1741451639357 0.008122107 35
1741451640120 0.007706391 36
1741451640879 0.0073586483 37
1741451641642 0.0069411723 38
1741451642407 0.006630031 39
1741451643182 0.0063056136 40
1741451643937 0.0060712104 41
1741451644691 0.005859062 42
1741451645444 0.00558138 43
1741451646241 0.005296428 44
1741451646992 0.005169299 45
1741451647745 0.0048969076 46
1741451648499 0.0046923975 47
1741451649250 0.004555529 48
1741451650017 0.0043883165 49
1741451650778 0.00415449 50
1741451651531 0.0040665986 51
1741451652290 0.0038602697 52
1741451653051 0.003789807 53
1741451653805 0.0036325012 54
1741451654563 0.003512271 55
1741451655321 0.0034079165 56
1741451656081 0.00325409 57
1741451656833 0.0031756696 58
1741451657598 0.0031043594 59
1741451658380 0.0030056739 60
1741451659145 0.002924916 61
1741451659903 0.0028462454 62
1741451660653 0.002750762 63
1741451661409 0.0026634117 64
1741451662179 0.0025792858 65
1741451662957 0.0025364398 66
1741451663738 0.0024395692 67
1741451664519 0.0023544359 68
1741451665284 0.0022943718 69
1741451666055 0.0022771582 70
1741451666813 0.0021974612 71
1741451667583 0.0021358787 72
1741451668344 0.0020963182 73
1741451669131 0.002064118 74
1741451669907 0.0020007524 75
1741451670678 0.0019201577 76
1741451671443 0.001897883 77
1741451672215 0.0018368673 78
1741451673038 0.0018116636 79
1741451673824 0.0017737008 80
1741451674573 0.0017306549 81
1741451675317 0.0016813669 82
1741451676065 0.0016385951 83
1741451676810 0.001613347 84
1741451677550 0.0015728078 85
1741451678334 0.001535971 86
1741451679082 0.0015198293 87
1741451679855 0.0014832446 88
1741451680849 0.001460131 89
1741451681799 0.0014043606 90
1741451682723 0.0013874215 91
1741451683685 0.0013617807 92
1741451684676 0.0013438088 93
1741451685686 0.0013088903 94
1741451686703 0.001277478 95
1741451687610 0.0012642613 96
1741451688524 0.0012412085 97
1741451689383 0.0012260139 98
1741451690242 0.0012097547 99
1741451691281 0.0011669009 100
1741451692148 0.0011546393 101
1741451692967 0.0011321409 102
1741451693744 0.0011148257 103
1741451694490 0.0011022155 104
1741451695231 0.001065995 105
1741451695965 0.0010434553 106
1741451696703 0.0010359343 107
1741451697468 0.0010142173 108
1741451698423 0.0010054485 109
1741451699430 0.0009955172 110
1741451700407 0.00096772105 111
1741451701293 0.0009635899 112
1741451702192 0.00093791384 113
1741451702994 0.000914374 114
1741451703777 0.00091508083 115
1741451704567 0.00088700413 116
1741451705352 0.0008889254 117
1741451706134 0.0008686863 118
1741451706921 0.0008578507 119
1741451707734 0.00084970426 120
1741451708525 0.00083474035 121
1741451709333 0.0008173335 122
1741451710128 0.0008133539 123
1741451710936 0.0007922291 124
1741451711741 0.00079193094 125
1741451712520 0.0007704217 126
1741451713286 0.0007579837 127
1741451714035 0.00074879074 128
1741451714802 0.0007485818 129
1741451715625 0.0007277452 130
1741451716379 0.0007289719 131
1741451717186 0.0007110975 132
1741451718035 0.0007066145 133
1741451718870 0.0007008336 134
1741451719709 0.0006846832 135
1741451720528 0.00068068324 136
1741451721355 0.000674902 137
1741451722209 0.0006666375 138
1741451723069 0.000653988 139
1741451723890 0.00065028976 140
1741451724695 0.0006409502 141
1741451725550 0.00063129386 142
1741451726388 0.00063123944 143
1741451727229 0.000616546 144
1741451728081 0.0006127017 145
1741451728955 0.00060761214 146
1741451729819 0.0005963331 147
1741451730649 0.00059029675 148
1741451731475 0.00058529695 149
1741451732303 0.00058778434 150
1741451733117 0.0005719408 151
1741451733955 0.0005589503 152
1741451734812 0.00055330497 153
1741451735682 0.00055848283 154
1741451736557 0.0005520308 155
1741451737426 0.0005418307 156
1741451738330 0.0005307007 157
1741451739241 0.0005337653 158
1741451740244 0.00052939507 159
1741451741168 0.00051880087 160
1741451742062 0.00051415444 161
1741451742955 0.00051052537 162
1741451743832 0.00050527684 163
1741451744766 0.00049311767 164
1741451745750 0.0004974867 165
1741451746703 0.0004892405 166
1741451747557 0.0004934785 167
1741451748373 0.00048564552 168
1741451749220 0.00047684927 169
1741451750109 0.00047850434 170
1741451751050 0.0004698608 171
1741451751996 0.00046344186 172
1741451752819 0.00045859438 173
1741451753611 0.0004568685 174
1741451754418 0.00044907478 175
1741451755208 0.000447358 176
1741451755988 0.0004391747 177
1741451756779 0.0004390909 178
1741451757591 0.0004321307 179
1741451758391 0.00043178437 180
1741451759179 0.00043143288 181
1741451759972 0.00042888112 182
1741451760775 0.00041717535 183
1741451761580 0.00041936204 184
1741451762381 0.00041536737 185
1741451763160 0.00041485156 186
1741451763936 0.00040866405 187
1741451764719 0.00040280816 188
1741451765504 0.00039814366 189
1741451766281 0.00039786007 190
1741451767053 0.00039706202 191
1741451767817 0.00038822336 192
1741451768611 0.00038956854 193
1741451769397 0.00038468002 194
1741451770168 0.00037973217 195
1741451770949 0.00038145029 196
1741451771728 0.00037666442 197
1741451772525 0.00037392895 198
1741451773318 0.00037264114 199
1741451774221 0.00036635093 200
1741451775030 0.00036535758 201
1741451775837 0.0003629326 202
1741451776631 0.00035927686 203
1741451777422 0.0003597859 204
1741451778221 0.00035650466 205
1741451779055 0.0003498777 206
1741451779890 0.0003462829 207
1741451780732 0.00034351024 208
1741451781590 0.00034636864 209
1741451782423 0.0003392312 210
1741451783272 0.0003369479 211
1741451784116 0.0003357621 212
1741451784952 0.00033270323 213
1741451785789 0.00032820972 214
1741451786617 0.00033042056 215
1741451787437 0.00032444988 216
1741451788253 0.00032187355 217
1741451789101 0.00032409548 218
1741451789927 0.0003158624 219
1741451790749 0.00031523636 220
1741451791582 0.00031287308 221
1741451792422 0.0003138067 222
1741451793259 0.00031057966 223
1741451794096 0.00030174674 224
1741451794938 0.000309192 225
1741451795790 0.00030285353 226
1741451796651 0.00030022048 227
1741451797471 0.00029852585 228
1741451798328 0.0002994499 229
1741451799136 0.0002999547 230
1741451800039 0.00029306105 231
1741451800951 0.00028980308 232
1741451801775 0.00029058565 233
1741451802623 0.00028346988 234
1741451803444 0.00028592575 235
1741451804269 0.00028398383 236
1741451805137 0.00028203585 237
1741451805992 0.00028503285 238
1741451806891 0.00028038322 239
1741451807738 0.0002787268 240
1741451808616 0.0002744856 241
1741451809444 0.00027235725 242
1741451810261 0.0002730654 243
1741451811051 0.0002689744 244
1741451811830 0.00027085273 245
1741451812674 0.00026824974 246
1741451813436 0.0002646333 247
1741451814203 0.00026176785 248
1741451815002 0.0002628126 249
1741451815806 0.00026349968 250
1741451816592 0.000257236 251
1741451817395 0.0002571764 252
1741451818136 0.00025422216 253
1741451818897 0.00025386713 254
1741451819652 0.00024940143 255
1741451820399 0.00024878146 256
1741451821141 0.00024977422 257
1741451821928 0.00024949803 258
1741451822712 0.00024994792 259
1741451823472 0.0002449846 260
1741451824209 0.00024668773 261
1741451824970 0.00024229611 262
1741451825760 0.00023933574 263
1741451826504 0.00024031059 264
1741451827272 0.00023731652 265
1741451828030 0.00023595871 266
1741451828782 0.00023511854 267
1741451829548 0.00023334063 268
1741451830333 0.00023205676 269
1741451831091 0.00023371326 270
1741451831833 0.00023135057 271
1741451832605 0.00022741334 272
1741451833410 0.000227401 273
1741451834171 0.00022391735 274
1741451834919 0.00022758347 275
1741451835693 0.00022209634 276
1741451836470 0.00022092722 277
1741451837239 0.00022309662 278
1741451837992 0.0002191591 279
1741451838753 0.00022144175 280
1741451839542 0.00021872975 281
1741451840328 0.00021670408 282
1741451841104 0.00021467934 283
1741451841877 0.00021484839 284
1741451842646 0.00021247823 285
1741451843405 0.00021183418 286
1741451844181 0.00021305536 287
1741451844953 0.00021156039 288
1741451845723 0.00020715383 289
1741451846480 0.00020982868 290
1741451847220 0.00020625052 291
1741451847970 0.00020421289 292
1741451848759 0.00020636334 293
1741451849558 0.00020343173 294
1741451850352 0.00019928502 295
1741451851116 0.00020100677 296
1741451851895 0.00019894716 297
1741451852662 0.00020038139 298
1741451853438 0.00019952924 299
1741451854298 0.00019626207 300
1741451855070 0.00019945437 301
1741451855843 0.0001948826 302
1741451856621 0.00019340031 303
1741451857399 0.00019125475 304
1741451858145 0.00019106746 305
1741451858917 0.00019149814 306
1741451859676 0.00019080598 307
1741451860431 0.00018787144 308
1741451861181 0.00018796738 309
1741451861942 0.0001870803 310
1741451862730 0.00018704639 311
1741451863473 0.00018327302 312
1741451864231 0.0001826685 313
1741451865033 0.0001842514 314
1741451865847 0.00017990061 315
1741451866680 0.000179596 316
1741451867480 0.00018062416 317
1741451868282 0.00018014187 318
1741451869091 0.00017829289 319
1741451869921 0.0001772364 320
1741451870708 0.00017819375 321
1741451871532 0.00017878847 322
1741451872320 0.00017673081 323
1741451873137 0.00017927455 324
1741451873932 0.00017551662 325
1741451874748 0.00017193507 326
1741451875531 0.00017352204 327
1741451876368 0.0001685722 328
1741451877156 0.0001712576 329
1741451877992 0.00017135558 330
1741451878761 0.00016819457 331
1741451879567 0.000168085 332
1741451880392 0.00016796513 333
1741451881193 0.0001665669 334
1741451881961 0.0001686339 335
1741451882788 0.00016570001 336
1741451883565 0.00016367197 337
1741451884392 0.00016379413 338
1741451885170 0.00016186888 339
1741451885991 0.00016083322 340
1741451886769 0.00016014164 341
1741451887572 0.00015851959 342
1741451888395 0.00015919907 343
1741451889171 0.00015803211 344
1741451890015 0.00015551291 345
1741451890786 0.00015791346 346
1741451891608 0.00015582654 347
1741451892379 0.00015612021 348
1741451893188 0.00015675876 349
1741451894013 0.00015317622 350
1741451894792 0.00015568575 351
1741451895619 0.00015264192 352
1741451896393 0.00015472954 353
1741451897199 0.00015145495 354
1741451898001 0.00015306582 355
1741451898784 0.00014979823 356
1741451899616 0.00015074165 357
1741451900390 0.00015080177 358
1741451901194 0.00015152765 359
1741451902009 0.00014847172 360
1741451902782 0.00014696812 361
1741451903615 0.00014962321 362
1741451904338 0.00014508876 363
1741451905092 0.00014549005 364
1741451905854 0.00014615506 365
1741451906580 0.00014567115 366
1741451907330 0.00014494144 367
1741451908057 0.00014353152 368
1741451908799 0.00014183884 369
1741451909545 0.00014212131 370
1741451910279 0.00014106536 371
1741451911030 0.00014164938 372
1741451911782 0.00013992314 373
1741451912555 0.00014066773 374
1741451913292 0.00014018385 375
1741451914041 0.00013786172 376
1741451914779 0.00013532698 377
1741451915513 0.00013727762 378
1741451916278 0.00013704415 379
1741451917010 0.00013612211 380
1741451917804 0.00013594565 381
1741451918603 0.00013598926 382
1741451919362 0.0001370278 383
1741451920120 0.00013432895 384
1741451920871 0.00013259373 385
1741451921652 0.00013371054 386
1741451922453 0.0001319227 387
1741451923233 0.00013277905 388
1741451924009 0.00013214865 389
1741451924758 0.00013031882 390
1741451925521 0.00013172788 391
1741451926280 0.00013047905 392
1741451927040 0.00012824128 393
1741451927798 0.00012932361 394
1741451928553 0.00012880735 395
1741451929300 0.00012709518 396
1741451930036 0.000128481 397
1741451930794 0.00012767038 398
1741451931535 0.00012797282 399
1741451932410 0.00012550277 400
1741451933145 0.0001241615 401
1741451933888 0.00012470725 402
1741451934628 0.00012533793 403
1741451935406 0.00012440086 404
1741451936153 0.00012307485 405
1741451936905 0.00012251073 406
1741451937653 0.0001241821 407
1741451938398 0.00012207631 408
1741451939138 0.0001229014 409
1741451939878 0.00012105575 410
1741451940627 0.00012102408 411
1741451941365 0.00011957343 412
1741451942103 0.00012128874 413
1741451942832 0.00011823487 414
1741451943563 0.000121297395 415
1741451944299 0.00011877629 416
1741451945033 0.000117866504 417
1741451945772 0.00011694169 418
1741451946507 0.00011823003 419
1741451947245 0.000117233256 420
1741451947985 0.000117749594 421
1741451948742 0.00011502859 422
1741451949512 0.00011579763 423
1741451950254 0.00011500434 424
1741451950982 0.00011543742 425
1741451951715 0.00011621421 426
1741451952471 0.00011564339 427
1741451953206 0.00011287884 428
1741451953937 0.000113703325 429
1741451954707 0.000113890055 430
1741451955481 0.00011206323 431
1741451956235 0.000112000904 432
1741451956999 0.0001127829 433
1741451957778 0.00011075392 434
1741451958534 0.00010995755 435
1741451959286 0.00011050781 436
1741451960066 0.00010944847 437
1741451960836 0.00011090938 438
1741451961619 0.000108980086 439
1741451962395 0.000109218876 440
1741451963186 0.00010804382 441
1741451963944 0.00010892587 442
1741451964745 0.00010837931 443
1741451965577 0.00010835999 444
1741451966344 0.00010686214 445
1741451967106 0.00010623404 446
1741451967882 0.00010624353 447
1741451968669 0.00010624213 448
1741451969464 0.00010454136 449
1741451970251 0.00010719572 450
1741451971038 0.00010631401 451
1741451971819 0.00010482312 452
1741451972604 0.00010359287 453
1741451973353 0.000103971564 454
1741451974098 0.000102765036 455
1741451974843 0.0001022663 456
1741451975582 0.00010189952 457
1741451976323 0.000102398306 458
1741451977061 0.000101349506 459
1741451977790 0.00010183514 460
1741451978529 0.00010060803 461
1741451979287 0.000101541504 462
1741451980033 0.00010057196 463
1741451980787 0.00010226596 464
1741451981544 0.000100335936 465
1741451982302 0.00010107431 466
1741451983060 9.9966855e-05 467
1741451983817 9.920431e-05 468
1741451984569 9.859552e-05 469
1741451985318 9.985153e-05 470
1741451986061 9.728445e-05 471
1741451986795 9.776307e-05 472
1741451987530 9.909814e-05 473
1741451988269 9.857743e-05 474
1741451988993 9.673203e-05 475
1741451989726 9.669895e-05 476
1741451990452 9.556178e-05 477
1741451991192 9.433314e-05 478
1741451991924 9.6890006e-05 479
1741451992666 9.501193e-05 480
1741451993401 9.4466704e-05 481
1741451994136 9.4803305e-05 482
1741451994871 9.402466e-05 483
1741451995632 9.418304e-05 484
1741451996372 9.3976174e-05 485
1741451997122 9.433211e-05 486
1741451997896 9.288117e-05 487
1741451998658 9.42946e-05 488
1741451999436 9.385551e-05 489
1741452000201 9.2526454e-05 490
1741452000940 9.331688e-05 491
1741452001693 9.1898364e-05 492
1741452002451 9.0884154e-05 493
1741452003236 9.158409e-05 494
1741452003976 9.18273e-05 495
1741452004740 9.2182825e-05 496
1741452005479 9.130601e-05 497
1741452006225 9.151214e-05 498
1741452006954 9.166329e-05 499
1741452007790 9.073326e-05 500
1741452008538 9.017868e-05 501
1741452009309 9.008598e-05 502
1741452010098 8.834211e-05 503
1741452010871 8.9449284e-05 504
1741452011639 8.842514e-05 505
1741452012368 8.788968e-05 506
1741452013102 8.927706e-05 507
1741452013828 8.881177e-05 508
1741452014562 8.820908e-05 509
1741452015293 8.736581e-05 510
1741452016043 8.7362896e-05 511
1741452016787 8.698419e-05 512
1741452017532 8.6844244e-05 513
1741452018277 8.63803e-05 514
1741452019107 8.601484e-05 515
1741452019902 8.623391e-05 516
1741452020661 8.569202e-05 517
1741452021453 8.4537e-05 518
1741452022217 8.549273e-05 519
1741452023005 8.437197e-05 520
1741452023793 8.490894e-05 521
1741452024601 8.335158e-05 522
1741452025417 8.3567815e-05 523
1741452026201 8.312459e-05 524
1741452026968 8.2624276e-05 525
1741452027737 8.309795e-05 526
1741452028511 8.259067e-05 527
1741452029306 8.217246e-05 528
1741452030071 8.156667e-05 529
1741452030899 8.339402e-05 530
1741452031766 8.3302635e-05 531
1741452032608 8.1807346e-05 532
1741452033415 8.2408624e-05 533
1741452034209 8.175516e-05 534
1741452034989 8.166956e-05 535
1741452035782 8.0563565e-05 536
1741452036543 8.034112e-05 537
1741452037335 8.020811e-05 538
1741452038099 8.065483e-05 539
1741452038891 8.079144e-05 540
1741452039676 8.04563e-05 541
1741452040460 7.931169e-05 542
1741452041249 7.964517e-05 543
1741452042027 7.884031e-05 544
1741452042793 7.8496945e-05 545
1741452043557 7.757613e-05 546
1741452044342 7.8394805e-05 547
1741452045106 7.904575e-05 548
1741452045893 7.827035e-05 549
1741452046676 7.671792e-05 550
1741452047435 7.670971e-05 551
1741452048187 7.78478e-05 552
1741452048979 7.676196e-05 553
1741452049719 7.628151e-05 554
1741452050497 7.667643e-05 555
1741452051253 7.5896285e-05 556
1741452052009 7.610345e-05 557
1741452052762 7.691121e-05 558
1741452053537 7.5252785e-05 559
1741452054300 7.511959e-05 560
1741452055072 7.602554e-05 561
1741452055807 7.5524316e-05 562
1741452056546 7.516147e-05 563
1741452057309 7.5190015e-05 564
1741452058053 7.3343224e-05 565
1741452058801 7.343663e-05 566
1741452059570 7.405442e-05 567
1741452060334 7.496517e-05 568
1741452061096 7.393834e-05 569
1741452061869 7.385505e-05 570
1741452062675 7.45959e-05 571
1741452063439 7.320344e-05 572
1741452064202 7.283239e-05 573
1741452064963 7.255092e-05 574
1741452065705 7.2225936e-05 575
1741452066443 7.233701e-05 576
1741452067186 7.308091e-05 577
1741452067915 7.214449e-05 578
1741452068647 7.1353265e-05 579
1741452069383 7.149087e-05 580
1741452070121 7.098223e-05 581
1741452070864 7.1416245e-05 582
1741452071607 7.053012e-05 583
1741452072344 7.242029e-05 584
1741452073077 7.1359194e-05 585
1741452073812 7.0223636e-05 586
1741452074558 7.079837e-05 587
1741452075293 7.049668e-05 588
1741452076035 7.030482e-05 589
1741452076777 6.9402675e-05 590
1741452077517 6.971525e-05 591
1741452078261 6.903769e-05 592
1741452078997 6.942767e-05 593
1741452079742 6.7257875e-05 594
1741452080473 6.942846e-05 595
1741452081213 6.915224e-05 596
1741452081973 6.863179e-05 597
1741452082708 6.825849e-05 598
1741452083456 6.814368e-05 599
1741452084346 6.8723435e-05 600
1741452085139 6.692735e-05 601
1741452085905 6.825536e-05 602
1741452086662 6.798113e-05 603
1741452087420 6.720698e-05 604
1741452088172 6.629279e-05 605
1741452088956 6.7772045e-05 606
1741452089717 6.7449495e-05 607
1741452090473 6.688271e-05 608
1741452091252 6.6267115e-05 609
1741452092004 6.5921675e-05 610
1741452092746 6.5944456e-05 611
1741452093484 6.5838416e-05 612
1741452094220 6.6434885e-05 613
1741452094962 6.465242e-05 614
1741452095700 6.5370754e-05 615
1741452096437 6.4959946e-05 616
1741452097174 6.622775e-05 617
1741452097914 6.50747e-05 618
1741452098643 6.458423e-05 619
1741452099373 6.467732e-05 620
1741452100116 6.4540094e-05 621
1741452100847 6.447512e-05 622
1741452101586 6.353159e-05 623
1741452102315 6.388792e-05 624
1741452103051 6.343365e-05 625
1741452103785 6.389705e-05 626
1741452104534 6.398044e-05 627
1741452105334 6.2375664e-05 628
1741452106118 6.3723506e-05 629
1741452106911 6.30446e-05 630
1741452107684 6.274024e-05 631
1741452108459 6.230906e-05 632
1741452109232 6.275097e-05 633
1741452110003 6.307088e-05 634
1741452110777 6.294014e-05 635
1741452111561 6.084022e-05 636
1741452112335 6.1715e-05 637
1741452113113 6.183966e-05 638
1741452113892 6.0697974e-05 639
1741452114671 6.13713e-05 640
1741452115451 6.146133e-05 641
1741452116233 6.070357e-05 642
1741452117015 6.2100255e-05 643
1741452117763 6.050465e-05 644
1741452118508 6.0748065e-05 645
1741452119261 6.1358835e-05 646
1741452120001 6.0248283e-05 647
1741452120743 6.0492766e-05 648
1741452121483 5.997726e-05 649
1741452122231 6.066067e-05 650
1741452122990 6.0337978e-05 651
1741452123732 5.956342e-05 652
1741452124468 5.9458507e-05 653
1741452125205 5.950289e-05 654
1741452125951 5.906479e-05 655
1741452126675 6.0539314e-05 656
1741452127410 5.8709767e-05 657
1741452128140 5.9737493e-05 658
1741452128876 5.8343136e-05 659
1741452129613 5.885932e-05 660
1741452130350 5.805419e-05 661
1741452131090 5.80495e-05 662
1741452131823 5.9318245e-05 663
1741452132569 5.829202e-05 664
1741452133307 5.7691297e-05 665
1741452134045 5.7300538e-05 666
1741452134792 5.8242604e-05 667
1741452135529 5.8109516e-05 668
1741452136277 5.759903e-05 669
1741452137072 5.7650344e-05 670
1741452137861 5.678548e-05 671
1741452138645 5.7939313e-05 672
1741452139432 5.8211346e-05 673
1741452140214 5.731354e-05 674
1741452140989 5.5587243e-05 675
1741452141832 5.643846e-05 676
1741452142661 5.71168e-05 677
1741452143425 5.676973e-05 678
1741452144193 5.6123183e-05 679
1741452145067 5.676538e-05 680
1741452145905 5.5598673e-05 681
1741452146675 5.608916e-05 682
1741452147459 5.4877728e-05 683
1741452148209 5.5429315e-05 684
1741452148949 5.559073e-05 685
1741452149688 5.380332e-05 686
1741452150471 5.5796194e-05 687
1741452151268 5.5203534e-05 688
1741452152048 5.507123e-05 689
1741452153915 5.5362783e-05 0
1741452154633 5.504573e-05 1
1741452155356 5.47418e-05 2
1741452156088 5.4121163e-05 3
1741452156831 5.400616e-05 4
1741452157619 5.424652e-05 5
1741452158400 5.372882e-05 6
1741452159221 5.5684937e-05 7
1741452159991 5.448449e-05 8
1741452160765 5.32516e-05 9
1741452161658 5.4288e-05 10
1741452162438 5.380821e-05 11
1741452163195 5.2732677e-05 12
1741452163958 5.32853e-05 13
1741452164710 5.2693256e-05 14
1741452165489 5.3839936e-05 15
1741452166281 5.2565865e-05 16
1741452167049 5.3189095e-05 17
1741452167817 5.2306485e-05 18
1741452168610 5.2579206e-05 19
1741452169380 5.272731e-05 20
1741452170147 5.1485433e-05 21
1741452170924 5.23675e-05 22
1741452171690 5.2181105e-05 23
1741452172442 5.231641e-05 24
1741452173171 5.219642e-05 25
1741452173942 5.144474e-05 26
1741452174698 5.2038013e-05 27
1741452175459 5.2296527e-05 28
1741452176235 5.1515715e-05 29
1741452176983 5.1952742e-05 30
1741452177747 5.1728966e-05 31
1741452178491 5.1630013e-05 32
1741452179249 5.0979117e-05 33
1741452180005 5.076271e-05 34
1741452180787 5.1738425e-05 35
1741452181563 5.0845352e-05 36
1741452182336 5.0252238e-05 37
1741452183098 5.1152383e-05 38
1741452183832 4.931095e-05 39
1741452184595 5.0264054e-05 40
1741452185369 4.9847287e-05 41
1741452186114 4.984429e-05 42
1741452186866 5.021444e-05 43
1741452187611 4.958209e-05 44
1741452188380 4.9524686e-05 45
1741452189146 4.9289374e-05 46
1741452189925 4.9744955e-05 47
1741452190663 4.8325157e-05 48
1741452191387 4.9019956e-05 49
1741452192120 4.9267357e-05 50
1741452192845 4.934529e-05 51
1741452193568 4.8882343e-05 52
1741452194307 4.8448128e-05 53
1741452195051 4.880615e-05 54
1741452195788 4.8191865e-05 55
1741452196520 4.86284e-05 56
1741452197248 4.878503e-05 57
1741452197993 4.916317e-05 58
1741452198748 4.8516642e-05 59
1741452199497 4.7980437e-05 60
1741452200229 4.8806516e-05 61
1741452200967 4.7755082e-05 62
1741452201723 4.8492228e-05 63
1741452202488 4.8021582e-05 64
1741452203255 4.812173e-05 65
1741452204009 4.7438716e-05 66
1741452204779 4.6717214e-05 67
1741452205517 4.8094596e-05 68
1741452206270 4.7616024e-05 69
1741452207012 4.697642e-05 70
1741452207749 4.712778e-05 71
1741452208482 4.7426318e-05 72
1741452209217 4.7820533e-05 73
1741452209948 4.64844e-05 74
1741452210684 4.637906e-05 75
1741452211425 4.643869e-05 76
1741452212177 4.6657104e-05 77
1741452213000 4.665667e-05 78
1741452213777 4.5562676e-05 79
1741452214548 4.6023808e-05 80
1741452215311 4.6016034e-05 81
1741452216080 4.6198962e-05 82
1741452216845 4.583338e-05 83
1741452217618 4.621426e-05 84
1741452218389 4.4884346e-05 85
1741452219158 4.5618992e-05 86
1741452219936 4.4914595e-05 87
1741452220718 4.6034984e-05 88
1741452221500 4.5654902e-05 89
1741452222276 4.561549e-05 90
1741452223014 4.5084253e-05 91
1741452223756 4.528611e-05 92
1741452224489 4.4991833e-05 93
1741452225220 4.518817e-05 94
1741452225958 4.4642402e-05 95
1741452226686 4.484141e-05 96
1741452227420 4.3533273e-05 97
1741452228149 4.4900316e-05 98
1741452228885 4.4372973e-05 99
1741452229612 4.471347e-05 100
1741452230346 4.3715238e-05 101
1741452231079 4.4178065e-05 102
1741452231838 4.38579e-05 103
1741452232587 4.483141e-05 104
1741452233322 4.3735545e-05 105
1741452234076 4.4397293e-05 106
1741452234891 4.3767395e-05 107
1741452235640 4.3824293e-05 108
1741452236380 4.3702123e-05 109
1741452237226 4.416462e-05 110
1741452237965 4.3182517e-05 111
1741452238707 4.39213e-05 112
1741452239448 4.333396e-05 113
1741452240195 4.3525237e-05 114
1741452240927 4.3148535e-05 115
1741452241653 4.3177406e-05 116
1741452242382 4.264225e-05 117
1741452243128 4.3248478e-05 118
1741452243901 4.2668344e-05 119
1741452244684 4.261503e-05 120
1741452245454 4.2199492e-05 121
1741452246228 4.2327087e-05 122
1741452246968 4.3134103e-05 123
1741452247713 4.2175237e-05 124
1741452248505 4.2215557e-05 125
1741452249274 4.2318763e-05 126
1741452250062 4.2712836e-05 127
1741452250861 4.144614e-05 128
1741452251627 4.2059895e-05 129
1741452252383 4.158302e-05 130
1741452253202 4.1246214e-05 131
1741452254019 4.17976e-05 132
1741452254825 4.1906424e-05 133
1741452255646 4.1712487e-05 134
1741452256469 4.1257812e-05 135
1741452257271 4.1137908e-05 136
1741452258060 4.1298303e-05 137
1741452258868 4.151719e-05 138
1741452259672 4.115662e-05 139
1741452260472 4.1123127e-05 140
1741452261265 4.0357154e-05 141
1741452262081 4.067913e-05 142
1741452262879 4.0647556e-05 143
1741452263649 4.074821e-05 144
1741452264392 4.0655883e-05 145
1741452265131 4.0367304e-05 146
1741452265872 4.0110906e-05 147
1741452266617 4.0013747e-05 148
1741452267345 4.0149385e-05 149
1741452268082 4.0664996e-05 150
1741452268817 3.9609164e-05 151
1741452269555 4.02036e-05 152
1741452270335 3.9145227e-05 153
1741452271113 3.933968e-05 154
1741452271874 3.9779126e-05 155
1741452272657 3.979049e-05 156
1741452273425 4.0046336e-05 157
1741452274207 3.9903305e-05 158
1741452274997 3.9088733e-05 159
1741452275772 3.9557002e-05 160
1741452276567 3.9531602e-05 161
1741452277378 3.917909e-05 162
1741452278172 3.9413295e-05 163
1741452278926 3.942702e-05 164
1741452279693 3.856144e-05 165
1741452280433 3.9120376e-05 166
1741452281182 3.8974846e-05 167
1741452281923 3.857275e-05 168
1741452282667 3.8341186e-05 169
1741452283403 3.842299e-05 170
1741452284146 3.8057562e-05 171
1741452284893 3.9101844e-05 172
1741452285655 3.8825903e-05 173
1741452286464 3.847974e-05 174
1741452287214 3.79173e-05 175
1741452287987 3.8395305e-05 176
1741452288760 3.8000268e-05 177
1741452289503 3.7608752e-05 178
1741452290241 3.81797e-05 179
1741452290968 3.775378e-05 180
1741452291726 3.7799364e-05 181
1741452292499 3.7722348e-05 182
1741452293270 3.7383823e-05 183
1741452294021 3.7372825e-05 184
1741452294777 3.748063e-05 185
1741452295530 3.7284175e-05 186
1741452296285 3.745114e-05 187
1741452297051 3.7300164e-05 188
1741452297782 3.771705e-05 189
1741452298530 3.7521353e-05 190
1741452299298 3.764577e-05 191
1741452300047 3.685431e-05 192
1741452300793 3.7017526e-05 193
1741452301524 3.6809244e-05 194
1741452302254 3.769854e-05 195
1741452302983 3.7067344e-05 196
1741452303714 3.710625e-05 197
1741452304459 3.67876e-05 198
1741452305200 3.651836e-05 199
1741452305932 3.711976e-05 200
1741452306664 3.6505142e-05 201
1741452307426 3.611695e-05 202
1741452308179 3.6389763e-05 203
1741452308912 3.6141155e-05 204
1741452309636 3.6281646e-05 205
1741452310368 3.6376845e-05 206
1741452311108 3.6117184e-05 207
1741452311834 3.5804776e-05 208
1741452312585 3.6716407e-05 209
1741452313432 3.5853856e-05 210
1741452314184 3.546014e-05 211
1741452314926 3.5602636e-05 212
1741452315667 3.5745208e-05 213
1741452316404 3.523951e-05 214
1741452317137 3.5593286e-05 215
1741452317871 3.5933925e-05 216
1741452318608 3.605553e-05 217
1741452319336 3.5296438e-05 218
1741452320089 3.6219168e-05 219
1741452320868 3.506144e-05 220
1741452321609 3.531601e-05 221
1741452322334 3.493085e-05 222
1741452323078 3.510505e-05 223
1741452323826 3.5205096e-05 224
1741452324594 3.473147e-05 225
1741452325335 3.5064426e-05 226
1741452326062 3.4636225e-05 227
1741452326791 3.5528064e-05 228
1741452327518 3.477362e-05 229
1741452328248 3.4835914e-05 230
1741452328973 3.4992812e-05 231
1741452329706 3.494033e-05 232
1741452330434 3.4789948e-05 233
1741452331219 3.4793058e-05 234
1741452331985 3.46775e-05 235
1741452332749 3.4519893e-05 236
1741452333513 3.4426273e-05 237
1741452334256 3.4509765e-05 238
1741452334990 3.378193e-05 239
1741452335718 3.3832745e-05 240
1741452336452 3.4318764e-05 241
1741452337183 3.426715e-05 242
1741452337918 3.382894e-05 243
1741452338651 3.371968e-05 244
1741452339387 3.3867876e-05 245
1741452340119 3.347834e-05 246
1741452340848 3.340486e-05 247
1741452341583 3.3441174e-05 248
1741452342318 3.3601777e-05 249
1741452343050 3.3373937e-05 250
1741452343783 3.2882555e-05 251
1741452344516 3.3263626e-05 252
1741452345257 3.303147e-05 253
1741452346007 3.3368975e-05 254
1741452346736 3.350545e-05 255
1741452347463 3.3084376e-05 256
1741452348195 3.301633e-05 257
1741452348930 3.361399e-05 258
1741452349663 3.264654e-05 259
1741452350396 3.3063807e-05 260
1741452351117 3.225105e-05 261
1741452351844 3.248958e-05 262
1741452352577 3.29142e-05 263
1741452353303 3.2377688e-05 264
1741452354028 3.300842e-05 265
1741452354762 3.2496246e-05 266
1741452355489 3.2840202e-05 267
1741452356228 3.20567e-05 268
1741452356987 3.2594296e-05 269
1741452357745 3.1862106e-05 270
1741452358504 3.225278e-05 271
1741452359258 3.2138592e-05 272
1741452360016 3.1566535e-05 273
1741452360780 3.2070362e-05 274
1741452361567 3.1548236e-05 275
1741452362350 3.217077e-05 276
1741452363114 3.2038162e-05 277
1741452363897 3.20752e-05 278
1741452364665 3.174183e-05 279
1741452365449 3.197988e-05 280
1741452366204 3.22065e-05 281
1741452366987 3.1517662e-05 282
1741452367770 3.1110856e-05 283
1741452368561 3.1912426e-05 284
1741452369303 3.1288124e-05 285
1741452370094 3.1275496e-05 286
1741452370877 3.1542913e-05 287
1741452371635 3.1347685e-05 288
1741452372434 3.1025527e-05 289
1741452373261 3.1306296e-05 290
1741452374051 3.1744126e-05 291
1741452374864 3.0901945e-05 292
1741452375655 3.1421485e-05 293
1741452376457 3.090749e-05 294
1741452377262 3.0832347e-05 295
1741452378047 3.0392626e-05 296
1741452378825 3.072749e-05 297
1741452379612 3.087506e-05 298
1741452380364 3.0883883e-05 299
1741452381124 3.139852e-05 300
1741452381899 3.0528245e-05 301
1741452382672 3.0421468e-05 302
1741452383419 3.1000458e-05 303
1741452384176 3.116348e-05 304
1741452384942 3.107186e-05 305
1741452385703 3.0209192e-05 306
1741452386448 3.0728796e-05 307
1741452387199 2.9675673e-05 308
1741452387971 3.0589636e-05 309
1741452388820 3.027564e-05 310
1741452389785 3.0553816e-05 311
1741452390572 3.0515948e-05 312
1741452391313 3.0173323e-05 313
1741452392048 3.0668412e-05 314
1741452392791 3.0205147e-05 315
1741452393526 2.9430823e-05 316
1741452394262 2.9372912e-05 317
1741452395012 2.985125e-05 318
1741452395767 2.9235614e-05 319
1741452396564 2.956286e-05 320
1741452397329 2.9660092e-05 321
1741452398104 2.9575407e-05 322
1741452398890 2.9296505e-05 323
1741452399657 2.9448975e-05 324
1741452400397 2.9849176e-05 325
1741452401142 2.9337527e-05 326
1741452401880 2.9498573e-05 327
1741452402639 2.9147079e-05 328
1741452403424 2.9731647e-05 329
1741452404202 2.9017565e-05 330
1741452404957 2.9428766e-05 331
1741452405707 2.9060104e-05 332
1741452406442 2.9607832e-05 333
1741452407173 2.8807968e-05 334
1741452407912 2.9218721e-05 335
1741452408655 2.8896016e-05 336
1741452409421 2.8507562e-05 337
1741452410169 2.8877861e-05 338
1741452410906 2.8550448e-05 339
1741452411665 2.8924554e-05 340
1741452412395 2.8133503e-05 341
1741452413147 2.8639277e-05 342
1741452413934 2.8777156e-05 343
1741452414703 2.8715127e-05 344
1741452415482 2.8840073e-05 345
1741452416216 2.8936338e-05 346
1741452416974 2.7997394e-05 347
1741452417705 2.9064027e-05 348
1741452418470 2.8326254e-05 349
1741452419208 2.8556797e-05 350
1741452419967 2.8312856e-05 351
1741452420723 2.7806516e-05 352
1741452421464 2.8210872e-05 353
1741452422212 2.8807703e-05 354
1741452422963 2.8220673e-05 355
1741452423697 2.7578193e-05 356
1741452424471 2.8078131e-05 357
1741452425248 2.7795608e-05 358
1741452426022 2.77172e-05 359
1741452426800 2.7926275e-05 360
1741452427561 2.8133561e-05 361
1741452428341 2.7737462e-05 362
1741452429127 2.793175e-05 363
1741452429905 2.7458635e-05 364
1741452430697 2.7413962e-05 365
1741452431493 2.7578608e-05 366
1741452432272 2.7824339e-05 367
1741452433019 2.7854216e-05 368
1741452433811 2.7373508e-05 369
1741452434563 2.7340902e-05 370
1741452435330 2.7099299e-05 371
1741452436126 2.7850558e-05 372
1741452436907 2.769177e-05 373
1741452437692 2.6713464e-05 374
1741452438483 2.7050706e-05 375
1741452439291 2.6871552e-05 376
1741452440080 2.7362972e-05 377
1741452440863 2.7175838e-05 378
1741452441647 2.657668e-05 379
1741452442409 2.7486138e-05 380
1741452443151 2.6975182e-05 381
1741452443890 2.6722208e-05 382
1741452444649 2.740122e-05 383
1741452445464 2.683889e-05 384
1741452446257 2.6879303e-05 385
1741452447037 2.6433814e-05 386
1741452447790 2.659525e-05 387
1741452448557 2.6297697e-05 388
1741452449329 2.6912016e-05 389
1741452450095 2.672461e-05 390
1741452450856 2.6766826e-05 391
1741452451679 2.6957698e-05 392
1741452452456 2.6634943e-05 393
1741452453268 2.5957595e-05 394
1741452454053 2.6074547e-05 395
1741452454846 2.6236372e-05 396
1741452455625 2.6039168e-05 397
1741452456420 2.6405383e-05 398
1741452457191 2.6370195e-05 399
1741452457973 2.6410697e-05 400
1741452458754 2.6217715e-05 401
1741452459542 2.6320558e-05 402
1741452460286 2.6177006e-05 403
1741452461051 2.616513e-05 404
1741452461816 2.6158468e-05 405
1741452462598 2.5919939e-05 406
1741452463417 2.5974572e-05 407
1741452464220 2.6059839e-05 408
1741452465013 2.5826386e-05 409
1741452465900 2.6214524e-05 410
1741452466698 2.5058633e-05 411
1741452467472 2.5441066e-05 412
1741452468218 2.5436406e-05 413
1741452468955 2.5875877e-05 414
1741452469731 2.5586845e-05 415
1741452470552 2.5615416e-05 416
1741452471334 2.5405729e-05 417
1741452472115 2.578268e-05 418
1741452472869 2.5919631e-05 419
1741452473637 2.5190435e-05 420
1741452474396 2.544808e-05 421
1741452475170 2.5212219e-05 422
1741452475947 2.5204918e-05 423
1741452476689 2.5450307e-05 424
1741452477432 2.501876e-05 425
1741452478169 2.5752784e-05 426
1741452478900 2.5006293e-05 427
1741452479645 2.5165995e-05 428
1741452480388 2.5044677e-05 429
1741452481174 2.514976e-05 430
1741452482001 2.5024256e-05 431
1741452482895 2.498598e-05 432
1741452483890 2.4992147e-05 433
1741452484736 2.5083697e-05 434
1741452485489 2.5028481e-05 435
1741452486246 2.4821218e-05 436
1741452486979 2.5149166e-05 437
1741452487718 2.4237004e-05 438
1741452488448 2.4920939e-05 439
1741452489183 2.4444227e-05 440
1741452489918 2.4683915e-05 441
1741452490653 2.4863799e-05 442
1741452491388 2.4607172e-05 443
1741452492122 2.4243516e-05 444
1741452492855 2.4729357e-05 445
1741452493590 2.433549e-05 446
1741452494325 2.4575782e-05 447
1741452495063 2.4174664e-05 448
1741452495801 2.483792e-05 449
1741452496534 2.4164252e-05 450
1741452497272 2.4096336e-05 451
1741452498010 2.4367548e-05 452
1741452498739 2.4173733e-05 453
1741452499472 2.4472458e-05 454
1741452500204 2.4427758e-05 455
1741452500946 2.4181545e-05 456
1741452501692 2.4175864e-05 457
1741452502437 2.4422881e-05 458
1741452503178 2.3807832e-05 459
1741452503923 2.4034109e-05 460
1741452504720 2.416698e-05 461
1741452505513 2.424109e-05 462
1741452506307 2.3645713e-05 463
1741452507149 2.3738472e-05 464
1741452507938 2.3874696e-05 465
1741452508725 2.403791e-05 466
1741452509504 2.3881512e-05 467
1741452510262 2.3678607e-05 468
1741452511036 2.3849283e-05 469
1741452511834 2.439113e-05 470
1741452512662 2.3466493e-05 471
1741452513430 2.351404e-05 472
1741452514225 2.3660865e-05 473
1741452514990 2.3950955e-05 474
1741452515819 2.3707526e-05 475
1741452516621 2.4074867e-05 476
1741452517394 2.351029e-05 477
1741452518171 2.3690887e-05 478
1741452518934 2.3849403e-05 479
1741452519685 2.357134e-05 480
1741452520469 2.3420527e-05 481
1741452521321 2.3107288e-05 482
1741452522141 2.3290682e-05 483
1741452522912 2.3188115e-05 484
1741452523695 2.3090639e-05 485
1741452524482 2.3241591e-05 486
1741452525305 2.3104994e-05 487
1741452526079 2.3135675e-05 488
1741452526871 2.2915032e-05 489
1741452527661 2.3222494e-05 490
1741452528454 2.2651788e-05 491
1741452529199 2.3096585e-05 492
1741452529942 2.2830762e-05 493
1741452530686 2.3140194e-05 494
1741452531428 2.3150804e-05 495
1741452532168 2.3010181e-05 496
1741452532905 2.2994729e-05 497
1741452533651 2.2853766e-05 498
1741452534429 2.2899132e-05 499
1741452535232 2.2707325e-05 500
1741452535991 2.3074379e-05 501
1741452536750 2.2664013e-05 502
1741452537543 2.2779232e-05 503
1741452538312 2.2589227e-05 504
1741452539062 2.2850456e-05 505
1741452539833 2.253636e-05 506
1741452540589 2.2150727e-05 507
1741452541342 2.276602e-05 508
1741452542089 2.26087e-05 509
1741452542926 2.2569853e-05 510
1741452543675 2.2354046e-05 511
1741452544428 2.1997317e-05 512
1741452545230 2.2478422e-05 513
1741452545981 2.2350478e-05 514
1741452546740 2.234889e-05 515
1741452547566 2.2042515e-05 516
1741452548376 2.2071548e-05 517
1741452549153 2.184635e-05 518
1741452549918 2.2117252e-05 519
1741452550658 2.227059e-05 520
1741452551404 2.2017075e-05 521
1741452552158 2.2095954e-05 522
1741452552914 2.2022974e-05 523
1741452553687 2.235457e-05 524
1741452554461 2.2324013e-05 525
1741452555254 2.1943017e-05 526
1741452556033 2.1965368e-05 527
1741452556837 2.1912321e-05 528
1741452557594 2.1805105e-05 529
1741452558336 2.1878335e-05 530
1741452559085 2.1914875e-05 531
1741452559827 2.169125e-05 532
1741452560567 2.1577453e-05 533
1741452561393 2.1757462e-05 534
1741452562222 2.175052e-05 535
1741452563034 2.1924474e-05 536
1741452563801 2.174309e-05 537
1741452564634 2.1612304e-05 538
1741452565408 2.1477006e-05 539
1741452566206 2.1227368e-05 540
1741452566957 2.1479524e-05 541
1741452567767 2.159804e-05 542
1741452568528 2.1358677e-05 543
1741452569285 2.1707443e-05 544
1741452570040 2.1405998e-05 545
1741452570797 2.159786e-05 546
1741452571659 2.1303995e-05 547
1741452572460 2.1363876e-05 548
1741452573249 2.1462953e-05 549
1741452574024 2.1104303e-05 550
1741452574813 2.1315489e-05 551
1741452575591 2.1172435e-05 552
1741452576365 2.1429014e-05 553
1741452577127 2.1104592e-05 554
1741452577887 2.0991956e-05 555
1741452578635 2.1203976e-05 556
1741452579418 2.1138949e-05 557
1741452580171 2.113672e-05 558
1741452580925 2.132048e-05 559
1741452581657 2.0933017e-05 560
1741452582395 2.0742475e-05 561
1741452583126 2.052959e-05 562
1741452583859 2.068926e-05 563
1741452584590 2.0842648e-05 564
1741452585328 2.0734058e-05 565
1741452586061 2.0753232e-05 566
1741452586801 2.057998e-05 567
1741452587547 2.1198543e-05 568
1741452588292 2.083197e-05 569
1741452589026 2.0589454e-05 570
1741452589756 2.0850952e-05 571
1741452590490 2.0780246e-05 572
1741452591225 2.0672955e-05 573
1741452591959 2.0678423e-05 574
1741452592692 2.0798787e-05 575
1741452593426 2.0473728e-05 576
1741452594162 2.05164e-05 577
1741452594893 2.0372394e-05 578
1741452595627 2.052195e-05 579
1741452596360 2.0473437e-05 580
1741452597122 2.0508935e-05 581
1741452597860 2.0470588e-05 582
1741452598596 2.0338315e-05 583
1741452599328 2.0403562e-05 584
1741452600063 2.0315363e-05 585
1741452600805 2.0295458e-05 586
1741452601539 2.018161e-05 587
1741452602294 2.0202944e-05 588
1741452603056 2.0113135e-05 589
1741452603799 2.0386136e-05 590
1741452604546 2.0190088e-05 591
1741452605296 2.0139612e-05 592
1741452606050 1.9906129e-05 593
1741452606789 1.9923922e-05 594
1741452607526 2.0053925e-05 595
1741452608270 2.0089221e-05 596
1741452609044 1.9773004e-05 597
1741452609814 1.9979741e-05 598
1741452610579 1.9751853e-05 599
1741452611333 1.9905474e-05 600
1741452612106 2.0113142e-05 601
1741452612883 2.0046353e-05 602
1741452613641 2.016502e-05 603
1741452614391 1.9801748e-05 604
1741452615140 1.9562172e-05 605
1741452615882 1.9543268e-05 606
1741452616676 1.9997535e-05 607
1741452617468 1.9746387e-05 608
1741452618243 1.9924877e-05 609
1741452619122 1.9478808e-05 610
1741452619865 1.9483052e-05 611
1741452620604 1.9630048e-05 612
1741452621349 1.9797992e-05 613
1741452622088 1.9285844e-05 614
1741452622827 2.0065438e-05 615
1741452623585 1.9718374e-05 616
1741452624359 1.926492e-05 617
1741452625138 1.9354362e-05 618
1741452625881 1.9249492e-05 619
1741452626618 1.939548e-05 620
1741452627357 1.9196066e-05 621
1741452628096 1.9557017e-05 622
1741452628864 1.9124367e-05 623
1741452629610 1.9396715e-05 624
1741452630354 1.9231047e-05 625
1741452631122 1.9279609e-05 626
1741452631882 1.9018586e-05 627
1741452632624 1.9505547e-05 628
1741452633389 1.9355488e-05 629
1741452634163 1.9202827e-05 630
1741452634906 1.9038589e-05 631
1741452635647 1.9467014e-05 632
1741452636396 1.933039e-05 633
1741452637138 1.9211238e-05 634
1741452637901 1.907163e-05 635
1741452638682 1.9068264e-05 636
1741452639434 1.917269e-05 637
1741452640171 1.9222225e-05 638
1741452640910 1.895974e-05 639
1741452641658 1.892831e-05 640
1741452642403 1.8943532e-05 641
1741452643161 1.874854e-05 642
1741452643897 1.8687313e-05 643
1741452644647 1.8801135e-05 644
1741452645383 1.884971e-05 645
1741452646155 1.9067405e-05 646
1741452646944 1.920211e-05 647
1741452647694 1.8657282e-05 648
1741452648482 1.8563533e-05 649
1741452649268 1.8718145e-05 650
1741452650034 1.8554121e-05 651
1741452650809 1.893047e-05 652
1741452651585 1.905682e-05 653
1741452652355 1.840325e-05 654
1741452653126 1.8709086e-05 655
1741452653892 1.854243e-05 656
1741452654675 1.8726263e-05 657
1741452655455 1.8839382e-05 658
1741452656286 1.8432924e-05 659
1741452657093 1.8570638e-05 660
1741452657827 1.8635455e-05 661
1741452658567 1.8339804e-05 662
1741452659303 1.8381521e-05 663
1741452660041 1.8596096e-05 664
1741452660778 1.8518824e-05 665
1741452661512 1.8308941e-05 666
1741452662251 1.8312652e-05 667
1741452662997 1.810156e-05 668
1741452663736 1.8345516e-05 669
1741452664467 1.8460127e-05 670
1741452665192 1.811042e-05 671
1741452665925 1.8175524e-05 672
1741452666659 1.8311057e-05 673
1741452667415 1.8293606e-05 674
1741452668154 1.8156514e-05 675
1741452668891 1.8237171e-05 676
1741452669619 1.8039518e-05 677
1741452670351 1.8137853e-05 678
1741452671156 1.8058063e-05 679
1741452672038 1.8267625e-05 680
1741452672801 1.7643395e-05 681
1741452673552 1.7702903e-05 682
1741452674291 1.783507e-05 683
1741452675024 1.8100387e-05 684
1741452675764 1.8439821e-05 685
1741452676529 1.8041443e-05 686
1741452677277 1.8042683e-05 687
1741452678057 1.7901964e-05 688
1741452678802 1.807627e-05 689
1741452680439 1.7956514e-05 0
1741452681188 1.799959e-05 1
1741452681936 1.7621509e-05 2
1741452682681 1.7502252e-05 3
1741452683571 1.7800989e-05 4
1741452684503 1.757251e-05 5
1741452685399 1.7674563e-05 6
1741452686301 1.7549231e-05 7
1741452687222 1.7803754e-05 8
1741452688144 1.7424794e-05 9
1741452689110 1.7744922e-05 10
1741452690082 1.772543e-05 11
1741452691050 1.762543e-05 12
1741452692005 1.7319448e-05 13
1741452692988 1.7439022e-05 14
1741452693971 1.7427517e-05 15
1741452694955 1.7523107e-05 16
1741452695905 1.7628643e-05 17
1741452696889 1.7503771e-05 18
1741452697850 1.7381439e-05 19
1741452698938 1.7509827e-05 20
1741452699902 1.7512573e-05 21
1741452700860 1.7374623e-05 22
1741452701830 1.7445192e-05 23
1741452702784 1.7348346e-05 24
1741452703748 1.7119404e-05 25
1741452704704 1.7452154e-05 26
1741452705683 1.7137558e-05 27
1741452706656 1.7039567e-05 28
1741452707622 1.706345e-05 29
1741452708591 1.7194932e-05 30
1741452709562 1.758846e-05 31
1741452710544 1.6855878e-05 32
1741452711502 1.702024e-05 33
1741452712489 1.6959493e-05 34
1741452713457 1.6900636e-05 35
1741452714428 1.6920087e-05 36
1741452715418 1.6637117e-05 37
1741452716368 1.6999324e-05 38
1741452717348 1.6815307e-05 39
1741452718320 1.6763659e-05 40
1741452719292 1.6917811e-05 41
1741452720261 1.6946859e-05 42
1741452721216 1.6856367e-05 43
1741452722188 1.6710987e-05 44
1741452723178 1.6771812e-05 45
1741452724145 1.6528906e-05 46
1741452725100 1.7047843e-05 47
1741452726077 1.6719823e-05 48
1741452727047 1.6895188e-05 49
1741452727999 1.706584e-05 50
1741452728988 1.6813323e-05 51
1741452729942 1.656659e-05 52
1741452730898 1.6728762e-05 53
1741452731874 1.6902937e-05 54
1741452732843 1.6595865e-05 55
1741452733781 1.6636437e-05 56
1741452734755 1.6482734e-05 57
1741452735720 1.6691985e-05 58
1741452736675 1.6401158e-05 59
1741452737640 1.661695e-05 60
1741452738610 1.680258e-05 61
1741452739579 1.6414613e-05 62
1741452740548 1.6588612e-05 63
1741452741568 1.6586788e-05 64
1741452742565 1.6270344e-05 65
1741452743524 1.6822882e-05 66
1741452744502 1.6734004e-05 67
1741452745487 1.6622445e-05 68
1741452746479 1.6313288e-05 69
1741452747438 1.6850168e-05 70
1741452748448 1.661714e-05 71
1741452749418 1.6560292e-05 72
1741452750383 1.6242353e-05 73
1741452751337 1.60964e-05 74
1741452752282 1.627621e-05 75
1741452753248 1.6267397e-05 76
1741452754231 1.6303877e-05 77
1741452755179 1.6300732e-05 78
1741452756136 1.6209258e-05 79
1741452757088 1.6214786e-05 80
1741452758072 1.6279619e-05 81
1741452759046 1.607754e-05 82
1741452759997 1.6297798e-05 83
1741452760959 1.624813e-05 84
1741452761938 1.5943191e-05 85
1741452762899 1.6316286e-05 86
1741452763851 1.5981253e-05 87
1741452764811 1.6222997e-05 88
1741452765777 1.5760526e-05 89
1741452766744 1.6157832e-05 90
1741452767695 1.5713396e-05 91
1741452768657 1.609848e-05 92
1741452769633 1.590298e-05 93
1741452770589 1.5964846e-05 94
1741452771547 1.5778707e-05 95
1741452772491 1.6023087e-05 96
1741452773463 1.574592e-05 97
1741452774421 1.5990367e-05 98
1741452775356 1.5895312e-05 99
1741452776319 1.6084367e-05 100
1741452777276 1.5734493e-05 101
1741452778241 1.5757063e-05 102
1741452779196 1.5727106e-05 103
1741452780151 1.621364e-05 104
1741452781116 1.5759988e-05 105
1741452782063 1.574584e-05 106
1741452783018 1.550859e-05 107
1741452783987 1.5416626e-05 108
1741452784960 1.5475875e-05 109
1741452785903 1.5702617e-05 110
1741452786848 1.5812137e-05 111
1741452787838 1.5689784e-05 112
1741452788819 1.5547132e-05 113
1741452789783 1.5552047e-05 114
1741452790733 1.5549906e-05 115
1741452791689 1.5848913e-05 116
1741452792660 1.5548696e-05 117
1741452793620 1.543629e-05 118
1741452794588 1.5293761e-05 119
1741452795668 1.5574107e-05 120
1741452796622 1.5611966e-05 121
1741452797581 1.5554211e-05 122
1741452798535 1.5696976e-05 123
1741452799481 1.5331727e-05 124
1741452800422 1.5397947e-05 125
1741452801393 1.5339008e-05 126
1741452802350 1.5174105e-05 127
1741452803293 1.5386771e-05 128
1741452804258 1.526035e-05 129
1741452805208 1.5271838e-05 130
1741452806163 1.526231e-05 131
1741452807124 1.5101815e-05 132
1741452808081 1.5523765e-05 133
1741452809030 1.5464095e-05 134
1741452809985 1.4885202e-05 135
1741452810944 1.5487929e-05 136
1741452811900 1.5310507e-05 137
1741452812849 1.5166849e-05 138
1741452813801 1.5032347e-05 139
1741452814782 1.5396019e-05 140
1741452815742 1.5108316e-05 141
1741452816709 1.5270947e-05 142
1741452817661 1.5026414e-05 143
1741452818620 1.5180164e-05 144
1741452819503 1.5133527e-05 145
1741452820403 1.5118011e-05 146
1741452821229 1.502351e-05 147
1741452821984 1.4980646e-05 148
1741452822748 1.5134653e-05 149
1741452823481 1.5387028e-05 150
1741452824248 1.479663e-05 151
1741452825035 1.4902074e-05 152
1741452825805 1.4834302e-05 153
1741452826579 1.528878e-05 154
1741452827356 1.51325685e-05 155
1741452828110 1.4966977e-05 156
1741452828857 1.5001523e-05 157
1741452829598 1.4764256e-05 158
1741452830329 1.47978235e-05 159
1741452831062 1.47095325e-05 160
1741452831800 1.49140815e-05 161
1741452832537 1.50663145e-05 162
1741452833278 1.4656058e-05 163
1741452834012 1.4749152e-05 164
1741452834752 1.4680865e-05 165
1741452835481 1.449243e-05 166
1741452836220 1.50276255e-05 167
1741452836979 1.4668841e-05 168
1741452837734 1.4449608e-05 169
1741452838497 1.4738453e-05 170
1741452839235 1.46701e-05 171
1741452839967 1.4602677e-05 172
1741452840705 1.4525139e-05 173
1741452841437 1.4575961e-05 174
1741452842169 1.4766691e-05 175
1741452842895 1.4629546e-05 176
1741452843626 1.4443128e-05 177
1741452844354 1.4785392e-05 178
1741452845085 1.4536527e-05 179
1741452845819 1.4303716e-05 180
1741452846549 1.4375911e-05 181
1741452847280 1.4366986e-05 182
1741452848029 1.4216615e-05 183
1741452848773 1.4602601e-05 184
1741452849524 1.4508856e-05 185
1741452850284 1.43442285e-05 186
1741452851069 1.4448528e-05 187
1741452851848 1.4195178e-05 188
1741452852619 1.4538278e-05 189
1741452853403 1.4106536e-05 190
1741452854155 1.42902e-05 191
1741452854908 1.4249838e-05 192
1741452855660 1.4534177e-05 193
1741452856430 1.4233968e-05 194
1741452857224 1.4344126e-05 195
1741452858004 1.4370984e-05 196
1741452858766 1.4501509e-05 197
1741452859555 1.4203715e-05 198
1741452860345 1.4477612e-05 199
1741452861122 1.40806615e-05 200
1741452861903 1.4208222e-05 201
1741452862682 1.4138133e-05 202
1741452863439 1.4071246e-05 203
1741452864209 1.4242376e-05 204
1741452864984 1.4076571e-05 205
1741452865741 1.383587e-05 206
1741452866515 1.4156339e-05 207
1741452867299 1.3911362e-05 208
1741452868067 1.4240043e-05 209
1741452868833 1.4195161e-05 210
1741452869569 1.4082207e-05 211
1741452870316 1.3798974e-05 212
1741452871084 1.404452e-05 213
1741452871887 1.3907824e-05 214
1741452872665 1.388121e-05 215
1741452873428 1.3994151e-05 216
1741452874176 1.3894548e-05 217
1741452874918 1.3639518e-05 218
1741452875657 1.4084169e-05 219
1741452876479 1.3728393e-05 220
1741452877216 1.39976255e-05 221
1741452877994 1.3819917e-05 222
1741452878757 1.3933309e-05 223
1741452879515 1.3750136e-05 224
1741452880288 1.3664239e-05 225
1741452881046 1.3734338e-05 226
1741452881814 1.3661314e-05 227
1741452882579 1.3723011e-05 228
1741452883332 1.3856098e-05 229
1741452884081 1.3873724e-05 230
1741452884831 1.3831667e-05 231
1741452885567 1.3392834e-05 232
1741452886329 1.3602294e-05 233
1741452887084 1.3641785e-05 234
1741452887851 1.3638909e-05 235
1741452888625 1.369085e-05 236
1741452889397 1.3507748e-05 237
1741452890163 1.3601927e-05 238
1741452890961 1.3496509e-05 239
1741452891698 1.3660305e-05 240
1741452892436 1.3428074e-05 241
1741452893169 1.3627676e-05 242
1741452893908 1.3590362e-05 243
1741452894652 1.3482196e-05 244
1741452895385 1.3521152e-05 245
1741452896139 1.3482099e-05 246
1741452896897 1.3544965e-05 247
1741452897657 1.3142371e-05 248
1741452898408 1.3400268e-05 249
1741452899155 1.3661654e-05 250
1741452899911 1.3512118e-05 251
1741452900659 1.3372829e-05 252
1741452901437 1.3303816e-05 253
1741452902187 1.332638e-05 254
1741452902967 1.32602e-05 255
1741452903752 1.3336135e-05 256
1741452904517 1.3359273e-05 257
1741452905273 1.3230311e-05 258
1741452906035 1.3403008e-05 259
1741452906796 1.3271739e-05 260
1741452907573 1.3368425e-05 261
1741452908338 1.3295682e-05 262
1741452909085 1.305102e-05 263
1741452909853 1.3191517e-05 264
1741452910614 1.3144026e-05 265
1741452911396 1.3100984e-05 266
1741452912139 1.3106599e-05 267
1741452912904 1.3165863e-05 268
1741452913655 1.3082642e-05 269
1741452914394 1.321173e-05 270
1741452915152 1.31431125e-05 271
1741452915894 1.3164061e-05 272
1741452916733 1.3272039e-05 273
1741452917469 1.2923899e-05 274
1741452918198 1.2982397e-05 275
1741452919009 1.2982081e-05 276
1741452919845 1.3059396e-05 277
1741452920696 1.3066233e-05 278
1741452921547 1.29478485e-05 279
1741452922328 1.3077756e-05 280
1741452923081 1.2931808e-05 281
1741452923828 1.3256167e-05 282
1741452924586 1.3050932e-05 283
1741452925341 1.3027956e-05 284
1741452926096 1.3136781e-05 285
1741452926843 1.2977608e-05 286
1741452927612 1.2861838e-05 287
1741452928367 1.3283385e-05 288
1741452929141 1.2875175e-05 289
1741452929896 1.304414e-05 290
