1741451615633 1.3618346 0
1741451616380 1.3831208 1
1741451617009 1.378583 2
1741451617645 1.3684784 3
1741451618276 1.3576732 4
1741451618913 1.3387804 5
1741451619535 1.3187687 6
1741451620160 1.3046966 7
1741451620791 1.2957478 8
1741451621415 1.2955971 9
1741451622035 1.3090458 10
1741451622657 1.3236684 11
1741451623282 1.3189485 12
1741451623906 1.316303 13
1741451624534 1.3326666 14
1741451625170 1.3489676 15
1741451625803 1.3622475 16
1741451626442 1.3758266 17
1741451627080 1.3703887 18
1741451627707 1.3456268 19
1741451628340 1.3245811 20
1741451628969 1.3239074 21
1741451629597 1.3624845 22
1741451630229 1.4021019 23
1741451630966 1.3886344 24
1741451631784 1.3497634 25
1741451632541 1.3367374 26
1741451633323 1.3541982 27
1741451634109 1.3838626 28
1741451634843 1.393509 29
1741451635578 1.4275438 30
1741451636331 1.4089305 31
1741451637085 1.3771293 32
1741451637840 1.4010268 33
1741451638591 1.3970237 34
1741451639355 1.3866422 35
1741451640117 1.3770995 36
1741451640875 1.3767864 37
1741451641640 1.3428673 38
1741451642401 1.310468 39
1741451643178 1.3315966 40
1741451643935 1.3828206 41
1741451644689 1.3791411 42
1741451645441 1.3715217 43
