1741451615635 5.9757442 0
1741451616381 8.260728 1
1741451617011 10.190493 2
1741451617646 11.874334 3
1741451618278 13.276777 4
1741451618915 14.478422 5
1741451619535 15.560151 6
1741451620162 16.540663 7
1741451620793 17.440874 8
1741451621417 18.315392 9
1741451622037 18.964165 10
1741451622659 19.454685 11
1741451623282 19.909147 12
1741451623908 20.311232 13
1741451624534 20.709042 14
1741451625170 21.022875 15
1741451625805 21.29072 16
1741451626442 21.551859 17
1741451627080 21.837223 18
1741451627709 22.11544 19
1741451628342 22.422049 20
1741451628971 22.658787 21
1741451629598 22.780085 22
1741451630231 22.814455 23
1741451630968 22.884027 24
1741451631786 23.145624 25
1741451632550 23.487526 26
1741451633325 23.739798 27
1741451634111 23.888681 28
1741451634845 24.035948 29
1741451635580 24.05448 30
1741451636333 24.141958 31
1741451637085 24.32822 32
1741451637842 24.497282 33
1741451638593 24.701363 34
1741451639357 24.83843 35
1741451640119 24.883879 36
1741451640877 24.889757 37
1741451641642 25.048807 38
1741451642405 25.312618 39
1741451643180 25.407854 40
1741451643937 25.324852 41
1741451644689 25.287764 42
1741451645442 25.187159 43
