1744732782583 0.5224461 0
1744732783348 0.3580525 1
1744732783977 0.24713013 2
1744732784612 0.17596087 3
1744732785241 0.13073963 4
1744732785872 0.10086901 5
1744732786495 0.080695935 6
1744732787120 0.06573121 7
1744732787747 0.055042032 8
1744732788383 0.04696631 9
1744732789022 0.040262554 10
1744732789655 0.035327855 11
1744732790297 0.030852718 12
1744732790957 0.027072124 0
1744732791625 0.02386549 1
1744732792270 0.021780536 2
1744732792891 0.01973713 3
1744732793518 0.017522765 4
1744732794138 0.016005777 5
1744732794761 0.014712913 6
1744732795389 0.013554623 7
1744732796020 0.012578234 8
1744732796664 0.0116215525 9
1744732797303 0.010943526 10
1744732797936 0.0100301495 11
1744732798575 0.009552075 12
1744732799229 0.008887335 0
1744732799876 0.008375183 1
1744732800667 0.007852513 2
1744732801487 0.0072779576 3
1744732802288 0.0068662604 4
1744732803095 0.006531369 5
1744732803905 0.0061717313 6
1744732804724 0.005897057 7
1744732805547 0.005672993 8
1744732806393 0.005295109 9
1744732807188 0.005103359 10
1744732807977 0.0048614815 11
1744732808762 0.004660159 12
1744732809554 0.004421894 0
1744732810316 0.004209969 1
1744732811092 0.0040572095 2
1744732811866 0.003907136 3
1744732812647 0.003721948 4
1744732813397 0.0036296074 5
1744732814156 0.0034692665 6
1744732814909 0.003353908 7
1744732815665 0.0032118347 8
1744732816420 0.0030910615 9
1744732817177 0.002975901 10
1744732817928 0.002866525 11
1744732818685 0.002795359 12
1744732819455 0.0026854286 0
1744732820226 0.002613079 1
1744732820982 0.0025225407 2
1744732821741 0.002400781 3
1744732822502 0.0023196759 4
1744732823263 0.0022548127 5
1744732824014 0.0021948733 6
1744732824766 0.002103621 7
1744732825519 0.002037026 8
1744732826282 0.00199569 9
1744732827038 0.0019146806 10
1744732827790 0.0018708593 11
1744732828536 0.0018423784 12
1744732829305 0.0017613248 0
1744732830064 0.0016891328 1
1744732830813 0.0016801954 2
1744732831563 0.0016322368 3
1744732832309 0.0015650735 4
1744732833038 0.001527178 5
1744732833768 0.0014707958 6
1744732834498 0.0014563265 7
1744732835246 0.0014593763 8
1744732835996 0.0013892143 9
1744732837006 0.0013565324 10
1744732837842 0.0013072181 11
1744732838621 0.0012789436 12
1744732839402 0.0012558096 0
1744732840168 0.0012427089 1
1744732840912 0.0012058269 2
1744732841667 0.0011570829 3
1744732842417 0.0011332678 4
1744732843167 0.001096636 5
1744732843924 0.0011168703 6
1744732844667 0.001071868 7
1744732845413 0.0010698378 8
1744732846170 0.001033829 9
1744732846936 0.00100559 10
1744732847682 0.0009981747 11
1744732848429 0.00095828227 12
1744732849185 0.00094257575 0
1744732849929 0.0009164019 1
1744732850678 0.0009017737 2
1744732851427 0.00091072766 3
1744732852169 0.0008865391 4
1744732852908 0.00085977296 5
1744732853656 0.00085484504 6
1744732854407 0.00083185366 7
1744732855165 0.00081148185 8
1744732856114 0.0007840249 9
1744732856866 0.0007755795 10
1744732857618 0.0007631208 11
1744732858364 0.00076288305 12
1744732859131 0.0007427394 0
1744732859884 0.00072116114 1
1744732860647 0.00072431454 2
1744732861398 0.00071359135 3
1744732862150 0.00068634964 4
1744732862901 0.00067755725 5
1744732863656 0.0006734251 6
1744732864404 0.00066380494 7
1744732865156 0.00064619223 8
1744732865902 0.00063032453 9
1744732866664 0.0006358673 10
1744732867408 0.00062840385 11
1744732868155 0.0006040154 12
1744732868917 0.00058999064 0
1744732869675 0.0005865456 1
1744732870425 0.0005781547 2
1744732871180 0.0005893903 3
1744732871934 0.0005620639 4
1744732872693 0.00056498067 5
1744732873457 0.0005575785 6
1744732874199 0.0005451658 7
1744732874946 0.0005307322 8
1744732875706 0.0005242997 9
1744732876460 0.0005191642 10
1744732877214 0.0005169913 11
1744732877962 0.00050801923 12
1744732878738 0.00050403114 0
1744732879504 0.00048754734 1
1744732880254 0.00047732054 2
1744732881001 0.00047536573 3
1744732881754 0.00046148288 4
1744732882509 0.00047323492 5
1744732883254 0.00046019597 6
1744732884001 0.00044898083 7
1744732884746 0.00045807086 8
1744732885503 0.0004426008 9
1744732886251 0.00043595626 10
1744732887000 0.000426493 11
1744732887751 0.00041718472 12
1744732888521 0.00042200167 0
1744732889271 0.0004153246 1
1744732890023 0.00041315943 2
1744732890770 0.00039970232 3
1744732891524 0.0003997674 4
1744732892272 0.00039389599 5
1744732893021 0.00038828727 6
1744732893781 0.00039033982 7
1744732894537 0.00038007429 8
1744732895283 0.0003770729 9
1744732896035 0.0003717925 10
1744732896790 0.00036107475 11
1744732897534 0.00036124108 12
1744732898301 0.00035757548 0
1744732899047 0.00035801646 1
1744732899801 0.00035966624 2
1744732900556 0.00035043014 3
1744732901304 0.0003478536 4
1744732902067 0.00034178066 5
1744732902815 0.00033962683 6
1744732903560 0.00033302658 7
1744732904302 0.00032485707 8
1744732905070 0.0003241836 9
1744732905822 0.0003215597 10
1744732906574 0.00030844237 11
1744732907320 0.00031653224 12
1744732908091 0.00031577892 0
1744732908841 0.00031600776 1
1744732909592 0.00031095883 2
1744732910343 0.00030541155 3
1744732911104 0.00029525856 4
1744732911877 0.00029970764 5
1744732912633 0.0002976355 6
1744732913389 0.00029215476 7
1744732914143 0.00028607593 8
1744732914898 0.00028713688 9
1744732915649 0.00028393636 10
1744732916406 0.00027908632 11
1744732917151 0.0002758188 12
1744732917915 0.00027331253 0
1744732918666 0.00026792646 1
1744732919429 0.00026976995 2
1744732920180 0.00026775285 3
1744732920925 0.00026368338 4
1744732921686 0.00026112286 5
1744732922440 0.0002599284 6
1744732923194 0.0002632201 7
1744732923942 0.00025828512 8
1744732924684 0.00025836652 9
1744732925439 0.00025477182 10
1744732926182 0.00025235408 11
1744732926925 0.0002479457 12
1744732927688 0.00023947192 0
1744732928441 0.000245268 1
1744732929193 0.00024046961 2
1744732929946 0.0002383479 3
1744732930705 0.00023712804 4
1744732931548 0.00023312622 5
1744732932305 0.00023539373 6
1744732933053 0.00023262874 7
1744732933804 0.00022698543 8
1744732934563 0.00022940621 9
1744732935311 0.00023167684 10
1744732936061 0.00022216569 11
1744732936808 0.00022443714 12
1744732937575 0.0002196881 0
1744732938325 0.00021836451 1
1744732939082 0.0002183972 2
1744732939836 0.00021046454 3
1744732940584 0.00021571766 4
1744732941334 0.00021301009 5
1744732942083 0.00021153057 6
1744732942834 0.00020617055 7
1744732943582 0.00020541392 8
1744732944337 0.00020441735 9
1744732945091 0.00020526254 10
1744732945839 0.00020464022 11
1744732946592 0.00019983105 12
1744732947361 0.00020036323 0
1744732948116 0.00019942685 1
1744732948860 0.00019343216 2
1744732949613 0.00019476282 3
1744732950367 0.00019417128 4
1744732951122 0.00019850895 5
1744732951879 0.00018991328 6
1744732952635 0.00019282142 7
1744732953393 0.00018314415 8
1744732954152 0.00018487484 9
1744732954902 0.00018311902 10
1744732955652 0.00018143216 11
1744732956403 0.00018234698 12
1744732957170 0.0001805373 0
1744732957928 0.00017921181 1
1744732958689 0.00017734515 2
1744732959438 0.0001761444 3
1744732960194 0.00017687245 4
1744732960957 0.00017554384 5
1744732961706 0.00017618721 6
1744732962465 0.00016878088 7
1744732963214 0.00017171205 8
1744732963961 0.00016747351 9
1744732964727 0.00016645524 10
1744732965482 0.00017177187 11
1744732966236 0.00016749697 12
1744732967007 0.0001644318 0
1744732967763 0.00016768601 1
1744732968524 0.00016311542 2
1744732969277 0.00016204736 3
1744732970023 0.00016030268 4
1744732970783 0.0001592537 5
1744732971540 0.00015725454 6
1744732972300 0.00016008012 7
1744732973051 0.00015529519 8
1744732973808 0.00015777409 9
1744732974562 0.00015629623 10
1744732975314 0.00015233968 11
1744732976064 0.00015420119 12
1744732976839 0.00014778877 0
1744732977599 0.00015148151 1
1744732978352 0.00015095212 2
1744732979102 0.0001474486 3
1744732979851 0.00015119917 4
1744732980608 0.00014756284 5
1744732981367 0.00014783743 6
1744732982116 0.00014347814 7
1744732982872 0.00014493812 8
1744732983630 0.00014129514 9
1744732984385 0.00014195898 10
1744732985133 0.0001390126 11
1744732985887 0.00014632815 12
1744732986659 0.00013971317 0
1744732987414 0.00014005411 1
1744732988159 0.00013563345 2
1744732988914 0.00013658103 3
1744732989658 0.00014027482 4
1744732990415 0.00013470388 5
1744732991168 0.00013519764 6
1744732991918 0.00013406803 7
1744732992667 0.00013521535 8
1744732993425 0.00013211368 9
1744732994174 0.00012961667 10
1744732994924 0.00013268927 11
1744732995678 0.00013156806 12
1744732996445 0.00013077696 0
1744732997198 0.00012753477 1
1744732997952 0.00012764106 2
1744732998705 0.00012710696 3
1744732999462 0.00012815163 4
1744733000207 0.00012509571 5
1744733000987 0.00012524633 6
1744733001758 0.00012240243 7
1744733002514 0.00012347865 8
1744733003269 0.00012231288 9
1744733004025 0.00012209092 10
1744733004767 0.00012380691 11
1744733005513 0.0001210044 12
1744733006289 0.000120466 0
1744733007130 0.000120474935 1
1744733007883 0.000116885065 2
1744733008640 0.0001219623 3
1744733009396 0.00011658763 4
1744733010143 0.00011666593 5
1744733010897 0.00011700384 6
1744733011653 0.00011782168 7
1744733012407 0.00011536395 8
1744733013156 0.000112469934 9
1744733013903 0.000113088325 10
1744733014657 0.000114291644 11
1744733015412 0.00011029904 12
1744733016179 0.00011172709 0
1744733016935 0.00011076868 1
1744733017678 0.000110764115 2
1744733018424 0.00011131589 3
1744733019173 0.00011065629 4
1744733019925 0.00010915467 5
1744733020679 0.000108090484 6
1744733021455 0.00010654553 7
1744733022222 0.000108366825 8
1744733023003 0.000105296 9
1744733023790 0.000108224645 10
1744733024551 0.00010834968 11
1744733025305 0.00010636852 12
1744733026099 0.000103150116 0
1744733026850 0.00010430041 1
1744733027608 0.00010619033 2
1744733028358 0.00010421098 3
1744733029103 0.00010441559 4
1744733029856 0.0001013902 5
1744733030622 0.00010099605 6
1744733031378 0.00010152356 7
1744733032126 0.00010199029 8
1744733032880 0.000101636906 9
1744733033632 9.8781304e-05 10
1744733034380 9.745749e-05 11
1744733035123 9.7569e-05 12
1744733035883 9.7862365e-05 0
1744733036632 9.727106e-05 1
1744733037379 9.584121e-05 2
1744733038130 9.798712e-05 3
1744733038880 9.796348e-05 4
1744733039631 9.6666634e-05 5
1744733040386 9.400472e-05 6
1744733041145 9.581107e-05 7
1744733041900 9.48338e-05 8
1744733042658 9.333024e-05 9
1744733043413 9.3446346e-05 10
1744733044160 9.3633214e-05 11
1744733044906 9.235028e-05 12
1744733045667 9.182985e-05 0
1744733046415 9.337825e-05 1
1744733047162 9.1951944e-05 2
1744733047907 9.079551e-05 3
1744733048660 8.926942e-05 4
1744733049406 8.898795e-05 5
1744733050147 8.7428096e-05 6
1744733050893 8.9427595e-05 7
1744733051656 9.31135e-05 8
1744733052410 8.907714e-05 9
1744733053156 8.869915e-05 10
1744733053908 8.4702224e-05 11
1744733054657 8.680189e-05 12
1744733055431 8.76502e-05 0
1744733056174 8.6268905e-05 1
1744733056925 8.567431e-05 2
1744733057690 8.575601e-05 3
1744733058458 8.564245e-05 4
1744733059214 8.622267e-05 5
1744733059961 8.561223e-05 6
1744733060708 8.497732e-05 7
1744733061468 8.453625e-05 8
1744733062219 8.3268416e-05 9
1744733062988 8.063732e-05 10
1744733063735 8.2031955e-05 11
1744733064486 8.122521e-05 12
1744733065252 8.146664e-05 0
1744733065993 8.188271e-05 1
1744733066738 7.903834e-05 2
1744733067485 8.113062e-05 3
1744733068231 8.4059226e-05 4
1744733068979 8.015677e-05 5
1744733069725 8.0190184e-05 6
1744733070483 7.896179e-05 7
1744733071228 8.133896e-05 8
1744733071977 7.984533e-05 9
1744733072717 7.7317505e-05 10
1744733073457 8.0294674e-05 11
1744733074202 7.663557e-05 12
1744733074966 7.970369e-05 0
1744733075712 7.769738e-05 1
1744733076473 7.692994e-05 2
1744733077221 7.5521544e-05 3
1744733077973 7.6781915e-05 4
1744733078723 7.6114324e-05 5
1744733079472 7.5045326e-05 6
1744733080225 7.673963e-05 7
1744733080974 7.490192e-05 8
1744733081722 7.5032534e-05 9
1744733082563 7.4491145e-05 10
1744733083318 7.5016986e-05 11
1744733084060 7.336618e-05 12
1744733084827 7.2795185e-05 0
1744733085581 7.356842e-05 1
1744733086330 7.367921e-05 2
1744733087080 7.1770744e-05 3
1744733087839 7.29526e-05 4
1744733088596 7.1089074e-05 5
1744733089346 7.319074e-05 6
1744733090098 7.2369054e-05 7
1744733090846 7.019158e-05 8
1744733091595 6.948441e-05 9
1744733092348 7.179869e-05 10
1744733093097 7.190488e-05 11
1744733093844 7.053545e-05 12
1744733094608 7.046825e-05 0
1744733095362 7.02615e-05 1
1744733096113 6.8774585e-05 2
1744733096868 6.796189e-05 3
1744733097638 6.882796e-05 4
1744733098409 6.982198e-05 5
1744733099160 6.685379e-05 6
1744733099911 6.8994486e-05 7
1744733100677 6.699362e-05 8
1744733101434 6.8794936e-05 9
1744733102184 6.7400964e-05 10
1744733102932 6.634221e-05 11
1744733103684 6.727146e-05 12
1744733104444 6.650391e-05 0
1744733105200 6.7453075e-05 1
1744733105950 6.435684e-05 2
1744733106703 6.596444e-05 3
1744733107455 6.4744956e-05 4
1744733108210 6.52892e-05 5
1744733108956 6.5270026e-05 6
1744733109708 6.5821565e-05 7
1744733110456 6.4863816e-05 8
1744733111201 6.556142e-05 9
1744733111954 6.3486776e-05 10
1744733112706 6.4230524e-05 11
1744733113457 6.291646e-05 12
1744733114226 6.359494e-05 0
1744733114979 6.323278e-05 1
1744733115722 6.127936e-05 2
1744733116467 6.19379e-05 3
1744733117225 6.0775634e-05 4
1744733117970 6.305935e-05 5
1744733118721 6.310311e-05 6
1744733119467 6.226018e-05 7
1744733120227 6.299194e-05 8
1744733120972 6.242693e-05 9
1744733121737 6.0060338e-05 10
1744733122497 6.2503146e-05 11
1744733123249 5.9950475e-05 12
1744733124011 6.045402e-05 0
1744733124757 6.000066e-05 1
1744733125507 6.0438477e-05 2
1744733126261 5.8679263e-05 3
1744733127007 5.9403537e-05 4
1744733127750 5.9062593e-05 5
1744733128502 5.8642625e-05 6
1744733129251 5.8715268e-05 7
1744733129999 5.902206e-05 8
1744733130749 5.9107617e-05 9
1744733131493 5.9050522e-05 10
1744733132253 5.925989e-05 11
1744733133000 5.779562e-05 12
1744733133762 5.7933623e-05 0
1744733134517 5.7910696e-05 1
1744733135268 5.8145357e-05 2
1744733136017 5.6835626e-05 3
1744733136761 5.688282e-05 4
1744733137545 5.708656e-05 5
1744733138331 5.6968773e-05 6
1744733139114 5.4893753e-05 7
1744733139889 5.519309e-05 8
1744733140672 5.61515e-05 9
1744733141426 5.7311197e-05 10
1744733142192 5.5295422e-05 11
1744733142946 5.4612858e-05 12
1744733143719 5.469233e-05 0
1744733144476 5.5989058e-05 1
1744733145218 5.456107e-05 2
1744733145970 5.633005e-05 3
1744733146724 5.4271688e-05 4
1744733147476 5.4384338e-05 5
1744733148224 5.4649157e-05 6
1744733148971 5.3602016e-05 7
1744733149736 5.3414453e-05 8
1744733150493 5.3663927e-05 9
1744733151252 5.338521e-05 10
1744733151994 5.2456835e-05 11
1744733152746 5.3091782e-05 12
1744733153506 5.4029308e-05 0
1744733154250 5.1665833e-05 1
1744733155009 5.3395084e-05 2
1744733155758 5.1358915e-05 3
1744733156515 5.150866e-05 4
1744733157267 5.20658e-05 5
1744733158106 5.3255782e-05 6
1744733158854 5.2681546e-05 7
1744733159600 5.192837e-05 8
1744733160362 5.0345687e-05 9
1744733161109 5.072896e-05 10
1744733161863 5.1217903e-05 11
1744733162616 5.0694212e-05 12
1744733163384 5.042347e-05 0
1744733164134 5.1052775e-05 1
1744733164883 5.0766324e-05 2
1744733165624 5.0051844e-05 3
1744733166372 4.976292e-05 4
1744733167121 4.9936385e-05 5
1744733167867 5.2059695e-05 6
1744733168619 4.9577113e-05 7
1744733169371 4.9464816e-05 8
1744733170123 4.946721e-05 9
1744733170868 4.9479673e-05 10
1744733171634 4.908056e-05 11
1744733172383 4.893432e-05 12
1744733173142 4.9403443e-05 0
1744733173892 4.932458e-05 1
1744733174642 4.7760026e-05 2
1744733175398 4.792286e-05 3
1744733176146 4.798772e-05 4
1744733176897 4.8392314e-05 5
1744733177652 4.7959984e-05 6
1744733178406 4.755453e-05 7
1744733179163 4.711959e-05 8
1744733179911 4.743311e-05 9
1744733180658 4.7974612e-05 10
1744733181406 4.7466256e-05 11
1744733182157 4.7513764e-05 12
1744733182923 4.6606336e-05 0
1744733183679 4.6763467e-05 1
1744733184433 4.6222318e-05 2
1744733185183 4.754711e-05 3
1744733185932 4.6036243e-05 4
1744733186682 4.54827e-05 5
1744733187431 4.6606765e-05 6
1744733188200 4.5642228e-05 7
1744733188942 4.5882953e-05 8
1744733189694 4.523769e-05 9
1744733190444 4.4997792e-05 10
1744733191187 4.5681907e-05 11
1744733191938 4.541166e-05 12
1744733192704 4.4737168e-05 0
1744733193450 4.5540102e-05 1
1744733194195 4.5768382e-05 2
1744733194946 4.4992026e-05 3
1744733195699 4.5369925e-05 4
1744733196450 4.3960456e-05 5
1744733197209 4.442166e-05 6
1744733197973 4.409211e-05 7
1744733198733 4.495013e-05 8
1744733199494 4.376564e-05 9
1744733200244 4.4499353e-05 10
1744733200996 4.261133e-05 11
1744733201747 4.2760308e-05 12
1744733202510 4.41723e-05 0
1744733203272 4.4179582e-05 1
1744733204023 4.239033e-05 2
1744733204788 4.191156e-05 3
1744733205570 4.2862353e-05 4
1744733206325 4.262907e-05 5
1744733207075 4.27754e-05 6
1744733207824 4.2829033e-05 7
1744733208576 4.2632324e-05 8
1744733209332 4.26062e-05 9
1744733210084 4.298429e-05 10
1744733210834 4.189158e-05 11
1744733211587 4.210578e-05 12
1744733212349 4.1829266e-05 0
1744733213102 4.181447e-05 1
1744733213857 4.1355866e-05 2
1744733214606 3.9756436e-05 3
1744733215356 4.164445e-05 4
1744733216113 4.112833e-05 5
1744733216856 4.091027e-05 6
1744733217608 4.0316085e-05 7
1744733218367 4.0528863e-05 8
1744733219121 4.0706775e-05 9
1744733219867 4.1431776e-05 10
1744733220615 4.1346033e-05 11
1744733221367 4.140793e-05 12
1744733222135 3.9488707e-05 0
1744733222896 4.0810235e-05 1
1744733223647 4.024709e-05 2
1744733224390 4.097504e-05 3
1744733225136 4.0247844e-05 4
1744733225884 3.9732382e-05 5
1744733226624 3.9805953e-05 6
1744733227370 3.903633e-05 7
1744733228124 3.9663017e-05 8
1744733228873 3.846807e-05 9
1744733229617 3.8671507e-05 10
1744733230378 3.9445407e-05 11
1744733231129 3.850831e-05 12
1744733231896 3.903301e-05 0
1744733232642 3.8283804e-05 1
1744733233477 3.875531e-05 2
1744733234231 3.8765185e-05 3
1744733234979 3.903743e-05 4
1744733235721 3.802612e-05 5
1744733236470 3.889237e-05 6
1744733237224 3.8090824e-05 7
1744733237968 3.827811e-05 8
1744733238710 3.8338116e-05 9
1744733239457 3.7150014e-05 10
1744733240206 3.73429e-05 11
1744733240952 3.7364644e-05 12
1744733241712 3.686521e-05 0
1744733242458 3.7325764e-05 1
1744733243202 3.7660502e-05 2
1744733243954 3.789347e-05 3
1744733244695 3.79738e-05 4
1744733245443 3.680295e-05 5
1744733246191 3.8169135e-05 6
1744733246931 3.6710626e-05 7
1744733247678 3.7076737e-05 8
1744733248424 3.6924597e-05 9
1744733249189 3.6498514e-05 10
1744733249939 3.6249472e-05 11
1744733250683 3.6253306e-05 12
1744733251439 3.7827645e-05 0
1744733252189 3.6618436e-05 1
1744733252939 3.6029694e-05 2
1744733253682 3.5723664e-05 3
1744733254432 3.6189387e-05 4
1744733255184 3.54194e-05 5
1744733255941 3.6518148e-05 6
1744733256690 3.570677e-05 7
1744733257444 3.582009e-05 8
1744733258199 3.4958946e-05 9
1744733258945 3.5403362e-05 10
1744733259696 3.562069e-05 11
1744733260447 3.442491e-05 12
1744733261204 3.487436e-05 0
1744733261953 3.5575697e-05 1
1744733262708 3.5602643e-05 2
1744733263454 3.4655313e-05 3
1744733264203 3.4439483e-05 4
1744733264951 3.5395056e-05 5
1744733265701 3.4630295e-05 6
1744733266445 3.43028e-05 7
1744733267203 3.3514232e-05 8
1744733267948 3.498734e-05 9
1744733268695 3.485262e-05 10
1744733269443 3.3621604e-05 11
1744733270191 3.4769724e-05 12
1744733270956 3.486091e-05 0
1744733271709 3.390054e-05 1
1744733272459 3.320221e-05 2
1744733273210 3.3555065e-05 3
1744733273957 3.3011147e-05 4
1744733274712 3.372603e-05 5
1744733275463 3.4321783e-05 6
1744733276231 3.3306544e-05 7
1744733276982 3.2635664e-05 8
1744733277732 3.4182634e-05 9
1744733278484 3.3372504e-05 10
1744733279232 3.3147895e-05 11
1744733279997 3.3554184e-05 12
1744733280757 3.3105007e-05 0
1744733281514 3.299942e-05 1
1744733282263 3.2543212e-05 2
1744733283009 3.283048e-05 3
1744733283761 3.241097e-05 4
1744733284508 3.2593456e-05 5
1744733285252 3.39209e-05 6
1744733285996 3.1982774e-05 7
1744733286741 3.242604e-05 8
1744733287492 3.1648262e-05 9
1744733288242 3.2713408e-05 10
1744733288981 3.290775e-05 11
1744733289732 3.244085e-05 12
1744733290498 3.2493313e-05 0
1744733291248 3.229561e-05 1
1744733292000 3.2233456e-05 2
1744733292750 3.126875e-05 3
1744733293500 3.1721887e-05 4
1744733294244 3.130969e-05 5
1744733294995 3.160687e-05 6
1744733295742 3.2221273e-05 7
1744733296502 3.0995285e-05 8
1744733297240 3.178222e-05 9
1744733297990 3.098771e-05 10
1744733298734 3.109046e-05 11
1744733299490 3.1230207e-05 12
1744733300259 3.1073716e-05 0
1744733301005 3.101196e-05 1
1744733301755 3.0653206e-05 2
1744733302508 3.092746e-05 3
1744733303254 3.0354127e-05 4
1744733304001 2.9794042e-05 5
1744733304750 2.9814353e-05 6
1744733305503 3.1274652e-05 7
1744733306251 3.108237e-05 8
1744733306994 3.0336794e-05 9
1744733307743 2.978823e-05 10
1744733308583 3.139394e-05 11
1744733309334 3.0508965e-05 12
1744733310092 2.9909555e-05 0
1744733310852 3.032299e-05 1
1744733311613 3.022391e-05 2
1744733312365 2.962036e-05 3
1744733313126 2.9798115e-05 4
1744733313865 2.9516581e-05 5
1744733314611 2.9628243e-05 6
1744733315356 2.97327e-05 7
1744733316095 2.9369952e-05 8
1744733316843 2.9811397e-05 9
1744733317591 2.9861303e-05 10
1744733318334 2.9517607e-05 11
1744733319085 2.9428158e-05 12
1744733319852 2.9917395e-05 0
1744733320597 2.8892193e-05 1
1744733321346 3.0559066e-05 2
1744733322098 2.9019018e-05 3
1744733322866 2.8315762e-05 4
1744733323605 2.8517466e-05 5
1744733324352 2.8870889e-05 6
1744733325103 2.9077632e-05 7
1744733325847 2.8319004e-05 8
1744733326600 2.8395914e-05 9
1744733327350 2.8329012e-05 10
1744733328099 2.8114757e-05 11
1744733328850 2.8077304e-05 12
1744733329612 2.8633063e-05 0
1744733330361 2.8923812e-05 1
1744733331104 2.8016544e-05 2
1744733331846 2.7910733e-05 3
1744733332597 2.7560272e-05 4
1744733333354 2.8777871e-05 5
1744733334101 2.8795363e-05 6
1744733334849 2.7939348e-05 7
1744733335595 2.7325963e-05 8
1744733336341 2.7552167e-05 9
1744733337093 2.7169142e-05 10
1744733337847 2.7663866e-05 11
1744733338590 2.8124856e-05 12
1744733339358 2.7510374e-05 0
1744733340108 2.819307e-05 1
1744733340859 2.7488932e-05 2
1744733341606 2.6890506e-05 3
1744733342355 2.70634e-05 4
1744733343098 2.8001734e-05 5
1744733343842 2.6689451e-05 6
1744733344586 2.7149395e-05 7
1744733345350 2.7807655e-05 8
1744733346100 2.7035025e-05 9
1744733346842 2.6566076e-05 10
1744733347591 2.7393111e-05 11
1744733348341 2.6463455e-05 12
1744733349110 2.6514086e-05 0
1744733349870 2.7279919e-05 1
1744733350628 2.6793545e-05 2
1744733351383 2.6896016e-05 3
1744733352142 2.6175932e-05 4
1744733352891 2.6697362e-05 5
1744733353644 2.635449e-05 6
1744733354387 2.5871619e-05 7
1744733355133 2.6625685e-05 8
1744733355886 2.626746e-05 9
1744733356632 2.7009539e-05 10
1744733357379 2.655469e-05 11
1744733358150 2.5707852e-05 12
1744733358932 2.587768e-05 0
1744733359679 2.5336296e-05 1
1744733360425 2.5734533e-05 2
1744733361177 2.5939433e-05 3
1744733361924 2.6195303e-05 4
1744733362680 2.631606e-05 5
1744733363429 2.6221049e-05 6
1744733364176 2.5781355e-05 7
1744733364926 2.6165988e-05 8
1744733365674 2.6587039e-05 9
1744733366422 2.506592e-05 10
1744733367181 2.5151858e-05 11
1744733367930 2.5336387e-05 12
1744733368689 2.568696e-05 0
1744733369437 2.525197e-05 1
1744733370190 2.566233e-05 2
1744733370935 2.541897e-05 3
1744733371687 2.5599657e-05 4
1744733372442 2.494832e-05 5
1744733373189 2.5045932e-05 6
1744733373942 2.489968e-05 7
1744733374691 2.5149917e-05 8
1744733375434 2.4661791e-05 9
1744733376177 2.4459134e-05 10
1744733376928 2.4497242e-05 11
1744733377673 2.4464569e-05 12
1744733378438 2.460393e-05 0
1744733379184 2.4648294e-05 1
1744733379934 2.4409115e-05 2
1744733380689 2.4461202e-05 3
1744733381431 2.4275918e-05 4
1744733382182 2.5366578e-05 5
1744733382935 2.4022465e-05 6
1744733383771 2.4323763e-05 7
1744733384518 2.5035668e-05 8
1744733385261 2.4198223e-05 9
1744733386014 2.4150802e-05 10
1744733386763 2.4489955e-05 11
1744733387499 2.3991603e-05 12
1744733388261 2.474565e-05 0
1744733389013 2.4434969e-05 1
1744733389771 2.4165554e-05 2
1744733390515 2.3932793e-05 3
1744733391274 2.390357e-05 4
1744733392029 2.3083721e-05 5
1744733392777 2.3631384e-05 6
1744733393522 2.3467768e-05 7
1744733394269 2.3369088e-05 8
1744733395022 2.3991211e-05 9
1744733395767 2.390926e-05 10
1744733396518 2.3280394e-05 11
1744733397270 2.327682e-05 12
1744733398035 2.4447634e-05 0
1744733398783 2.300279e-05 1
1744733399525 2.3706985e-05 2
1744733400279 2.25847e-05 3
1744733401041 2.3186045e-05 4
1744733401793 2.27917e-05 5
1744733402540 2.351152e-05 6
1744733403301 2.3715067e-05 7
1744733404044 2.3228511e-05 8
1744733404796 2.3336564e-05 9
1744733405542 2.3419088e-05 10
1744733406291 2.2493303e-05 11
1744733407040 2.2644857e-05 12
1744733407802 2.2631155e-05 0
1744733408546 2.2869319e-05 1
1744733409294 2.25552e-05 2
1744733410048 2.3028104e-05 3
1744733410797 2.3152461e-05 4
1744733411548 2.3104338e-05 5
1744733412300 2.30238e-05 6
1744733413050 2.2083155e-05 7
1744733413803 2.2952694e-05 8
1744733414558 2.2263774e-05 9
1744733415311 2.2164764e-05 10
1744733416058 2.2327491e-05 11
1744733416810 2.2256838e-05 12
1744733417576 2.2116505e-05 0
1744733418324 2.2676946e-05 1
1744733419072 2.1776184e-05 2
1744733419826 2.295826e-05 3
1744733420572 2.2047134e-05 4
1744733421324 2.2009028e-05 5
1744733422077 2.2071294e-05 6
1744733422828 2.176488e-05 7
1744733423576 2.1873739e-05 8
1744733424324 2.261935e-05 9
1744733425081 2.1536878e-05 10
1744733425838 2.1678077e-05 11
1744733426575 2.1718934e-05 12
1744733427342 2.2123802e-05 0
1744733428099 2.2015658e-05 1
1744733428851 2.1664146e-05 2
1744733429601 2.1489057e-05 3
1744733430348 2.1277681e-05 4
1744733431125 2.1675489e-05 5
1744733431889 2.1279266e-05 6
1744733432642 2.1519561e-05 7
1744733433388 2.1443695e-05 8
1744733434133 2.1407195e-05 9
1744733434882 2.1224978e-05 10
1744733435629 2.1295755e-05 11
1744733436383 2.1229213e-05 12
1744733437152 2.1197555e-05 0
1744733437895 2.1631842e-05 1
1744733438635 2.0931686e-05 2
1744733439380 2.1271855e-05 3
1744733440131 2.0764992e-05 4
1744733440881 2.1160111e-05 5
1744733441628 2.1412332e-05 6
1744733442371 2.077695e-05 7
1744733443120 2.1085021e-05 8
1744733443870 2.1027307e-05 9
1744733444623 2.0491532e-05 10
1744733445365 2.0577429e-05 11
1744733446111 2.0413785e-05 12
1744733446874 2.0782387e-05 0
1744733447620 2.0818072e-05 1
1744733448373 2.0878744e-05 2
1744733449115 2.0143756e-05 3
1744733449855 2.0248535e-05 4
1744733450603 2.1000307e-05 5
1744733451356 2.0773008e-05 6
1744733452116 2.0359115e-05 7
1744733452855 1.9973368e-05 8
1744733453601 2.040295e-05 9
1744733454344 2.0447651e-05 10
1744733455093 2.0315842e-05 11
1744733455839 2.0521591e-05 12
1744733456606 2.0558928e-05 0
1744733457355 2.081942e-05 1
1744733458102 2.0031423e-05 2
1744733458941 2.0133e-05 3
1744733459691 2.0286736e-05 4
1744733460442 1.9614166e-05 5
1744733461187 1.9916306e-05 6
1744733461933 1.9515915e-05 7
1744733462679 2.0357491e-05 8
1744733463424 1.9828034e-05 9
1744733464168 2.0059555e-05 10
1744733464913 1.9852994e-05 11
1744733465658 1.9285573e-05 12
1744733466429 1.9516623e-05 0
1744733467172 2.007596e-05 1
1744733467913 1.95803e-05 2
1744733468657 1.9497775e-05 3
1744733469402 1.9997598e-05 4
1744733470168 1.9437573e-05 5
1744733470944 1.9704568e-05 6
1744733471698 1.9540266e-05 7
1744733472448 1.9503697e-05 8
1744733473199 1.9375415e-05 9
1744733473950 1.927673e-05 10
1744733474706 1.9077002e-05 11
1744733475456 1.933173e-05 12
1744733476225 1.9728051e-05 0
1744733476969 1.896917e-05 1
1744733477711 1.9373607e-05 2
1744733478465 1.9982099e-05 3
1744733479215 1.9351259e-05 4
1744733479957 1.9092418e-05 5
1744733480703 1.9379739e-05 6
1744733481459 1.9016328e-05 7
1744733482208 1.8845974e-05 8
1744733482963 1.8956982e-05 9
1744733483709 1.843109e-05 10
1744733484456 1.8730578e-05 11
1744733485205 1.9008072e-05 12
1744733485969 1.9432237e-05 0
1744733486718 1.8903856e-05 1
1744733487476 1.9312909e-05 2
1744733488218 1.8751061e-05 3
1744733488962 1.8470024e-05 4
1744733489710 1.8714461e-05 5
1744733490452 1.8325127e-05 6
1744733491208 1.8418068e-05 7
1744733491949 1.8710376e-05 8
1744733492694 1.8637647e-05 9
1744733493433 1.8645222e-05 10
1744733494189 1.868332e-05 11
1744733494944 1.8210745e-05 12
1744733495701 1.8709245e-05 0
1744733496445 1.8958903e-05 1
1744733497193 1.8446588e-05 2
1744733497939 1.759526e-05 3
1744733498679 1.8186343e-05 4
1744733499419 1.7756305e-05 5
1744733500163 1.7996264e-05 6
1744733500907 1.9046493e-05 7
1744733501651 1.8288367e-05 8
1744733502427 1.8276056e-05 9
1744733503171 1.8114799e-05 10
1744733503921 1.8154642e-05 11
1744733504674 1.767569e-05 12
1744733505436 1.793042e-05 0
1744733506185 1.802679e-05 1
1744733506927 1.7918712e-05 2
1744733507672 1.775016e-05 3
1744733508420 1.7404258e-05 4
1744733509170 1.7890014e-05 5
1744733509914 1.8036711e-05 6
1744733510662 1.8188197e-05 7
1744733511415 1.716647e-05 8
1744733512161 1.7716997e-05 9
1744733512904 1.8283963e-05 10
1744733513652 1.7873183e-05 11
1744733514396 1.7659077e-05 12
1744733515161 1.7292434e-05 0
1744733515912 1.8410072e-05 1
1744733516659 1.7359336e-05 2
1744733517407 1.6921755e-05 3
1744733518151 1.7179713e-05 4
1744733518931 1.7280743e-05 5
1744733519688 1.7506327e-05 6
1744733520440 1.8113182e-05 7
1744733521188 1.7209533e-05 8
1744733521945 1.71899e-05 9
1744733522696 1.7349006e-05 10
1744733523443 1.7179771e-05 11
1744733524195 1.7615153e-05 12
1744733524956 1.7178658e-05 0
1744733525708 1.7477581e-05 1
1744733526461 1.7503604e-05 2
1744733527204 1.755383e-05 3
1744733527956 1.6692384e-05 4
1744733528713 1.7391809e-05 5
1744733529461 1.7220547e-05 6
1744733530211 1.6933736e-05 7
1744733530961 1.6916323e-05 8
1744733531698 1.7208044e-05 9
1744733532451 1.6949614e-05 10
1744733533211 1.6428614e-05 11
1744733534060 1.6847807e-05 12
1744733534916 1.7283712e-05 0
1744733535679 1.7182909e-05 1
1744733536428 1.7023289e-05 2
1744733537179 1.6784314e-05 3
1744733537931 1.6435766e-05 4
1744733538679 1.678328e-05 5
1744733539434 1.651403e-05 6
1744733540195 1.6332737e-05 7
1744733540948 1.6639307e-05 8
1744733541694 1.6701593e-05 9
1744733542438 1.6506609e-05 10
1744733543193 1.6344195e-05 11
1744733543949 1.7254979e-05 12
1744733544721 1.6031341e-05 0
1744733545468 1.6351252e-05 1
1744733546222 1.6331604e-05 2
1744733546971 1.6519069e-05 3
1744733547720 1.6167241e-05 4
1744733548466 1.5902966e-05 5
1744733549229 1.703089e-05 6
1744733549981 1.6424387e-05 7
1744733550729 1.6511105e-05 8
1744733551480 1.6483267e-05 9
1744733552256 1.6003372e-05 10
1744733553009 1.617583e-05 11
1744733553752 1.704678e-05 12
1744733554525 1.601036e-05 0
1744733555280 1.6180498e-05 1
1744733556035 1.6095366e-05 2
1744733556783 1.6277856e-05 3
1744733557530 1.611359e-05 4
1744733558283 1.6186697e-05 5
1744733559043 1.5756343e-05 6
1744733559790 1.5928152e-05 7
1744733560539 1.5718559e-05 8
1744733561285 1.6057966e-05 9
1744733562039 1.6193231e-05 10
1744733562785 1.6150003e-05 11
1744733563530 1.5637155e-05 12
1744733564292 1.5981368e-05 0
1744733565054 1.577867e-05 1
1744733565796 1.639643e-05 2
1744733566538 1.5279196e-05 3
1744733567293 1.5616695e-05 4
1744733568054 1.5869617e-05 5
1744733568805 1.5772805e-05 6
1744733569553 1.5787058e-05 7
1744733570293 1.5794176e-05 8
1744733571045 1.5361355e-05 9
1744733571797 1.5334805e-05 10
1744733572543 1.5218758e-05 11
1744733573291 1.5413698e-05 12
1744733574054 1.5344396e-05 0
1744733574803 1.5841102e-05 1
1744733575557 1.5996904e-05 2
1744733576309 1.5534959e-05 3
1744733577053 1.5663387e-05 4
1744733577805 1.563898e-05 5
1744733578554 1.5103547e-05 6
1744733579303 1.5159523e-05 7
1744733580054 1.5065104e-05 8
1744733580806 1.4996257e-05 9
1744733581554 1.5083656e-05 10
1744733582311 1.5260597e-05 11
1744733583064 1.4639368e-05 12
1744733583826 1.4838669e-05 0
1744733584571 1.4915314e-05 1
1744733585315 1.5154679e-05 2
1744733586062 1.5024696e-05 3
1744733586818 1.5213957e-05 4
1744733587582 1.5030989e-05 5
1744733588331 1.5061285e-05 6
1744733589081 1.5335774e-05 7
1744733589833 1.5357526e-05 8
1744733590584 1.4983671e-05 9
1744733591335 1.4841986e-05 10
1744733592097 1.535223e-05 11
1744733592841 1.4678931e-05 12
1744733593607 1.5141087e-05 0
1744733594358 1.467403e-05 1
1744733595106 1.5340805e-05 2
1744733595859 1.4786189e-05 3
1744733596612 1.4518144e-05 4
1744733597362 1.4442202e-05 5
1744733598122 1.4796684e-05 6
1744733598875 1.47321325e-05 7
1744733599623 1.4901792e-05 8
1744733600365 1.4983793e-05 9
1744733601113 1.4145012e-05 10
1744733601864 1.4408953e-05 11
1744733602632 1.4691665e-05 12
1744733603400 1.4583589e-05 0
1744733604151 1.4308428e-05 1
1744733604887 1.4379954e-05 2
1744733605636 1.47459305e-05 3
1744733606384 1.4258119e-05 4
1744733607166 1.4158681e-05 5
1744733607924 1.4449726e-05 6
1744733608661 1.4362758e-05 7
1744733609501 1.4373737e-05 8
1744733610247 1.4550206e-05 9
1744733610988 1.4312384e-05 10
1744733611731 1.4786214e-05 11
1744733612476 1.437545e-05 12
1744733613238 1.4493109e-05 0
1744733613989 1.39337835e-05 1
1744733614740 1.4358126e-05 2
1744733615489 1.4858454e-05 3
1744733616237 1.4255866e-05 4
1744733616981 1.3748303e-05 5
1744733617735 1.42025565e-05 6
1744733618487 1.4093044e-05 7
1744733619231 1.4612876e-05 8
1744733619992 1.3820197e-05 9
1744733620747 1.3914015e-05 10
1744733621491 1.3952532e-05 11
1744733622244 1.3812159e-05 12
1744733623011 1.3745675e-05 0
1744733623756 1.3948446e-05 1
1744733624506 1.3951889e-05 2
1744733625254 1.3925933e-05 3
1744733626004 1.3803521e-05 4
1744733626759 1.3819728e-05 5
1744733627513 1.41721175e-05 6
1744733628264 1.4144071e-05 7
1744733629011 1.3817421e-05 8
1744733629760 1.3810856e-05 9
1744733630509 1.3862027e-05 10
1744733631264 1.37982115e-05 11
1744733632021 1.3924833e-05 12
1744733632785 1.3829521e-05 0
1744733633536 1.3929006e-05 1
1744733634286 1.3742217e-05 2
1744733635037 1.3906418e-05 3
1744733635788 1.4027431e-05 4
1744733636533 1.36743265e-05 5
1744733637287 1.32789455e-05 6
1744733638031 1.32873265e-05 7
1744733638770 1.3789224e-05 8
1744733639513 1.3379872e-05 9
1744733640266 1.33945205e-05 10
1744733641013 1.3495157e-05 11
1744733641763 1.34222e-05 12
1744733642533 1.3622569e-05 0
1744733643278 1.3612754e-05 1
1744733644025 1.3185323e-05 2
1744733644765 1.2926641e-05 3
1744733645520 1.3180644e-05 4
1744733646273 1.35909595e-05 5
1744733647019 1.3420278e-05 6
1744733647764 1.32791065e-05 7
1744733648522 1.3284113e-05 8
1744733649274 1.3325885e-05 9
1744733650029 1.3326968e-05 10
1744733650775 1.34201055e-05 11
1744733651526 1.3133946e-05 12
1744733652299 1.3579841e-05 0
1744733653043 1.30824e-05 1
1744733653790 1.33784515e-05 2
1744733654550 1.30175495e-05 3
1744733655295 1.3579696e-05 4
1744733656051 1.3066344e-05 5
1744733656796 1.2781447e-05 6
1744733657567 1.2983688e-05 7
1744733658322 1.2788305e-05 8
1744733659070 1.3153907e-05 9
1744733659814 1.3035394e-05 10
1744733660564 1.2751703e-05 11
1744733661313 1.3153157e-05 12
1744733662075 1.28772535e-05 0
1744733662824 1.2779269e-05 1
1744733663573 1.2824028e-05 2
1744733664324 1.2761561e-05 3
1744733665080 1.282093e-05 4
1744733665827 1.26696e-05 5
1744733666582 1.2895255e-05 6
1744733667335 1.27831645e-05 7
1744733668083 1.2949118e-05 8
1744733668831 1.2906224e-05 9
1744733669577 1.3158784e-05 10
1744733670324 1.2482183e-05 11
1744733671073 1.2839909e-05 12
1744733671841 1.2415098e-05 0
1744733672587 1.2975534e-05 1
1744733673340 1.3276204e-05 2
1744733674088 1.24523895e-05 3
1744733674834 1.2711749e-05 4
1744733675581 1.245951e-05 5
1744733676334 1.2666718e-05 6
1744733677086 1.2867551e-05 7
1744733677837 1.2565372e-05 8
1744733678583 1.2274444e-05 9
1744733679337 1.2241974e-05 10
1744733680078 1.2702832e-05 11
1744733680824 1.2494181e-05 12
1744733681581 1.22561405e-05 0
1744733682330 1.2544549e-05 1
1744733683075 1.25751585e-05 2
1744733683823 1.2504511e-05 3
1744733684668 1.2678508e-05 4
1744733685422 1.2220124e-05 5
1744733686171 1.2340847e-05 6
1744733686941 1.2245653e-05 7
1744733687691 1.2198931e-05 8
1744733688443 1.2268641e-05 9
1744733689194 1.2609599e-05 10
1744733689941 1.207473e-05 11
1744733690687 1.2516061e-05 12
1744733691456 1.2415749e-05 0
1744733692208 1.2071645e-05 1
1744733692950 1.2431988e-05 2
1744733693694 1.2234664e-05 3
1744733694445 1.198467e-05 4
1744733695206 1.2186207e-05 5
1744733695953 1.2080393e-05 6
1744733696707 1.2199124e-05 7
1744733697454 1.2645347e-05 8
1744733698206 1.2733565e-05 9
1744733698962 1.1757837e-05 10
1744733699705 1.1711839e-05 11
1744733700453 1.1757357e-05 12
1744733701219 1.21229505e-05 0
1744733701965 1.2316754e-05 1
1744733702716 1.1691779e-05 2
1744733703468 1.180483e-05 3
1744733704215 1.2382058e-05 4
1744733704960 1.1879855e-05 5
1744733705704 1.1937234e-05 6
1744733706441 1.2146271e-05 7
1744733707186 1.1852107e-05 8
1744733707930 1.1639094e-05 9
1744733708684 1.1873359e-05 10
1744733709426 1.1777501e-05 11
1744733710175 1.17437085e-05 12
1744733710936 1.18458065e-05 0
1744733711675 1.1641053e-05 1
1744733712433 1.209843e-05 2
1744733713184 1.1629311e-05 3
1744733713927 1.1858455e-05 4
1744733714669 1.1664774e-05 5
1744733715415 1.1600499e-05 6
1744733716173 1.1821636e-05 7
1744733716920 1.1748656e-05 8
1744733717670 1.1446048e-05 9
1744733718419 1.17032505e-05 10
1744733719160 1.1507691e-05 11
1744733719906 1.2055327e-05 12
1744733720671 1.164508e-05 0
1744733721422 1.1699587e-05 1
1744733722173 1.1429557e-05 2
1744733722928 1.1847403e-05 3
1744733723677 1.1343708e-05 4
1744733724423 1.141079e-05 5
1744733725175 1.1545926e-05 6
1744733725915 1.1724706e-05 7
1744733726672 1.1587932e-05 8
1744733727426 1.1746829e-05 9
1744733728161 1.1145865e-05 10
1744733728920 1.1103254e-05 11
1744733729664 1.1338479e-05 12
1744733730423 1.1150579e-05 0
1744733731166 1.1835009e-05 1
1744733731915 1.1949251e-05 2
1744733732665 1.0886928e-05 3
1744733733406 1.1344978e-05 4
1744733734153 1.1231887e-05 5
1744733734900 1.1381874e-05 6
1744733735645 1.1197366e-05 7
1744733736398 1.1473367e-05 8
1744733737139 1.1287676e-05 9
1744733737886 1.1169109e-05 10
1744733738635 1.1239496e-05 11
1744733739384 1.1192277e-05 12
1744733740147 1.1277991e-05 0
1744733740896 1.1497075e-05 1
1744733741642 1.1099146e-05 2
1744733742389 1.0770397e-05 3
1744733743134 1.1285232e-05 4
1744733743881 1.1104671e-05 5
1744733744631 1.1467588e-05 6
1744733745378 1.1020176e-05 7
1744733746121 1.108305e-05 8
1744733746864 1.116273e-05 9
1744733747613 1.0751865e-05 10
1744733748360 1.0944993e-05 11
1744733749115 1.1009254e-05 12
1744733749874 1.0578974e-05 0
1744733750623 1.1026063e-05 1
1744733751377 1.1289298e-05 2
1744733752119 1.0953214e-05 3
1744733752869 1.0957323e-05 4
1744733753623 1.1192664e-05 5
1744733754380 1.1087694e-05 6
1744733755125 1.07844135e-05 7
1744733755870 1.0802351e-05 8
1744733756622 1.0648844e-05 9
1744733757365 1.0959121e-05 10
1744733758107 1.1006499e-05 11
1744733758869 1.0908841e-05 12
1744733759731 1.0771283e-05 0
1744733760478 1.1015991e-05 1
1744733761220 1.0788216e-05 2
1744733761975 1.0860445e-05 3
1744733762729 1.0584407e-05 4
1744733763475 1.0714437e-05 5
1744733764223 1.0916722e-05 6
1744733764973 1.0925973e-05 7
1744733765718 1.0692981e-05 8
1744733766465 1.0581672e-05 9
1744733767215 1.05637355e-05 10
1744733767967 1.0793798e-05 11
1744733768721 1.0772386e-05 12
1744733769493 1.0642857e-05 0
1744733770239 1.0517579e-05 1
1744733770992 1.0516663e-05 2
1744733771742 1.0985326e-05 3
1744733772486 1.05561e-05 4
1744733773227 1.03409775e-05 5
1744733773973 1.0395728e-05 6
1744733774738 1.0863326e-05 7
1744733775501 1.0736559e-05 8
1744733776251 1.0209027e-05 9
1744733776991 1.0555836e-05 10
1744733777746 1.079405e-05 11
1744733778497 1.04828605e-05 12
1744733779263 1.0762698e-05 0
1744733779998 1.0396393e-05 1
1744733780743 1.0231069e-05 2
1744733781481 1.0519894e-05 3
1744733782232 1.0407139e-05 4
1744733782974 1.0957882e-05 5
1744733783724 1.0281174e-05 6
1744733784472 1.0192994e-05 7
1744733785218 1.0230013e-05 8
1744733785961 1.0218213e-05 9
1744733786705 1.04073215e-05 10
1744733787457 1.0176173e-05 11
1744733788197 1.0392918e-05 12
1744733788963 1.0664899e-05 0
1744733789708 1.0060703e-05 1
1744733790457 1.0381371e-05 2
1744733791211 1.0513454e-05 3
1744733791953 1.02475915e-05 4
1744733792705 1.0266792e-05 5
1744733793458 1.0192343e-05 6
1744733794205 1.0504207e-05 7
1744733794956 1.0053929e-05 8
1744733795702 1.0104878e-05 9
1744733796446 9.902519e-06 10
1744733797202 1.0046136e-05 11
1744733797954 9.896072e-06 12
1744733798730 1.0248423e-05 0
1744733799477 1.008636e-05 1
1744733800226 1.0391313e-05 2
1744733800978 1.0092745e-05 3
1744733801730 1.0549471e-05 4
1744733802470 9.883353e-06 5
1744733803217 1.0095649e-05 6
1744733803957 9.713988e-06 7
1744733804703 9.932808e-06 8
1744733805447 9.974581e-06 9
1744733806187 9.960934e-06 10
1744733806929 1.0201304e-05 11
1744733807677 9.890457e-06 12
1744733808449 9.981958e-06 0
1744733809200 1.0053947e-05 1
1744733809950 1.00392335e-05 2
1744733810715 9.8584205e-06 3
1744733811469 9.704968e-06 4
1744733812229 9.773953e-06 5
1744733812984 9.999604e-06 6
1744733813729 9.835624e-06 7
1744733814481 9.921599e-06 8
1744733815232 9.898382e-06 9
1744733815974 1.0268345e-05 10
1744733816724 9.655837e-06 11
1744733817472 9.585822e-06 12
1744733818240 1.0057978e-05 0
1744733818986 9.791249e-06 1
1744733819733 9.61967e-06 2
1744733820490 9.9407935e-06 3
1744733821241 9.660683e-06 4
1744733821999 9.661416e-06 5
1744733822765 9.642773e-06 6
1744733823530 9.723852e-06 7
1744733824275 9.729897e-06 8
1744733825030 9.982143e-06 9
1744733825773 9.639268e-06 10
1744733826523 9.622903e-06 11
1744733827275 9.693601e-06 12
1744733828046 9.532773e-06 0
1744733828794 9.871463e-06 1
1744733829543 9.650248e-06 2
1744733830293 9.832625e-06 3
1744733831035 9.362673e-06 4
1744733831780 9.68658e-06 5
1744733832526 9.645782e-06 6
1744733833282 9.494844e-06 7
1744733834032 9.531167e-06 8
1744733834872 9.518617e-06 9
1744733835619 9.485848e-06 10
1744733836369 9.249964e-06 11
1744733837124 9.52947e-06 12
1744733837902 9.917598e-06 0
1744733838652 9.383572e-06 1
1744733839396 9.247258e-06 2
1744733840155 9.470799e-06 3
1744733840910 9.320155e-06 4
1744733841659 9.6350095e-06 5
1744733842403 9.369454e-06 6
1744733843152 9.452288e-06 7
1744733843902 9.415274e-06 8
1744733844648 9.648494e-06 9
1744733845392 9.293488e-06 10
1744733846145 9.376569e-06 11
1744733846892 9.351818e-06 12
1744733847661 9.49857e-06 0
1744733848412 9.42139e-06 1
1744733849168 8.998759e-06 2
1744733849911 9.25881e-06 3
1744733850655 9.245761e-06 4
1744733851403 9.441549e-06 5
1744733852156 9.241496e-06 6
1744733852899 9.426718e-06 7
1744733853645 9.563128e-06 8
1744733854399 9.071132e-06 9
1744733855140 9.059786e-06 10
1744733855885 9.10321e-06 11
1744733856641 9.212682e-06 12
1744733857405 9.538922e-06 0
1744733858158 8.94693e-06 1
1744733858910 9.167151e-06 2
1744733859654 8.875877e-06 3
1744733860407 9.078678e-06 4
1744733861156 9.215112e-06 5
1744733861909 9.123305e-06 6
1744733862672 9.596757e-06 7
1744733863419 9.099298e-06 8
1744733864163 9.060403e-06 9
1744733864912 9.160757e-06 10
1744733865660 8.851095e-06 11
1744733866405 9.279415e-06 12
1744733867172 9.382581e-06 0
1744733867913 9.027456e-06 1
1744733868662 9.047674e-06 2
1744733869412 9.278442e-06 3
1744733870149 8.765887e-06 4
1744733870922 8.981201e-06 5
1744733871681 9.022095e-06 6
1744733872433 9.19779e-06 7
1744733873177 8.834455e-06 8
1744733873928 9.0724325e-06 9
1744733874673 8.813784e-06 10
1744733875420 9.067146e-06 11
1744733876174 8.796738e-06 12
1744733876943 8.885865e-06 0
1744733877690 8.995889e-06 1
1744733878439 8.916582e-06 2
1744733879180 9.243743e-06 3
1744733879924 8.708485e-06 4
1744733880675 8.672653e-06 5
1744733881429 8.9875975e-06 6
1744733882177 8.948385e-06 7
1744733882921 8.817286e-06 8
1744733883675 8.679229e-06 9
1744733884423 8.885632e-06 10
1744733885168 8.587104e-06 11
1744733885924 8.745374e-06 12
1744733886685 8.822196e-06 0
1744733887434 8.539282e-06 1
1744733888180 8.746825e-06 2
1744733888929 8.61845e-06 3
1744733889679 8.8472e-06 4
1744733890427 8.509775e-06 5
1744733891171 8.550664e-06 6
1744733891913 8.822291e-06 7
1744733892664 8.574193e-06 8
1744733893411 8.959525e-06 9
1744733894159 8.883427e-06 10
1744733894908 8.608533e-06 11
1744733895661 8.644623e-06 12
1744733896423 9.008868e-06 0
1744733897165 8.46861e-06 1
1744733897918 8.803042e-06 2
1744733898670 8.877087e-06 3
1744733899420 8.607806e-06 4
1744733900159 8.584794e-06 5
1744733900905 8.467351e-06 6
1744733901649 8.701672e-06 7
1744733902398 8.614591e-06 8
1744733903145 8.25764e-06 9
1744733903892 8.60797e-06 10
1744733904647 8.420854e-06 11
1744733905387 8.498056e-06 12
1744733906146 8.450254e-06 0
1744733906888 8.535911e-06 1
1744733907629 8.46839e-06 2
1744733908379 8.418521e-06 3
1744733909122 8.737033e-06 4
1744733909960 8.531383e-06 5
1744733910711 8.458615e-06 6
1744733911463 8.416292e-06 7
1744733912203 8.5256825e-06 8
1744733912945 8.197784e-06 9
1744733913711 8.471317e-06 10
1744733914461 8.680412e-06 11
1744733915204 8.349278e-06 12
1744733915966 8.166613e-06 0
1744733916707 8.302769e-06 1
1744733917463 8.439069e-06 2
1744733918207 8.394648e-06 3
1744733918981 8.3195155e-06 4
1744733919732 8.4087615e-06 5
1744733920485 8.365128e-06 6
1744733921247 8.204897e-06 7
1744733921990 8.125314e-06 8
1744733922740 8.4425465e-06 9
1744733923490 8.74706e-06 10
1744733924235 8.514682e-06 11
1744733924979 8.1631815e-06 12
1744733925747 8.189218e-06 0
1744733926496 8.270228e-06 1
1744733927230 7.864806e-06 2
1744733927972 8.317466e-06 3
1744733928718 8.091519e-06 4
1744733929472 8.275629e-06 5
1744733930226 8.316559e-06 6
1744733930977 8.203921e-06 7
1744733931731 8.481117e-06 8
1744733932478 8.090688e-06 9
1744733933223 8.322746e-06 10
1744733933970 8.226078e-06 11
1744733934720 8.101516e-06 12
1744733935487 8.264992e-06 0
1744733936243 8.136491e-06 1
1744733936991 8.354053e-06 2
1744733937734 8.055834e-06 3
1744733938481 7.927361e-06 4
1744733939234 8.219136e-06 5
1744733939981 8.378643e-06 6
1744733940737 7.999203e-06 7
1744733941485 8.11348e-06 8
1744733942235 7.788028e-06 9
1744733942991 7.784175e-06 10
1744733943731 8.169331e-06 11
1744733944482 8.11156e-06 12
1744733945245 8.171299e-06 0
1744733945991 8.004059e-06 1
1744733946734 7.873396e-06 2
1744733947484 8.2106635e-06 3
1744733948231 8.02423e-06 4
1744733948981 7.926961e-06 5
1744733949730 8.028309e-06 6
1744733950474 8.082166e-06 7
1744733951220 7.924418e-06 8
1744733951972 8.031227e-06 9
1744733952720 7.859017e-06 10
1744733953465 7.89274e-06 11
1744733954211 7.657203e-06 12
1744733954973 7.877543e-06 0
1744733955735 7.799432e-06 1
1744733956487 7.664356e-06 2
1744733957236 7.8208595e-06 3
1744733957993 7.7174645e-06 4
1744733958743 7.815731e-06 5
1744733959495 8.112774e-06 6
1744733960251 7.743742e-06 7
1744733960992 8.035769e-06 8
1744733961744 8.258142e-06 9
1744733962499 7.717476e-06 10
1744733963260 7.898792e-06 11
1744733964004 7.838729e-06 12
1744733964770 7.739932e-06 0
1744733965514 7.696708e-06 1
1744733966290 7.911169e-06 2
1744733967044 7.602671e-06 3
1744733967792 8.033582e-06 4
1744733968543 7.8394805e-06 5
1744733969293 7.774363e-06 6
1744733970043 7.7142e-06 7
1744733970793 7.665591e-06 8
1744733971545 7.653647e-06 9
1744733972298 7.765243e-06 10
1744733973052 7.833347e-06 11
1744733973799 7.724761e-06 12
1744733974569 7.700402e-06 0
1744733975319 7.387682e-06 1
1744733976065 7.5290377e-06 2
1744733976822 7.75622e-06 3
1744733977566 7.626787e-06 4
1744733978319 7.976707e-06 5
1744733979076 7.63767e-06 6
1744733979818 7.517786e-06 7
1744733980570 7.801086e-06 8
1744733981316 7.442981e-06 9
1744733982069 7.985014e-06 10
1744733982821 7.4592335e-06 11
1744733983566 7.4407326e-06 12
1744733984330 7.501808e-06 0
1744733985172 7.493775e-06 1
1744733985920 7.514639e-06 2
1744733986680 7.4925506e-06 3
1744733987427 7.775221e-06 4
1744733988187 7.382045e-06 5
1744733988937 7.5111184e-06 6
1744733989695 7.5076264e-06 7
1744733990452 7.2822177e-06 8
1744733991204 7.847105e-06 9
1744733991946 7.5655735e-06 10
1744733992698 7.557961e-06 11
1744733993449 7.3333495e-06 12
1744733994222 7.4038617e-06 0
1744733994970 7.4082677e-06 1
1744733995720 7.337158e-06 2
1744733996462 7.640863e-06 3
1744733997217 7.428415e-06 4
1744733997974 7.2601583e-06 5
1744733998725 7.4953628e-06 6
1744733999474 7.244831e-06 7
1744734000228 7.4179784e-06 8
1744734000985 7.249396e-06 9
1744734001732 7.596054e-06 10
1744734002481 7.523525e-06 11
1744734003233 7.5125236e-06 12
1744734004003 7.1750915e-06 0
1744734004757 7.262786e-06 1
1744734005520 7.349527e-06 2
1744734006276 7.4335517e-06 3
1744734007032 7.3809656e-06 4
1744734007786 7.3755555e-06 5
1744734008541 7.128294e-06 6
1744734009295 7.1320087e-06 7
1744734010046 7.157217e-06 8
1744734010801 7.405098e-06 9
1744734011549 7.3713654e-06 10
1744734012296 7.307103e-06 11
1744734013058 7.4546015e-06 12
1744734013823 7.293341e-06 0
1744734014576 7.1807385e-06 1
1744734015333 7.4898235e-06 2
1744734016087 7.193733e-06 3
1744734016840 7.2372877e-06 4
1744734017597 7.0720016e-06 5
1744734018378 7.0713277e-06 6
1744734019135 7.3415526e-06 7
1744734019894 7.299446e-06 8
1744734020645 7.409415e-06 9
1744734021403 7.085595e-06 10
1744734022192 7.138018e-06 11
1744734022953 6.989828e-06 12
1744734023710 7.15893e-06 0
1744734024462 7.063609e-06 1
1744734025220 7.1438776e-06 2
1744734025963 7.3345523e-06 3
1744734026713 7.1278837e-06 4
1744734027455 7.161556e-06 5
1744734028200 7.028063e-06 6
1744734028948 7.2798666e-06 7
1744734029693 7.116676e-06 8
1744734030440 7.024614e-06 9
1744734031192 7.0273204e-06 10
1744734031946 6.855672e-06 11
1744734032694 7.1424956e-06 12
1744734033458 7.104193e-06 0
1744734034238 7.3779497e-06 1
1744734034983 6.8726563e-06 2
1744734035726 7.128214e-06 3
1744734036474 7.1494787e-06 4
1744734037219 6.8943546e-06 5
1744734037966 6.9044186e-06 6
1744734038710 6.878098e-06 7
1744734039458 7.0742813e-06 8
1744734040198 6.9758134e-06 9
1744734040939 6.9495545e-06 10
1744734041719 6.8802956e-06 11
1744734042528 6.963309e-06 12
1744734043355 7.0700844e-06 0
1744734044162 6.9695798e-06 1
1744734044929 7.059858e-06 2
1744734045683 7.0715887e-06 3
1744734046430 6.9368352e-06 4
1744734047186 6.9108232e-06 5
1744734047943 6.709542e-06 6
1744734048695 7.102809e-06 7
1744734049449 6.8563036e-06 8
1744734050196 6.8254235e-06 9
1744734050949 6.790951e-06 10
1744734051694 6.847857e-06 11
1744734052447 6.817568e-06 12
1744734053260 6.967433e-06 0
1744734054023 7.0547426e-06 1
1744734054773 7.107436e-06 2
1744734055524 6.9058733e-06 3
1744734056273 6.8244613e-06 4
1744734057024 6.8969052e-06 5
1744734057770 6.813249e-06 6
1744734058518 6.8242152e-06 7
1744734059269 6.713115e-06 8
1744734060014 6.737208e-06 9
1744734060854 6.9179628e-06 10
1744734061600 6.7311635e-06 11
1744734062351 6.617778e-06 12
1744734063117 7.029413e-06 0
1744734063870 6.7695955e-06 1
1744734064620 6.6341195e-06 2
1744734065374 6.8583927e-06 3
1744734066114 6.853735e-06 4
1744734066861 6.6838684e-06 5
1744734067607 6.812067e-06 6
1744734068363 6.5385043e-06 7
1744734069109 6.6867983e-06 8
1744734069856 6.708515e-06 9
1744734070624 6.6432335e-06 10
1744734071371 6.7849032e-06 11
1744734072115 6.808051e-06 12
1744734072883 6.689507e-06 0
1744734073637 6.854815e-06 1
1744734074387 6.89641e-06 2
1744734075144 6.7532224e-06 3
1744734075885 6.680492e-06 4
1744734076629 6.4989804e-06 5
1744734077376 6.4929072e-06 6
1744734078126 6.5121444e-06 7
1744734078878 6.5666436e-06 8
1744734079631 6.8883023e-06 9
1744734080381 6.5996414e-06 10
1744734081130 6.452462e-06 11
1744734081876 6.7523993e-06 12
1744734082637 6.367678e-06 0
1744734083382 6.644232e-06 1
1744734084132 6.415446e-06 2
1744734084881 6.6326243e-06 3
1744734085630 6.4761284e-06 4
1744734086374 6.356463e-06 5
1744734087124 6.5094578e-06 6
1744734087867 6.6931734e-06 7
1744734088613 6.699335e-06 8
1744734089359 6.6955854e-06 9
1744734090109 6.5519707e-06 10
1744734090854 6.6504404e-06 11
1744734091599 6.4702203e-06 12
1744734092362 6.49061e-06 0
1744734093108 6.543626e-06 1
1744734093863 6.4856094e-06 2
1744734094615 6.3746884e-06 3
1744734095360 6.4399137e-06 4
1744734096103 6.556861e-06 5
1744734096853 6.590509e-06 6
1744734097604 6.5685763e-06 7
1744734098353 6.464905e-06 8
1744734099101 6.268232e-06 9
1744734099846 6.3463854e-06 10
1744734100591 6.4964734e-06 11
1744734101340 6.4311926e-06 12
1744734102108 6.6638486e-06 0
1744734102862 6.4795217e-06 1
1744734103606 6.461438e-06 2
1744734104349 6.4493943e-06 3
1744734105096 6.350831e-06 4
1744734105847 6.254253e-06 5
1744734106597 6.1672836e-06 6
1744734107343 6.5868703e-06 7
1744734108090 6.5261197e-06 8
1744734108841 6.3026337e-06 9
1744734109583 6.4161854e-06 10
1744734110333 6.35419e-06 11
1744734111084 6.2463646e-06 12
1744734111854 6.311477e-06 0
1744734112605 6.304696e-06 1
1744734113347 6.5636214e-06 2
1744734114095 6.3012376e-06 3
1744734114846 6.314234e-06 4
1744734115589 6.2280637e-06 5
1744734116340 6.183507e-06 6
1744734117083 6.0734174e-06 7
1744734117830 6.2540166e-06 8
1744734118584 6.2681197e-06 9
1744734119336 6.5180334e-06 10
1744734120084 6.2123154e-06 11
1744734120830 6.1417204e-06 12
1744734121592 6.522575e-06 0
1744734122344 6.3874622e-06 1
1744734123114 6.132634e-06 2
1744734123861 6.232768e-06 3
1744734124609 6.287909e-06 4
1744734125350 6.277583e-06 5
1744734126093 6.1173137e-06 6
1744734126844 6.098063e-06 7
1744734127593 6.325605e-06 8
1744734128338 6.045801e-06 9
1744734129085 6.1086585e-06 10
1744734129834 6.0494244e-06 11
1744734130584 6.465223e-06 12
1744734131348 6.514433e-06 0
1744734132099 6.3263055e-06 1
1744734132844 6.2335275e-06 2
1744734133592 6.194826e-06 3
1744734134342 6.157236e-06 4
1744734135092 6.0647426e-06 5
1744734135933 5.9656445e-06 6
1744734136686 6.2461822e-06 7
1744734137441 6.387216e-06 8
1744734138195 6.1923756e-06 9
1744734138941 5.8853693e-06 10
1744734139695 6.2768104e-06 11
1744734140442 6.0743746e-06 12
1744734141212 6.1880596e-06 0
1744734141966 6.2835907e-06 1
1744734142715 5.8390765e-06 2
1744734143466 6.041449e-06 3
1744734144215 6.097867e-06 4
1744734144956 6.0259563e-06 5
1744734145703 6.1105925e-06 6
1744734146447 6.065821e-06 7
1744734147203 6.2239055e-06 8
1744734147948 6.087e-06 9
1744734148700 6.020909e-06 10
1744734149454 6.050675e-06 11
1744734150200 5.980786e-06 12
1744734150958 5.9142412e-06 0
1744734151704 5.9136214e-06 1
1744734152457 6.1028786e-06 2
1744734153203 5.90706e-06 3
1744734153950 5.9654394e-06 4
1744734154696 5.9711642e-06 5
1744734155443 6.0862885e-06 6
1744734156201 6.0521534e-06 7
1744734156945 5.968342e-06 8
1744734157694 5.8701085e-06 9
1744734158455 5.9063505e-06 10
1744734159209 6.003071e-06 11
1744734159961 5.984723e-06 12
1744734160726 6.2865424e-06 0
1744734161481 5.9144077e-06 1
1744734162225 5.9894282e-06 2
1744734162976 5.805277e-06 3
1744734163720 5.8257715e-06 4
1744734164469 5.9296194e-06 5
1744734165212 5.8157466e-06 6
1744734165954 5.867226e-06 7
1744734166704 5.7840634e-06 8
1744734167458 5.8430655e-06 9
1744734168197 6.0332723e-06 10
1744734168947 5.9682475e-06 11
1744734169698 5.777719e-06 12
1744734170463 5.7712577e-06 0
1744734171203 5.838594e-06 1
1744734171953 5.7674397e-06 2
1744734172695 5.8336364e-06 3
1744734173450 6.0146845e-06 4
1744734174205 5.7900284e-06 5
1744734174949 6.0094885e-06 6
1744734175706 5.7158363e-06 7
1744734176454 5.9646745e-06 8
1744734177201 5.9600525e-06 9
1744734177945 5.7305724e-06 10
1744734178686 5.714944e-06 11
1744734179444 5.825948e-06 12
1744734180212 6.0238776e-06 0
1744734180958 5.9167983e-06 1
1744734181711 5.845859e-06 2
1744734182458 5.553063e-06 3
1744734183211 5.700563e-06 4
1744734183956 6.018941e-06 5
1744734184700 5.812538e-06 6
1744734185453 5.7217817e-06 7
1744734186208 5.644511e-06 8
1744734186956 5.7582934e-06 9
1744734187705 5.664065e-06 10
1744734188455 5.505447e-06 11
1744734189211 5.865209e-06 12
1744734189978 5.7214534e-06 0
1744734190720 5.6970553e-06 1
1744734191468 5.676196e-06 2
1744734192218 5.665122e-06 3
1744734192962 5.6414633e-06 4
1744734193719 5.6806257e-06 5
1744734194462 5.6549457e-06 6
1744734195212 5.782799e-06 7
1744734195961 5.6175277e-06 8
1744734196702 5.816739e-06 9
1744734197444 5.548396e-06 10
1744734198194 5.650498e-06 11
1744734198944 5.6783874e-06 12
1744734199706 5.6002204e-06 0
1744734200456 5.5184128e-06 1
1744734201206 5.675892e-06 2
1744734201951 5.650902e-06 3
1744734202696 5.462326e-06 4
1744734203443 5.5309247e-06 5
1744734204197 5.6718795e-06 6
1744734204948 5.6063027e-06 7
1744734205688 5.7057728e-06 8
1744734206434 5.6448703e-06 9
1744734207182 5.543848e-06 10
1744734207930 5.6027334e-06 11
1744734208678 5.7184607e-06 12
1744734209443 5.537711e-06 0
1744734210190 5.5523824e-06 1
1744734211034 5.499403e-06 2
1744734211784 5.603652e-06 3
1744734212538 5.516485e-06 4
1744734213286 5.3219715e-06 5
1744734214034 5.823401e-06 6
1744734214781 5.5919472e-06 7
1744734215524 5.575245e-06 8
1744734216274 5.5245387e-06 9
1744734217024 5.6466424e-06 10
1744734217767 5.4512693e-06 11
1744734218522 5.60036e-06 12
1744734219290 5.809092e-06 0
1744734220045 5.369831e-06 1
1744734220796 5.7277402e-06 2
1744734221548 5.492044e-06 3
1744734222295 5.4082866e-06 4
1744734223041 5.5577093e-06 5
1744734223794 5.2284126e-06 6
1744734224540 5.4657717e-06 7
1744734225282 5.414733e-06 8
1744734226028 5.672372e-06 9
1744734226778 5.4645243e-06 10
1744734227531 5.312462e-06 11
1744734228281 5.535085e-06 12
1744734229073 5.423964e-06 0
1744734229823 5.709526e-06 1
1744734230568 5.3980484e-06 2
1744734231326 5.5961045e-06 3
1744734232073 5.4897228e-06 4
1744734232824 5.376577e-06 5
1744734233574 5.32386e-06 6
1744734234327 5.4877546e-06 7
1744734235073 5.4872885e-06 8
1744734235829 5.404487e-06 9
1744734236578 5.3654903e-06 10
1744734237327 5.427198e-06 11
1744734238068 5.3520143e-06 12
1744734238837 5.2350174e-06 0
1744734239585 5.483211e-06 1
1744734240330 5.34696e-06 2
1744734241080 5.38401e-06 3
1744734241833 5.421992e-06 4
1744734242585 5.373206e-06 5
1744734243332 5.3891426e-06 6
1744734244079 5.3494455e-06 7
1744734244823 5.172181e-06 8
1744734245570 5.3063877e-06 9
1744734246314 5.5503165e-06 10
1744734247059 5.4180186e-06 11
1744734247814 5.420161e-06 12
1744734248589 5.319431e-06 0
1744734249340 5.4331617e-06 1
1744734250082 5.352543e-06 2
1744734250838 5.1648203e-06 3
1744734251585 5.305795e-06 4
1744734252332 5.3019403e-06 5
1744734253085 5.278849e-06 6
1744734253846 5.1871925e-06 7
1744734254587 5.195678e-06 8
1744734255331 5.4327375e-06 9
1744734256079 5.1779048e-06 10
1744734256829 5.1953407e-06 11
1744734257581 5.341608e-06 12
1744734258344 5.2264036e-06 0
1744734259095 5.263026e-06 1
1744734259832 5.3201666e-06 2
1744734260586 5.185055e-06 3
1744734261337 5.1949355e-06 4
1744734262076 5.2969053e-06 5
1744734262821 5.1300044e-06 6
1744734263576 4.97423e-06 7
1744734264318 5.250598e-06 8
1744734265071 5.3206286e-06 9
1744734265823 5.3145673e-06 10
1744734266573 5.3042227e-06 11
1744734267321 5.1400616e-06 12
1744734268081 5.2262785e-06 0
1744734268827 4.9975633e-06 1
1744734269592 5.145949e-06 2
1744734270353 5.1624925e-06 3
1744734271100 5.1449224e-06 4
1744734271846 5.1320885e-06 5
1744734272597 5.1895904e-06 6
1744734273345 5.128573e-06 7
1744734274101 4.987453e-06 8
1744734274852 5.157777e-06 9
1744734275608 5.213515e-06 10
1744734276348 5.2060464e-06 11
1744734277111 5.4278844e-06 12
1744734277877 5.361141e-06 0
1744734278623 5.1650923e-06 1
1744734279366 5.022572e-06 2
1744734280124 5.086958e-06 3
1744734280875 5.203984e-06 4
1744734281627 5.0212116e-06 5
1744734282374 5.0794165e-06 6
1744734283141 5.2232663e-06 7
1744734283894 5.006799e-06 8
1744734284635 5.143407e-06 9
1744734285385 4.9726823e-06 10
1744734286227 5.0650233e-06 11
1744734287077 5.0200683e-06 12
1744734287848 5.1470365e-06 0
1744734288595 5.133212e-06 1
1744734289346 5.0675912e-06 2
1744734290091 4.969143e-06 3
1744734290856 5.105591e-06 4
1744734291643 5.0116264e-06 5
1744734292394 4.9293226e-06 6
1744734293146 5.190895e-06 7
1744734293900 5.0333333e-06 8
1744734294652 5.068373e-06 9
1744734295395 5.0167882e-06 10
1744734296144 4.9712494e-06 11
1744734296901 4.9855653e-06 12
1744734297667 4.8870634e-06 0
1744734298418 5.1006255e-06 1
1744734299156 4.9369473e-06 2
1744734299907 4.8748675e-06 3
1744734300668 4.988307e-06 4
1744734301415 4.9953005e-06 5
1744734302154 5.0419676e-06 6
1744734302913 4.996616e-06 7
1744734303668 4.887084e-06 8
1744734304414 5.078241e-06 9
1744734305163 5.1340244e-06 10
1744734305908 5.0805647e-06 11
1744734306665 4.911106e-06 12
1744734307429 4.8172083e-06 0
1744734308181 5.197085e-06 1
1744734308934 4.8562288e-06 2
1744734309677 4.8865213e-06 3
1744734310427 4.8274856e-06 4
1744734311179 4.9301784e-06 5
1744734311929 5.165601e-06 6
1744734312684 4.8325032e-06 7
1744734313428 5.037666e-06 8
1744734314182 4.8411334e-06 9
1744734314933 4.8021434e-06 10
1744734315689 4.752414e-06 11
1744734316440 5.0835497e-06 12
1744734317200 4.9344276e-06 0
1744734317942 4.9304e-06 1
1744734318701 4.794194e-06 2
1744734319453 4.8686084e-06 3
1744734320199 4.840372e-06 4
1744734320954 4.836639e-06 5
1744734321701 4.8059433e-06 6
1744734322446 4.9175333e-06 7
1744734323192 4.744239e-06 8
1744734323943 4.7333e-06 9
1744734324696 4.8492766e-06 10
1744734325445 5.019244e-06 11
1744734326199 4.8063926e-06 12
1744734326965 4.9530736e-06 0
1744734327717 4.827907e-06 1
1744734328474 4.7445087e-06 2
1744734329224 4.783342e-06 3
1744734329966 4.9265823e-06 4
1744734330721 4.8924853e-06 5
1744734331477 4.7326157e-06 6
1744734332226 4.955201e-06 7
1744734332973 4.89205e-06 8
1744734333720 4.7108065e-06 9
1744734334481 4.709338e-06 10
1744734335224 4.6391115e-06 11
1744734335978 4.9031696e-06 12
1744734336735 4.8537004e-06 0
1744734337491 4.7597414e-06 1
1744734338239 4.665487e-06 2
1744734338987 4.7836356e-06 3
1744734339737 4.766381e-06 4
1744734340492 4.6546375e-06 5
1744734341244 4.738622e-06 6
1744734341989 5.020224e-06 7
1744734342750 4.819366e-06 8
1744734343506 4.669286e-06 9
1744734344253 4.9240907e-06 10
1744734345005 4.708679e-06 11
1744734345754 4.6149357e-06 12
1744734346535 4.8140764e-06 0
1744734347277 4.6189703e-06 1
1744734348030 4.9601226e-06 2
1744734348783 4.9428304e-06 3
1744734349540 4.820922e-06 4
1744734350286 4.5822107e-06 5
1744734351041 4.6207992e-06 6
1744734351793 4.700631e-06 7
1744734352540 4.849462e-06 8
1744734353284 4.6250425e-06 9
1744734354031 4.5611328e-06 10
1744734354778 4.616351e-06 11
1744734355533 4.622753e-06 12
1744734356306 4.7224867e-06 0
1744734357055 4.620891e-06 1
1744734357804 4.6377268e-06 2
1744734358566 4.703299e-06 3
1744734359322 4.5852394e-06 4
1744734360068 4.4969247e-06 5
1744734360812 4.868434e-06 6
1744734361654 4.6280784e-06 7
1744734362410 4.719484e-06 8
1744734363172 4.5583465e-06 9
1744734363923 4.5861325e-06 10
1744734364673 4.5200654e-06 11
1744734365425 4.6076602e-06 12
1744734366191 4.643353e-06 0
1744734366942 4.6526825e-06 1
1744734367692 4.692319e-06 2
1744734368453 4.60281e-06 3
1744734369200 4.4692697e-06 4
1744734369947 4.6803516e-06 5
1744734370697 4.642726e-06 6
1744734371451 4.4785393e-06 7
1744734372207 4.7301337e-06 8
1744734372954 4.573285e-06 9
1744734373708 4.635786e-06 10
1744734374464 4.653294e-06 11
1744734375213 4.4224807e-06 12
1744734375979 4.6261853e-06 0
1744734376734 4.565945e-06 1
1744734377480 4.5812935e-06 2
1744734378227 4.612869e-06 3
1744734378979 4.598017e-06 4
1744734379726 4.503492e-06 5
1744734380488 4.533381e-06 6
1744734381239 4.404749e-06 7
1744734381996 4.558889e-06 8
1744734382746 4.4229496e-06 9
1744734383498 4.5805514e-06 10
1744734384245 4.4587678e-06 11
1744734384993 4.4264516e-06 12
1744734385761 4.4419066e-06 0
1744734386517 4.513056e-06 1
1744734387272 4.564895e-06 2
1744734388022 4.4879293e-06 3
1744734388769 4.3695472e-06 4
1744734389518 4.608602e-06 5
1744734390269 4.5180445e-06 6
1744734391021 4.441691e-06 7
1744734391771 4.4396775e-06 8
1744734392518 4.4850576e-06 9
1744734393275 4.605507e-06 10
1744734394023 4.445191e-06 11
1744734394772 4.582601e-06 12
1744734395531 4.435842e-06 0
1744734396283 4.49387e-06 1
1744734397035 4.4413655e-06 2
1744734397807 4.489081e-06 3
1744734398554 4.4478534e-06 4
1744734399309 4.3628106e-06 5
1744734400058 4.39419e-06 6
1744734400804 4.4566905e-06 7
1744734401551 4.3620153e-06 8
1744734402307 4.568955e-06 9
1744734403053 4.4255607e-06 10
1744734403809 4.4381995e-06 11
1744734404556 4.3540226e-06 12
1744734405333 4.552704e-06 0
1744734406081 4.3562345e-06 1
1744734406835 4.477691e-06 2
1744734407585 4.3185346e-06 3
1744734408337 4.520445e-06 4
1744734409089 4.468572e-06 5
1744734409828 4.3257446e-06 6
1744734410583 4.3110053e-06 7
1744734411334 4.343983e-06 8
1744734412141 4.2582483e-06 9
1744734412892 4.3248356e-06 10
1744734413643 4.3433934e-06 11
1744734414394 4.333258e-06 12
1744734415156 4.3189443e-06 0
1744734415903 4.322732e-06 1
1744734416650 4.350647e-06 2
1744734417406 4.298519e-06 3
1744734418153 4.3351342e-06 4
1744734418901 4.237853e-06 5
1744734419664 4.5034026e-06 6
1744734420419 4.304184e-06 7
1744734421171 4.297973e-06 8
1744734421920 4.4474314e-06 9
1744734422658 4.3518394e-06 10
1744734423403 4.300678e-06 11
1744734424156 4.341299e-06 12
1744734424924 4.181013e-06 0
1744734425670 4.2712336e-06 1
1744734426419 4.5242978e-06 2
1744734427169 4.3234522e-06 3
1744734427912 4.1627977e-06 4
1744734428661 4.316609e-06 5
1744734429418 4.3288564e-06 6
1744734430167 4.258439e-06 7
1744734430923 4.3523146e-06 8
1744734431675 4.3653754e-06 9
1744734432423 4.1861044e-06 10
1744734433170 4.40871e-06 11
1744734433906 4.2319493e-06 12
1744734434676 4.2625043e-06 0
1744734435412 4.2512065e-06 1
1744734436164 4.3559003e-06 2
1744734437009 4.2441297e-06 3
1744734437758 4.306822e-06 4
1744734438499 4.304142e-06 5
1744734439248 4.1596795e-06 6
1744734439997 4.1475273e-06 7
1744734440746 4.2211555e-06 8
1744734441489 4.290126e-06 9
1744734442239 4.1844964e-06 10
1744734442986 4.1165695e-06 11
1744734443731 4.3008727e-06 12
1744734444495 4.2509214e-06 0
1744734445247 4.2837496e-06 1
1744734446004 4.366793e-06 2
1744734446757 4.250364e-06 3
1744734447511 4.109933e-06 4
1744734448260 4.1328417e-06 5
1744734449033 4.1656785e-06 6
1744734449798 4.3272566e-06 7
1744734450542 4.275651e-06 8
1744734451299 4.1984904e-06 9
1744734452073 4.075935e-06 10
1744734452822 4.2364936e-06 11
1744734453570 4.105482e-06 12
1744734454333 4.1453627e-06 0
1744734455082 4.092847e-06 1
1744734455826 4.1077164e-06 2
1744734456577 4.326807e-06 3
1744734457323 4.092521e-06 4
1744734458075 4.2164365e-06 5
1744734458817 4.2098754e-06 6
1744734459565 4.1407993e-06 7
1744734460312 4.215723e-06 8
1744734461057 4.019285e-06 9
1744734461803 4.0859845e-06 10
1744734462552 4.1985554e-06 11
1744734463304 4.1088892e-06 12
1744734464072 4.16223e-06 0
1744734464814 4.2060274e-06 1
1744734465558 4.0931104e-06 2
1744734466299 4.097128e-06 3
1744734467042 4.0857954e-06 4
1744734467801 4.083721e-06 5
1744734468559 4.083814e-06 6
1744734469305 4.058603e-06 7
1744734470047 4.103147e-06 8
1744734470793 4.1292615e-06 9
1744734471538 4.188479e-06 10
1744734472284 4.1762714e-06 11
1744734473025 4.0646496e-06 12
1744734473792 4.012328e-06 0
1744734474539 4.032324e-06 1
1744734475286 4.0219666e-06 2
1744734476061 4.0221853e-06 3
1744734476807 4.0391656e-06 4
1744734477549 4.1703274e-06 5
1744734478291 4.054394e-06 6
1744734479042 4.2035867e-06 7
1744734479793 3.951919e-06 8
1744734480542 4.139905e-06 9
1744734481286 3.981553e-06 10
1744734482036 3.957285e-06 11
1744734482785 4.0757222e-06 12
1744734483553 3.971638e-06 0
1744734484327 3.9879847e-06 1
1744734485075 3.905108e-06 2
1744734485825 4.021835e-06 3
1744734486576 4.111112e-06 4
1744734487326 3.9875267e-06 5
1744734488074 4.119356e-06 6
1744734488832 4.031773e-06 7
1744734489578 3.9778806e-06 8
1744734490326 4.0015116e-06 9
1744734491075 4.0645564e-06 10
1744734491817 3.944473e-06 11
1744734492560 4.0117843e-06 12
1744734493320 3.902453e-06 0
1744734494065 3.9995434e-06 1
1744734494822 3.9201136e-06 2
1744734495575 3.985921e-06 3
1744734496324 4.0868217e-06 4
1744734497075 3.9929414e-06 5
1744734497817 4.2160123e-06 6
1744734498567 3.934685e-06 7
1744734499314 4.0140512e-06 8
1744734500061 3.9062234e-06 9
1744734500808 3.932107e-06 10
1744734501550 3.919682e-06 11
1744734502304 4.0660134e-06 12
1744734503059 3.877808e-06 0
1744734503804 3.9404895e-06 1
1744734504574 3.940153e-06 2
1744734505318 3.9902575e-06 3
1744734506061 3.9741008e-06 4
1744734506811 3.9259176e-06 5
1744734507570 3.8056676e-06 6
1744734508323 3.8353196e-06 7
1744734509068 3.8789676e-06 8
1744734509835 3.7636587e-06 9
1744734510590 3.9903243e-06 10
1744734511338 4.077818e-06 11
1744734512172 4.055796e-06 12
1744734512930 3.8594253e-06 0
1744734513683 3.8980243e-06 1
1744734514432 3.8628496e-06 2
1744734515175 3.8418116e-06 3
1744734515927 3.953336e-06 4
1744734516676 3.8885796e-06 5
1744734517433 3.8298995e-06 6
1744734518214 3.7536463e-06 7
1744734518961 4.0314794e-06 8
1744734519715 3.7823424e-06 9
1744734520457 3.9810734e-06 10
1744734521193 3.8966346e-06 11
1744734521939 3.9055735e-06 12
1744734522703 3.7520929e-06 0
1744734523453 3.7688023e-06 1
1744734524199 3.9614183e-06 2
1744734524946 3.898139e-06 3
1744734525698 3.7108064e-06 4
1744734526443 3.9754877e-06 5
1744734527183 3.732948e-06 6
1744734527922 3.8254902e-06 7
1744734528676 3.886132e-06 8
1744734529429 3.7950974e-06 9
1744734530178 3.933342e-06 10
1744734530920 3.92368e-06 11
1744734531662 3.892737e-06 12
1744734532428 3.8100954e-06 0
1744734533174 3.9864017e-06 1
1744734533918 3.7646194e-06 2
1744734534667 3.8935646e-06 3
1744734535417 3.784192e-06 4
1744734536160 3.9323363e-06 5
1744734536910 3.8238654e-06 6
1744734537654 3.6752406e-06 7
1744734538404 3.8090632e-06 8
1744734539151 3.7866298e-06 9
1744734539897 3.7695486e-06 10
1744734540647 3.709844e-06 11
1744734541402 3.693929e-06 12
1744734542195 3.839256e-06 0
1744734542939 3.7563104e-06 1
1744734543684 3.8546686e-06 2
1744734544432 3.874694e-06 3
1744734545178 3.7430234e-06 4
1744734545921 3.6974275e-06 5
1744734546665 3.7689829e-06 6
1744734547416 3.717816e-06 7
1744734548160 3.876753e-06 8
1744734548904 3.671255e-06 9
1744734549655 3.690633e-06 10
1744734550407 3.8237254e-06 11
1744734551155 3.6866609e-06 12
1744734551915 3.7667214e-06 0
1744734552666 3.7408765e-06 1
1744734553410 3.6855151e-06 2
1744734554160 3.7830032e-06 3
1744734554902 3.7580005e-06 4
1744734555655 3.722006e-06 5
1744734556406 3.7434097e-06 6
1744734557159 3.5711832e-06 7
1744734557902 3.772682e-06 8
1744734558657 3.7458078e-06 9
1744734559412 3.6460376e-06 10
1744734560164 3.7713867e-06 11
1744734560912 3.7756065e-06 12
1744734561681 3.6975766e-06 0
1744734562430 3.652063e-06 1
1744734563184 3.699058e-06 2
1744734563921 3.6224776e-06 3
1744734564668 3.7495986e-06 4
1744734565419 3.6769961e-06 5
1744734566170 3.7917207e-06 6
1744734566916 3.748194e-06 7
1744734567660 3.6834224e-06 8
1744734568416 3.6530967e-06 9
1744734569168 3.6363977e-06 10
1744734569914 3.6417953e-06 11
1744734570664 3.7036846e-06 12
1744734571422 3.750825e-06 0
1744734572169 3.5186292e-06 1
1744734572913 3.865742e-06 2
1744734573657 3.5463127e-06 3
1744734574414 3.651256e-06 4
1744734575167 3.6832625e-06 5
1744734575920 3.5246826e-06 6
1744734576669 3.6239003e-06 7
1744734577428 3.801935e-06 8
1744734578176 3.538984e-06 9
1744734578931 3.6881152e-06 10
1744734579681 3.6016763e-06 11
1744734580435 3.6816045e-06 12
1744734581198 3.6147335e-06 0
1744734581952 3.5414116e-06 1
1744734582704 3.642637e-06 2
1744734583453 3.7313005e-06 3
1744734584207 3.653628e-06 4
1744734584955 3.6307201e-06 5
1744734585703 3.46186e-06 6
1744734586454 3.465451e-06 7
1744734587292 3.8414255e-06 8
1744734588038 3.5476069e-06 9
1744734588786 3.5923094e-06 10
1744734589533 3.5924245e-06 11
1744734590282 3.6393194e-06 12
1744734591046 3.5775597e-06 0
1744734591791 3.5779503e-06 1
1744734592535 3.5985715e-06 2
1744734593283 3.6075744e-06 3
1744734594035 3.6844258e-06 4
1744734594786 3.5913688e-06 5
1744734595533 3.4616285e-06 6
1744734596275 3.589491e-06 7
1744734597024 3.4749091e-06 8
1744734597776 3.574391e-06 9
1744734598524 3.5633627e-06 10
1744734599271 3.512793e-06 11
1744734600030 3.6630813e-06 12
1744734600801 3.6699712e-06 0
1744734601547 3.4429502e-06 1
1744734602296 3.4869404e-06 2
1744734603055 3.7045365e-06 3
1744734603805 3.4903433e-06 4
1744734604553 3.51541e-06 5
1744734605309 3.6112635e-06 6
1744734606056 3.612035e-06 7
1744734606802 3.5495814e-06 8
1744734607549 3.4009972e-06 9
1744734608292 3.5466833e-06 10
1744734609041 3.5586856e-06 11
1744734609789 3.4667619e-06 12
1744734610553 3.4574934e-06 0
1744734611296 3.5267474e-06 1
1744734612042 3.4880675e-06 2
1744734612793 3.5639757e-06 3
1744734613548 3.6239605e-06 4
1744734614299 3.5751805e-06 5
1744734615067 3.5067321e-06 6
1744734615817 3.3906076e-06 7
1744734616565 3.5749179e-06 8
1744734617324 3.440142e-06 9
1744734618078 3.4476056e-06 10
1744734618842 3.441514e-06 11
1744734619596 3.4403433e-06 12
1744734620358 3.4155748e-06 0
1744734621110 3.4566947e-06 1
1744734621853 3.4134557e-06 2
1744734622599 3.64048e-06 3
1744734623348 3.4185264e-06 4
1744734624095 3.5946687e-06 5
1744734624852 3.4747238e-06 6
1744734625597 3.4883558e-06 7
1744734626348 3.3645283e-06 8
1744734627099 3.483732e-06 9
1744734627848 3.5088992e-06 10
1744734628594 3.4488064e-06 11
1744734629341 3.4563275e-06 12
1744734630112 3.4423076e-06 0
1744734630870 3.5048085e-06 1
1744734631620 3.4377156e-06 2
1744734632369 3.4051805e-06 3
1744734633120 3.5547712e-06 4
1744734633880 3.373886e-06 5
1744734634624 3.4863745e-06 6
1744734635371 3.45488e-06 7
1744734636121 3.3119693e-06 8
1744734636873 3.4010045e-06 9
1744734637615 3.2796402e-06 10
1744734638366 3.4327056e-06 11
1744734639118 3.515405e-06 12
1744734639887 3.3411145e-06 0
1744734640637 3.3687263e-06 1
1744734641388 3.4276493e-06 2
1744734642130 3.3077417e-06 3
1744734642874 3.328201e-06 4
1744734643631 3.4492168e-06 5
1744734644385 3.4227767e-06 6
1744734645135 3.4190705e-06 7
1744734645893 3.4620907e-06 8
1744734646646 3.4796797e-06 9
1744734647396 3.4098234e-06 10
1744734648150 3.3209878e-06 11
1744734648906 3.3980364e-06 12
1744734649689 3.3751498e-06 0
1744734650437 3.3871484e-06 1
1744734651178 3.4667546e-06 2
1744734651928 3.1720251e-06 3
1744734652682 3.3204979e-06 4
1744734653421 3.3078086e-06 5
1744734654169 3.299509e-06 6
1744734654917 3.387951e-06 7
1744734655673 3.3817485e-06 8
1744734656424 3.5066853e-06 9
1744734657172 3.2440166e-06 10
1744734657917 3.3595059e-06 11
1744734658667 3.3485826e-06 12
1744734659439 3.3630834e-06 0
1744734660191 3.3102722e-06 1
1744734660944 3.3256397e-06 2
1744734661702 3.3949489e-06 3
1744734662552 3.4062634e-06 4
1744734663306 3.4041875e-06 5
1744734664064 3.3435115e-06 6
1744734664821 3.2311787e-06 7
1744734665573 3.3629392e-06 8
1744734666325 3.3606718e-06 9
1744734667080 3.2512412e-06 10
1744734667830 3.2010296e-06 11
1744734668596 3.3053016e-06 12
1744734669369 3.3289912e-06 0
1744734670147 3.3608271e-06 1
1744734670893 3.2577402e-06 2
1744734671633 3.2810628e-06 3
1744734672374 3.3005965e-06 4
1744734673120 3.261493e-06 5
1744734673868 3.1734762e-06 6
1744734674612 3.3894676e-06 7
1744734675356 3.2001897e-06 8
1744734676101 3.2197058e-06 9
1744734676848 3.2536857e-06 10
1744734677601 3.3310187e-06 11
1744734678342 3.343096e-06 12
1744734679108 3.3922377e-06 0
1744734679850 3.1668408e-06 1
1744734680603 3.275552e-06 2
1744734681351 3.431351e-06 3
1744734682088 3.1269033e-06 4
1744734682836 3.2793935e-06 5
1744734683589 3.2338146e-06 6
1744734684329 3.170845e-06 7
1744734685071 3.1594848e-06 8
1744734685819 3.2885055e-06 9
1744734686565 3.1997674e-06 10
1744734687306 3.2923297e-06 11
1744734688053 3.2369908e-06 12
1744734688811 3.1002992e-06 0
1744734689559 3.3623046e-06 1
1744734690311 3.2698006e-06 2
1744734691062 3.3608771e-06 3
1744734691808 3.2121493e-06 4
1744734692545 3.2436983e-06 5
1744734693295 3.276197e-06 6
1744734694034 3.171429e-06 7
1744734694776 3.104987e-06 8
1744734695532 3.1276793e-06 9
1744734696279 3.3324773e-06 10
1744734697021 3.1289512e-06 11
1744734697770 3.1549173e-06 12
1744734698536 3.1260363e-06 0
1744734699288 3.038456e-06 1
1744734700033 3.1674483e-06 2
1744734700792 3.2109272e-06 3
1744734701543 3.136926e-06 4
1744734702295 3.4744417e-06 5
1744734703046 3.1455197e-06 6
1744734703795 3.2600572e-06 7
1744734704538 3.153009e-06 8
1744734705285 3.2720375e-06 9
1744734706036 3.1341772e-06 10
1744734706792 3.163187e-06 11
1744734707545 3.1893703e-06 12
1744734708319 3.3264403e-06 0
1744734709058 3.1802047e-06 1
1744734709809 3.110532e-06 2
1744734710553 3.2255493e-06 3
1744734711299 3.2134883e-06 4
1744734712071 3.1051893e-06 5
1744734712833 3.0845467e-06 6
1744734713587 3.096727e-06 7
1744734714343 3.104629e-06 8
1744734715083 3.182672e-06 9
1744734715831 3.1325096e-06 10
1744734716574 3.1828997e-06 11
1744734717325 3.1209745e-06 12
1744734718100 3.1025763e-06 0
1744734718852 3.0805575e-06 1
1744734719599 3.1044585e-06 2
1744734720356 3.1081536e-06 3
1744734721117 3.1898508e-06 4
1744734721902 3.1094153e-06 5
1744734722649 3.146382e-06 6
1744734723408 3.0767094e-06 7
1744734724154 3.093306e-06 8
1744734724897 3.2713308e-06 9
1744734725638 3.122392e-06 10
1744734726388 3.2346695e-06 11
1744734727141 2.9389348e-06 12
1744734727912 3.0887795e-06 0
1744734728663 3.2016887e-06 1
1744734729408 3.0561569e-06 2
1744734730190 3.046674e-06 3
1744734730935 3.2129756e-06 4
1744734731678 2.975578e-06 5
1744734732420 3.1372854e-06 6
1744734733163 3.08701e-06 7
1744734733903 3.074611e-06 8
1744734734652 3.1199388e-06 9
1744734735391 3.2935834e-06 10
1744734736136 3.06339e-06 11
1744734736885 3.0844199e-06 12
