1744732782581 1.4580209 0
1744732783345 1.5018883 1
1744732783975 1.530735 2
1744732784610 1.5099106 3
1744732785239 1.4514589 4
1744732785870 1.3867469 5
1744732786493 1.3521154 6
1744732787118 1.330653 7
1744732787745 1.3222523 8
1744732788381 1.3174539 9
1744732789018 1.3244878 10
1744732789653 1.3463137 11
1744732790295 1.3553038 12
1744732790955 1.3670936 0
1744732791624 1.3543514 1
1744732792268 1.3707144 2
1744732792888 1.3627288 3
1744732793514 1.3528275 4
1744732794136 1.383987 5
1744732794759 1.42061 6
1744732795387 1.4272704 7
1744732796016 1.4177346 8
1744732796660 1.3919423 9
1744732797301 1.3671994 10
1744732797934 1.358212 11
1744732798573 1.3810091 12
1744732799227 1.4000766 0
1744732799872 1.4146483 1
1744732800665 1.4289236 2
1744732801485 1.4354401 3
1744732802286 1.4273362 4
1744732803093 1.424583 5
1744732803903 1.4353256 6
1744732804722 1.4393247 7
1744732805546 1.438479 8
1744732806391 1.4268547 9
1744732807184 1.4305573 10
1744732807975 1.4223692 11
1744732808758 1.4254413 12
1744732809551 1.4290283 0
1744732810313 1.4282055 1
1744732811088 1.4376965 2
1744732811862 1.4339978 3
1744732812637 1.4255924 4
1744732813393 1.4204617 5
1744732814152 1.4248865 6
1744732814905 1.4347277 7
1744732815663 1.4412894 8
1744732816418 1.4352094 9
1744732817175 1.4354491 10
1744732817926 1.4366223 11
1744732818683 1.4444193 12
1744732819453 1.4467605 0
1744732820224 1.4522765 1
1744732820978 1.451133 2
1744732821738 1.4314501 3
1744732822498 1.4015994 4
1744732823261 1.379998 5
1744732824010 1.3858538 6
1744732824763 1.3984208 7
1744732825517 1.419225 8
1744732826278 1.4432521 9
1744732827035 1.4681551 10
1744732827788 1.4901845 11
1744732828532 1.492659 12
1744732829303 1.4773552 0
1744732830062 1.4642024 1
1744732830809 1.4583765 2
1744732831561 1.4496493 3
1744732832305 1.4346681 4
1744732833036 1.428065 5
1744732833766 1.419809 6
1744732834496 1.4113503 7
1744732835242 1.4170442 8
1744732835994 1.4141282 9
1744732837003 1.4074838 10
1744732837839 1.4015541 11
1744732838619 1.3929249 12
1744732839400 1.4044416 0
1744732840165 1.4235287 1
1744732840909 1.43906 2
1744732841665 1.4452286 3
1744732842415 1.4372637 4
1744732843165 1.4285902 5
1744732843921 1.43114 6
1744732844665 1.4310803 7
1744732845411 1.430063 8
1744732846165 1.4201224 9
1744732846934 1.4191332 10
1744732847679 1.4206251 11
1744732848426 1.4167174 12
1744732849182 1.4298346 0
1744732849927 1.4500077 1
1744732850676 1.4503776 2
1744732851425 1.4523234 3
1744732852166 1.4614166 4
1744732852906 1.4646852 5
1744732853654 1.4584385 6
1744732854404 1.4486581 7
1744732855160 1.428781 8
1744732856111 1.4122466 9
1744732856864 1.4088602 10
1744732857615 1.4190327 11
1744732858362 1.4282323 12
1744732859126 1.4358066 0
1744732859882 1.4446158 1
1744732860644 1.4511387 2
1744732861396 1.4487042 3
1744732862147 1.4374313 4
1744732862899 1.4201291 5
1744732863652 1.3980246 6
1744732864401 1.375488 7
1744732865154 1.3655831 8
1744732865900 1.3675876 9
1744732866662 1.3813088 10
1744732867406 1.3993467 11
1744732868153 1.4301863 12
1744732868915 1.4340622 0
1744732869672 1.4298663 1
1744732870421 1.4204073 2
1744732871174 1.4140084 3
1744732871932 1.4198228 4
1744732872689 1.438189 5
1744732873455 1.4480965 6
1744732874197 1.4491353 7
1744732874942 1.4558436 8
1744732875704 1.458229 9
1744732876456 1.4563861 10
1744732877210 1.4529421 11
1744732877957 1.4424188 12
1744732878734 1.4323518 0
1744732879502 1.4250586 1
1744732880251 1.4256613 2
1744732880999 1.4293497 3
1744732881752 1.4321594 4
1744732882507 1.4324014 5
1744732883250 1.4217923 6
1744732883997 1.4139661 7
1744732884744 1.4024929 8
1744732885499 1.3932698 9
1744732886249 1.3886931 10
1744732886996 1.3903105 11
1744732887747 1.4024428 12
1744732888518 1.4113123 0
1744732889266 1.4143192 1
1744732890019 1.4111081 2
1744732890768 1.4118336 3
1744732891522 1.408021 4
1744732892270 1.4021387 5
1744732893019 1.4008114 6
1744732893779 1.3953295 7
1744732894533 1.3848726 8
1744732895281 1.3763032 9
1744732896032 1.3755984 10
1744732896788 1.3701668 11
1744732897530 1.3685606 12
1744732898298 1.379679 0
1744732899045 1.3957407 1
1744732899798 1.4218998 2
1744732900552 1.4444875 3
1744732901302 1.4575062 4
1744732902063 1.46549 5
1744732902813 1.4667292 6
1744732903558 1.4540604 7
1744732904300 1.4388503 8
1744732905066 1.4225776 9
1744732905820 1.4013689 10
1744732906570 1.3948814 11
1744732907318 1.403044 12
1744732908085 1.4177732 0
1744732908839 1.4192512 1
1744732909590 1.4187894 2
1744732910341 1.4239318 3
1744732911102 1.4284167 4
1744732911875 1.4267089 5
1744732912627 1.423111 6
1744732913385 1.4134799 7
1744732914139 1.4082434 8
1744732914896 1.4022918 9
1744732915647 1.3912215 10
1744732916404 1.3863064 11
1744732917149 1.381283 12
1744732917913 1.3790278 0
1744732918660 1.3720586 1
1744732919427 1.372272 2
1744732920178 1.3722441 3
1744732920923 1.3769782 4
1744732921684 1.3841536 5
1744732922438 1.3869562 6
1744732923190 1.3844078 7
1744732923940 1.3756113 8
1744732924682 1.364197 9
1744732925437 1.357039 10
1744732926180 1.3516908 11
1744732926923 1.3598042 12
1744732927684 1.3797877 0
1744732928439 1.4133565 1
1744732929189 1.4255518 2
1744732929944 1.4314165 3
1744732930701 1.4334607 4
1744732931546 1.4325035 5
1744732932301 1.4290922 6
1744732933049 1.4195545 7
1744732933802 1.4082843 8
1744732934560 1.3983328 9
1744732935309 1.3922353 10
1744732936057 1.3794587 11
1744732936803 1.3679928 12
1744732937573 1.3675518 0
1744732938323 1.3878334 1
1744732939078 1.4407251 2
1744732939832 1.4549186 3
1744732940582 1.4572303 4
1744732941332 1.4436684 5
1744732942081 1.437151 6
1744732942832 1.4304633 7
1744732943581 1.4195893 8
1744732944331 1.4154892 9
1744732945087 1.4177754 10
1744732945837 1.4172392 11
1744732946590 1.4131963 12
1744732947359 1.4104788 0
1744732948110 1.4132426 1
1744732948858 1.4106886 2
1744732949611 1.4075162 3
1744732950365 1.4087954 4
1744732951120 1.4017837 5
1744732951877 1.394135 6
1744732952631 1.389662 7
1744732953392 1.3856792 8
1744732954150 1.381653 9
1744732954896 1.3884556 10
1744732955650 1.4092546 11
1744732956399 1.4169046 12
1744732957168 1.4220018 0
1744732957924 1.4244742 1
1744732958686 1.4182758 2
1744732959436 1.4153072 3
1744732960192 1.4091673 4
1744732960955 1.4071515 5
1744732961705 1.40691 6
1744732962463 1.3992367 7
1744732963210 1.3934164 8
1744732963959 1.3886735 9
1744732964725 1.3833537 10
1744732965477 1.3804346 11
1744732966232 1.3776978 12
1744732967005 1.381055 0
1744732967761 1.3905164 1
1744732968522 1.3962492 2
1744732969275 1.3982351 3
1744732970021 1.3974998 4
1744732970781 1.400748 5
1744732971538 1.4007542 6
1744732972298 1.4072161 7
1744732973047 1.4124153 8
1744732973802 1.4119135 9
1744732974560 1.4135768 10
1744732975312 1.4165263 11
1744732976062 1.4146037 12
1744732976836 1.4122908 0
1744732977597 1.4173307 1
1744732978350 1.4191968 2
1744732979098 1.417547 3
1744732979849 1.4116943 4
1744732980606 1.4078515 5
1744732981361 1.4059683 6
1744732982114 1.4034846 7
1744732982866 1.3998002 8
1744732983625 1.3932042 9
1744732984383 1.3880278 10
1744732985131 1.3844252 11
1744732985885 1.3861692 12
1744732986655 1.3841648 0
1744732987412 1.3837829 1
1744732988158 1.3830512 2
1744732988910 1.3821039 3
1744732989656 1.3808734 4
1744732990411 1.3815002 5
1744732991164 1.3850408 6
1744732991916 1.3901927 7
1744732992664 1.399482 8
1744732993423 1.408493 9
1744732994172 1.41008 10
1744732994920 1.4086552 11
1744732995676 1.4032365 12
1744732996443 1.4006143 0
1744732997194 1.3980975 1
1744732997950 1.4035628 2
1744732998701 1.4112139 3
1744732999460 1.415673 4
1744733000205 1.4177041 5
1744733000983 1.4115608 6
1744733001756 1.4040494 7
1744733002511 1.3948231 8
1744733003267 1.3928535 9
1744733004021 1.3927889 10
1744733004765 1.3951433 11
1744733005511 1.4012532 12
1744733006287 1.4052837 0
1744733007126 1.4094863 1
1744733007879 1.4122216 2
1744733008636 1.4071641 3
1744733009391 1.4033098 4
1744733010141 1.3998897 5
1744733010894 1.3993936 6
1744733011651 1.402449 7
1744733012405 1.4028151 8
1744733013154 1.4012755 9
1744733013902 1.3957583 10
1744733014655 1.3883382 11
1744733015408 1.3800213 12
1744733016177 1.3747077 0
1744733016931 1.371676 1
1744733017674 1.3747336 2
1744733018422 1.3785025 3
1744733019171 1.3782322 4
1744733019921 1.3773377 5
1744733020677 1.3824176 6
1744733021449 1.387358 7
1744733022220 1.396785 8
1744733023001 1.4014602 9
1744733023788 1.4082578 10
1744733024547 1.4126356 11
1744733025301 1.4127392 12
1744733026097 1.4117792 0
1744733026848 1.4126434 1
1744733027602 1.412146 2
1744733028356 1.4106889 3
1744733029101 1.4069091 4
1744733029851 1.4026891 5
1744733030617 1.3983711 6
1744733031376 1.3957667 7
1744733032125 1.3924003 8
1744733032878 1.3893962 9
1744733033628 1.3867118 10
1744733034378 1.3836033 11
1744733035121 1.3829894 12
1744733035881 1.3829784 0
1744733036630 1.3891943 1
1744733037375 1.3941661 2
1744733038128 1.3965678 3
1744733038878 1.3961577 4
1744733039627 1.3900019 5
1744733040382 1.384343 6
1744733041143 1.3776948 7
1744733041898 1.371768 8
1744733042654 1.3678435 9
1744733043409 1.3648214 10
1744733044154 1.367671 11
1744733044904 1.3742802 12
1744733045663 1.3843815 0
1744733046411 1.3925352 1
1744733047158 1.3975836 2
1744733047905 1.4012398 3
1744733048656 1.4053457 4
1744733049402 1.4075704 5
1744733050145 1.4079943 6
1744733050889 1.4052069 7
1744733051652 1.3990006 8
1744733052406 1.3949262 9
1744733053154 1.3888416 10
1744733053906 1.382717 11
1744733054654 1.3791753 12
1744733055427 1.3780143 0
1744733056172 1.3753312 1
1744733056921 1.3847625 2
1744733057686 1.3942131 3
1744733058457 1.3930542 4
1744733059212 1.3868741 5
1744733059959 1.3835435 6
1744733060702 1.3861899 7
1744733061466 1.3900509 8
1744733062210 1.394813 9
1744733062986 1.3936589 10
1744733063733 1.3892109 11
1744733064482 1.3847558 12
1744733065247 1.3778636 0
1744733065991 1.3838688 1
1744733066735 1.3869491 2
1744733067483 1.3843479 3
1744733068227 1.3956237 4
1744733068977 1.421541 5
1744733069723 1.42665 6
1744733070480 1.428509 7
1744733071226 1.4300004 8
1744733071975 1.4302765 9
1744733072715 1.4297743 10
1744733073456 1.4225612 11
1744733074198 1.4128854 12
1744733074964 1.3993647 0
1744733075711 1.3888872 1
1744733076471 1.3802615 2
1744733077219 1.3781164 3
1744733077969 1.380811 4
1744733078721 1.3826888 5
1744733079470 1.3856926 6
1744733080223 1.3867831 7
1744733080972 1.3858131 8
1744733081720 1.3792373 9
1744733082559 1.3680483 10
1744733083316 1.3585031 11
1744733084058 1.3491082 12
1744733084821 1.3431602 0
1744733085577 1.3477972 1
1744733086328 1.3472672 2
1744733087077 1.3524749 3
1744733087837 1.3587208 4
1744733088594 1.3721075 5
1744733089344 1.3982 6
1744733090092 1.4277636 7
1744733090844 1.4539726 8
1744733091591 1.4517417 9
1744733092346 1.4454644 10
1744733093093 1.4371754 11
1744733093842 1.4302583 12
1744733094606 1.4238231 0
1744733095359 1.421872 1
1744733096111 1.420598 2
1744733096866 1.4206779 3
1744733097632 1.4190207 4
1744733098407 1.4162564 5
1744733099156 1.4130228 6
1744733099909 1.4103668 7
1744733100675 1.4064044 8
1744733101429 1.402676 9
1744733102180 1.4000534 10
1744733102928 1.3974859 11
1744733103682 1.3939353 12
1744733104442 1.3879164 0
1744733105198 1.3898699 1
1744733105948 1.3929627 2
1744733106701 1.3937929 3
1744733107453 1.3916371 4
1744733108206 1.3916371 5
1744733108950 1.3890657 6
1744733109706 1.392112 7
1744733110454 1.3918552 8
1744733111199 1.3941158 9
1744733111950 1.3945291 10
1744733112704 1.3910673 11
1744733113456 1.3871734 12
1744733114223 1.3840928 0
1744733114977 1.3811514 1
1744733115720 1.3785565 2
1744733116463 1.3795528 3
1744733117223 1.3813691 4
1744733117968 1.3849719 5
1744733118717 1.3870597 6
1744733119464 1.3860747 7
1744733120225 1.385909 8
1744733120970 1.3862207 9
1744733121731 1.3856721 10
1744733122495 1.3884892 11
1744733123247 1.3886708 12
1744733124009 1.3875911 0
1744733124755 1.3866148 1
1744733125505 1.3863761 2
1744733126257 1.384912 3
1744733127003 1.3861752 4
1744733127748 1.3907869 5
1744733128500 1.3944314 6
1744733129249 1.4007653 7
1744733129995 1.4081187 8
1744733130745 1.4127089 9
1744733131489 1.4114277 10
1744733132249 1.4100549 11
1744733132996 1.4056244 12
1744733133760 1.4002697 0
1744733134515 1.3948725 1
1744733135262 1.3916626 2
1744733136013 1.3878028 3
1744733136758 1.385663 4
1744733137539 1.3845762 5
1744733138328 1.3870852 6
1744733139110 1.3874393 7
1744733139885 1.39064 8
1744733140667 1.3915603 9
1744733141422 1.3878105 10
1744733142186 1.3851793 11
1744733142944 1.3830159 12
1744733143716 1.3818469 0
1744733144474 1.3822858 1
1744733145216 1.3859041 2
1744733145968 1.3892698 3
1744733146722 1.3914126 4
1744733147472 1.3907709 5
1744733148222 1.3892342 6
1744733148969 1.3874532 7
1744733149732 1.3875885 8
1744733150487 1.3893018 9
1744733151248 1.3910583 10
1744733151992 1.3949686 11
1744733152742 1.3958638 12
1744733153504 1.4015856 0
1744733154248 1.3977611 1
1744733155005 1.3988802 2
1744733155754 1.3948345 3
1744733156513 1.3879044 4
1744733157261 1.3807552 5
1744733158102 1.3733169 6
1744733158852 1.3720992 7
1744733159598 1.3744584 8
1744733160358 1.3776357 9
1744733161107 1.379751 10
1744733161858 1.3824339 11
1744733162611 1.3844957 12
1744733163380 1.3867939 0
1744733164129 1.3886814 1
1744733164881 1.3883646 2
1744733165622 1.3874376 3
1744733166368 1.384976 4
1744733167119 1.3826518 5
1744733167863 1.3795094 6
1744733168617 1.3770164 7
1744733169367 1.3751221 8
1744733170121 1.3800216 9
1744733170866 1.379847 10
1744733171627 1.3760045 11
1744733172381 1.3739221 12
1744733173140 1.3663474 0
1744733173888 1.3625804 1
1744733174640 1.3631343 2
1744733175396 1.3607101 3
1744733176144 1.3552568 4
1744733176893 1.3534809 5
1744733177648 1.3460858 6
1744733178400 1.3421261 7
1744733179159 1.3665444 8
1744733179907 1.3547298 9
1744733180656 1.3578426 10
1744733181404 1.3731031 11
1744733182153 1.3855716 12
1744733182921 1.4030172 0
1744733183675 1.4162258 1
1744733184431 1.4092526 2
1744733185179 1.3788233 3
1744733185930 1.3403611 4
1744733186676 1.3052014 5
1744733187425 1.3086597 6
1744733188196 1.3245358 7
1744733188938 1.3569413 8
1744733189688 1.4002757 9
1744733190442 1.4385729 10
1744733191185 1.4423823 11
1744733191936 1.4390357 12
1744733192700 1.4282801 0
1744733193448 1.4168494 1
1744733194193 1.4051211 2
1744733194944 1.3960836 3
1744733195697 1.3852539 4
1744733196445 1.3791875 5
1744733197205 1.3758079 6
1744733197968 1.3744628 7
1744733198730 1.3661549 8
1744733199492 1.3632622 9
1744733200242 1.3644161 10
1744733200992 1.3529906 11
1744733201743 1.3590974 12
1744733202506 1.3697841 0
1744733203268 1.3822215 1
1744733204021 1.3929367 2
1744733204784 1.4165795 3
1744733205564 1.4369547 4
1744733206321 1.4360356 5
1744733207072 1.4333541 6
1744733207822 1.4236274 7
1744733208572 1.4109912 8
1744733209330 1.4003866 9
1744733210082 1.3920565 10
1744733210830 1.3825681 11
1744733211584 1.3743174 12
1744733212345 1.367605 0
1744733213100 1.3591956 1
1744733213854 1.3561683 2
1744733214604 1.3527571 3
1744733215352 1.3418498 4
1744733216109 1.341151 5
1744733216854 1.3500875 6
1744733217599 1.3665271 7
1744733218365 1.3862016 8
1744733219117 1.4058943 9
1744733219863 1.4209881 10
1744733220611 1.4314693 11
1744733221363 1.4222622 12
1744733222131 1.4159932 0
1744733222892 1.4064596 1
1744733223643 1.4020276 2
1744733224388 1.3970385 3
1744733225132 1.3918375 4
1744733225882 1.3851275 5
1744733226622 1.3771316 6
1744733227368 1.3648221 7
1744733228120 1.3555176 8
1744733228870 1.338523 9
1744733229615 1.3219349 10
1744733230376 1.3269339 11
1744733231127 1.3277142 12
1744733231890 1.3680851 0
1744733232638 1.4498885 1
1744733233474 1.4859178 2
1744733234229 1.4756212 3
1744733234975 1.4554195 4
1744733235717 1.4345734 5
1744733236469 1.4272482 6
1744733237220 1.4148586 7
1744733237966 1.4057906 8
1744733238708 1.4001448 9
1744733239455 1.3931917 10
1744733240201 1.3898717 11
1744733240950 1.3840022 12
1744733241710 1.3822623 0
1744733242456 1.3803146 1
1744733243200 1.3768418 2
1744733243950 1.3760083 3
1744733244693 1.372525 4
1744733245441 1.3687476 5
1744733246187 1.3603071 6
1744733246927 1.3711396 7
1744733247676 1.3684928 8
1744733248422 1.362242 9
1744733249186 1.3554065 10
1744733249935 1.3496499 11
1744733250681 1.354753 12
1744733251438 1.3371241 0
1744733252187 1.3453329 1
1744733252937 1.3412662 2
1744733253678 1.3379128 3
1744733254426 1.3380935 4
1744733255182 1.3464022 5
1744733255937 1.3342029 6
1744733256686 1.3328979 7
1744733257442 1.3357313 8
1744733258195 1.3430104 9
1744733258943 1.3558198 10
1744733259694 1.3629657 11
1744733260443 1.3559414 12
1744733261202 1.3619745 0
1744733261951 1.3668007 1
1744733262706 1.3604698 2
1744733263450 1.3530163 3
1744733264201 1.3464957 4
1744733264949 1.3466303 5
1744733265699 1.3446043 6
1744733266443 1.3442416 7
1744733267200 1.3490615 8
1744733267946 1.3517786 9
1744733268693 1.3567507 10
1744733269439 1.3617775 11
1744733270189 1.3624284 12
1744733270952 1.3583167 0
1744733271707 1.348069 1
1744733272456 1.345228 2
1744733273208 1.3422644 3
1744733273953 1.3413486 4
1744733274708 1.3387606 5
1744733275461 1.3278263 6
1744733276222 1.3291998 7
1744733276980 1.3228432 8
1744733277731 1.3325055 9
1744733278482 1.3268551 10
1744733279226 1.3265581 11
1744733279995 1.3260076 12
1744733280753 1.3269318 0
1744733281510 1.3279624 1
1744733282259 1.3270054 2
1744733283007 1.3399539 3
1744733283757 1.3290113 4
1744733284504 1.3122988 5
1744733285248 1.3017246 6
1744733285994 1.3019731 7
1744733286737 1.295382 8
1744733287488 1.2907621 9
1744733288240 1.2822413 10
1744733288979 1.274842 11
1744733289730 1.2703938 12
1744733290496 1.264092 0
1744733291246 1.264293 1
1744733291998 1.2646513 2
1744733292747 1.254447 3
1744733293499 1.2399074 4
1744733294242 1.2753484 5
1744733294991 1.3433207 6
1744733295740 1.3720071 7
1744733296500 1.3808893 8
1744733297238 1.4149752 9
1744733297986 1.4207444 10
1744733298732 1.4046932 11
1744733299486 1.3861527 12
1744733300255 1.3680005 0
1744733301001 1.3357769 1
1744733301753 1.3079265 2
1744733302504 1.2938169 3
1744733303252 1.2732458 4
1744733303997 1.2801414 5
1744733304748 1.305615 6
1744733305501 1.3630431 7
1744733306247 1.4176733 8
1744733306992 1.4514447 9
1744733307741 1.4736922 10
1744733308579 1.497407 11
1744733309332 1.4998317 12
1744733310090 1.4668369 0
1744733310850 1.4373074 1
1744733311611 1.4070146 2
1744733312361 1.3874328 3
1744733313123 1.3725889 4
1744733313861 1.3557538 5
1744733314609 1.3406937 6
1744733315352 1.3301411 7
1744733316093 1.3213127 8
1744733316841 1.3210014 9
1744733317587 1.3297884 10
1744733318328 1.3215771 11
1744733319083 1.3175831 12
1744733319850 1.3191777 0
1744733320593 1.3550674 1
1744733321344 1.386172 2
1744733322094 1.4076685 3
1744733322862 1.395339 4
1744733323603 1.3794955 5
1744733324350 1.390506 6
1744733325101 1.398467 7
1744733325845 1.4128063 8
1744733326594 1.3890027 9
1744733327348 1.3687222 10
1744733328097 1.3523223 11
1744733328848 1.3384092 12
1744733329610 1.3246839 0
1744733330359 1.3184936 1
1744733331100 1.3173814 2
1744733331844 1.3258967 3
1744733332591 1.3201652 4
1744733333352 1.3289813 5
1744733334099 1.3294833 6
1744733334847 1.331235 7
1744733335593 1.33426 8
1744733336337 1.3461525 9
1744733337091 1.3567774 10
1744733337845 1.3462387 11
1744733338588 1.3591688 12
1744733339356 1.3687663 0
1744733340106 1.3841293 1
1744733340857 1.4243996 2
1744733341604 1.4532969 3
1744733342353 1.4217796 4
1744733343096 1.3959854 5
1744733343840 1.3765973 6
1744733344584 1.3639235 7
1744733345348 1.3547187 8
1744733346098 1.3490325 9
1744733346841 1.340334 10
1744733347589 1.3324034 11
1744733348339 1.3176814 12
1744733349106 1.314912 0
1744733349867 1.3314503 1
1744733350624 1.3290011 2
1744733351381 1.3308756 3
1744733352138 1.3308972 4
1744733352887 1.3295171 5
1744733353642 1.3321683 6
1744733354385 1.34795 7
1744733355129 1.3643848 8
1744733355884 1.3577948 9
1744733356630 1.3455303 10
1744733357374 1.3132324 11
1744733358146 1.268765 12
1744733358928 1.2464738 0
1744733359675 1.3053026 1
1744733360423 1.3785541 2
1744733361175 1.470581 3
1744733361922 1.4610846 4
1744733362678 1.4132755 5
1744733363426 1.3572562 6
1744733364174 1.2868388 7
1744733364924 1.245194 8
1744733365672 1.1893258 9
1744733366416 1.1909633 10
1744733367177 1.2286023 11
1744733367926 1.294725 12
1744733368685 1.3883011 0
1744733369435 1.5148482 1
1744733370188 1.597971 2
1744733370932 1.5401309 3
1744733371684 1.4579648 4
1744733372438 1.3832889 5
1744733373187 1.3585111 6
1744733373938 1.3403696 7
1744733374689 1.3312938 8
1744733375430 1.3080435 9
1744733376171 1.2823954 10
1744733376924 1.3128738 11
1744733377671 1.3611288 12
1744733378435 1.4553254 0
1744733379180 1.4866695 1
1744733379930 1.4041982 2
1744733380685 1.3150852 3
1744733381429 1.2806562 4
1744733382178 1.2760912 5
1744733382933 1.3051188 6
1744733383767 1.3219764 7
1744733384516 1.354428 8
1744733385260 1.3821218 9
1744733386010 1.4017541 10
1744733386761 1.435396 11
1744733387497 1.451236 12
1744733388258 1.4547219 0
1744733389011 1.4509676 1
1744733389767 1.4269869 2
1744733390511 1.4052128 3
1744733391272 1.3929142 4
1744733392027 1.3980598 5
1744733392775 1.409641 6
1744733393518 1.4136379 7
1744733394266 1.4262666 8
1744733395020 1.4305179 9
1744733395763 1.4332584 10
1744733396516 1.4390001 11
1744733397268 1.435344 12
1744733398033 1.4307297 0
1744733398781 1.4247696 1
1744733399523 1.4208066 2
1744733400277 1.4093345 3
1744733401039 1.4079922 4
1744733401791 1.4050167 5
1744733402536 1.4011765 6
1744733403297 1.4006884 7
1744733404042 1.3996241 8
1744733404794 1.4065361 9
1744733405540 1.4032245 10
1744733406289 1.3994999 11
1744733407036 1.395283 12
1744733407799 1.3881849 0
1744733408544 1.3834286 1
1744733409292 1.3758903 2
1744733410046 1.3754828 3
1744733410795 1.3768998 4
1744733411546 1.3850794 5
1744733412298 1.3929641 6
1744733413048 1.4004359 7
1744733413801 1.4058728 8
1744733414554 1.4094023 9
1744733415307 1.4118338 10
1744733416056 1.4066801 11
1744733416806 1.4041951 12
1744733417572 1.4028192 0
1744733418322 1.398761 1
1744733419070 1.3960872 2
1744733419824 1.3987898 3
1744733420570 1.4028745 4
1744733421322 1.4067776 5
1744733422072 1.4080997 6
1744733422826 1.4044408 7
1744733423570 1.4019775 8
1744733424321 1.3970075 9
1744733425077 1.3935194 10
1744733425834 1.3942152 11
1744733426573 1.3976221 12
1744733427340 1.399895 0
1744733428093 1.4007485 1
1744733428849 1.3985841 2
1744733429597 1.3960166 3
1744733430344 1.3915029 4
1744733431121 1.389542 5
1744733431883 1.3933424 6
1744733432640 1.3885903 7
1744733433386 1.3956766 8
1744733434131 1.3953674 9
1744733434880 1.3899262 10
1744733435626 1.3955796 11
1744733436381 1.3872948 12
1744733437150 1.3994863 0
1744733437891 1.3866867 1
1744733438631 1.4029812 2
1744733439378 1.4023595 3
1744733440129 1.3905008 4
1744733440879 1.402162 5
1744733441626 1.3877287 6
1744733442369 1.3873804 7
1744733443114 1.3795896 8
1744733443866 1.3830428 9
1744733444618 1.3822489 10
1744733445363 1.3807358 11
1744733446107 1.3846066 12
1744733446871 1.3806435 0
1744733447618 1.3874731 1
1744733448371 1.39 2
1744733449113 1.3926144 3
1744733449853 1.3890331 4
1744733450599 1.3944349 5
1744733451354 1.391245 6
1744733452114 1.3790371 7
1744733452853 1.3907683 8
1744733453599 1.388547 9
1744733454342 1.3844697 10
1744733455091 1.3948362 11
1744733455835 1.389979 12
1744733456604 1.3912334 0
1744733457353 1.3999553 1
1744733458100 1.3944001 2
1744733458935 1.3840643 3
1744733459689 1.3918253 4
1744733460438 1.3885372 5
1744733461185 1.3900717 6
1744733461929 1.3929632 7
1744733462675 1.402023 8
1744733463422 1.4052052 9
1744733464165 1.4077992 10
1744733464911 1.4043078 11
1744733465655 1.394551 12
1744733466427 1.3902433 0
1744733467170 1.3859992 1
1744733467911 1.3875899 2
1744733468655 1.3887876 3
1744733469400 1.3910552 4
1744733470164 1.3974605 5
1744733470939 1.3922825 6
1744733471696 1.3939314 7
1744733472446 1.3932726 8
1744733473197 1.3972256 9
1744733473948 1.390112 10
1744733474700 1.3932402 11
1744733475454 1.3872018 12
1744733476221 1.3792863 0
1744733476965 1.3837656 1
1744733477709 1.3746072 2
1744733478463 1.3742105 3
1744733479211 1.3912861 4
1744733479955 1.3978531 5
1744733480701 1.381671 6
1744733481457 1.3840384 7
1744733482204 1.3862524 8
1744733482960 1.3861834 9
1744733483707 1.388117 10
1744733484454 1.385387 11
1744733485203 1.3858831 12
1744733485967 1.3873966 0
1744733486714 1.3870854 1
1744733487470 1.3867042 2
1744733488216 1.3908798 3
1744733488960 1.3917398 4
1744733489708 1.3906341 5
1744733490448 1.3867792 6
1744733491206 1.3862171 7
1744733491947 1.3877721 8
1744733492692 1.3832195 9
1744733493431 1.3858104 10
1744733494185 1.3914022 11
1744733494940 1.392306 12
1744733495697 1.3951428 0
1744733496443 1.3920739 1
1744733497189 1.3931406 2
1744733497937 1.3899462 3
1744733498677 1.3858798 4
1744733499417 1.3796816 5
1744733500161 1.3752015 6
1744733500903 1.3732357 7
1744733501649 1.3726001 8
1744733502425 1.380921 9
1744733503169 1.3877957 10
1744733503917 1.3965018 11
1744733504668 1.404 12
1744733505433 1.4050314 0
1744733506183 1.4005423 1
1744733506923 1.3947159 2
1744733507668 1.3967469 3
1744733508416 1.3838289 4
1744733509168 1.3766639 5
1744733509912 1.3723061 6
1744733510658 1.3691043 7
1744733511411 1.3702201 8
1744733512157 1.3717471 9
1744733512900 1.3716867 10
1744733513650 1.3752863 11
1744733514394 1.389888 12
1744733515157 1.390338 0
1744733515910 1.389416 1
1744733516657 1.3895317 2
1744733517405 1.3865535 3
1744733518147 1.3845775 4
1744733518925 1.3818798 5
1744733519686 1.3741128 6
1744733520436 1.368278 7
1744733521185 1.3637191 8
1744733521941 1.3738718 9
1744733522692 1.3846382 10
1744733523438 1.3874898 11
1744733524193 1.3919733 12
1744733524953 1.3912101 0
1744733525704 1.3842351 1
1744733526459 1.3823237 2
1744733527202 1.3759556 3
1744733527954 1.3783426 4
1744733528711 1.3759657 5
1744733529459 1.3799043 6
1744733530207 1.3828323 7
1744733530957 1.387074 8
1744733531696 1.3882263 9
1744733532449 1.3907282 10
1744733533209 1.3861017 11
1744733534058 1.3932742 12
1744733534914 1.384859 0
1744733535675 1.3899367 1
1744733536424 1.3847312 2
1744733537177 1.3743982 3
1744733537925 1.3779428 4
1744733538677 1.3714666 5
1744733539429 1.3780303 6
1744733540191 1.3757486 7
1744733540946 1.3785743 8
1744733541688 1.3771888 9
1744733542436 1.3829916 10
1744733543188 1.3831301 11
1744733543943 1.3786385 12
1744733544719 1.3800529 0
1744733545465 1.3724215 1
1744733546220 1.3692327 2
1744733546967 1.3700652 3
1744733547716 1.3704989 4
1744733548461 1.375485 5
1744733549226 1.3737385 6
1744733549979 1.3798633 7
1744733550727 1.3760004 8
1744733551478 1.3786471 9
1744733552252 1.3733827 10
1744733553007 1.3767495 11
1744733553748 1.369901 12
1744733554522 1.3639255 0
1744733555278 1.3553092 1
1744733556031 1.3505024 2
1744733556781 1.3607688 3
1744733557528 1.381526 4
1744733558280 1.3847303 5
1744733559039 1.3908789 6
1744733559788 1.39345 7
1744733560534 1.3931196 8
1744733561283 1.3956151 9
1744733562037 1.4129903 10
1744733562783 1.4170434 11
1744733563527 1.4119333 12
1744733564290 1.4112374 0
1744733565050 1.4051368 1
1744733565791 1.3876112 2
1744733566536 1.3812498 3
1744733567287 1.3716674 4
1744733568052 1.3555577 5
1744733568803 1.3416169 6
1744733569551 1.3438864 7
1744733570290 1.3483436 8
1744733571043 1.3630679 9
1744733571795 1.3791413 10
1744733572541 1.3941479 11
1744733573287 1.4069304 12
1744733574052 1.4148922 0
1744733574801 1.4127028 1
1744733575555 1.4095509 2
1744733576307 1.4139366 3
1744733577051 1.4141394 4
1744733577803 1.4015245 5
1744733578550 1.3855851 6
1744733579301 1.3712013 7
1744733580052 1.3669968 8
1744733580804 1.3591332 9
1744733581552 1.3585641 10
1744733582307 1.374685 11
1744733583062 1.3957708 12
1744733583824 1.4158595 0
1744733584569 1.4341828 1
1744733585313 1.4364464 2
1744733586060 1.4327474 3
1744733586813 1.4154146 4
1744733587577 1.400389 5
1744733588329 1.3819001 6
1744733589079 1.3662916 7
1744733589827 1.363236 8
1744733590580 1.3610969 9
1744733591332 1.3716855 10
1744733592094 1.3835078 11
1744733592837 1.3891091 12
1744733593605 1.3920995 0
1744733594354 1.3938727 1
1744733595102 1.3948917 2
1744733595855 1.3909619 3
1744733596606 1.3928547 4
1744733597356 1.3962564 5
1744733598116 1.3911479 6
1744733598873 1.3905346 7
1744733599619 1.3830295 8
1744733600364 1.3755976 9
1744733601111 1.3733433 10
1744733601862 1.3664258 11
1744733602628 1.3681097 12
1744733603396 1.3652174 0
1744733604147 1.3721197 1
1744733604885 1.3733281 2
1744733605634 1.3823671 3
1744733606382 1.3953252 4
1744733607162 1.3991532 5
1744733607922 1.399287 6
1744733608659 1.391412 7
1744733609499 1.3775301 8
1744733610241 1.3671563 9
1744733610984 1.3593597 10
1744733611729 1.3473728 11
1744733612472 1.3453536 12
1744733613237 1.3433774 0
1744733613985 1.356406 1
1744733614738 1.365212 2
1744733615487 1.3782215 3
1744733616233 1.3889227 4
1744733616979 1.3916402 5
1744733617732 1.3964396 6
1744733618485 1.4004953 7
1744733619229 1.3947022 8
1744733619990 1.3938129 9
1744733620745 1.3872457 10
1744733621487 1.3788383 11
1744733622242 1.3659419 12
1744733623007 1.3560001 0
1744733623754 1.3572462 1
1744733624504 1.342742 2
1744733625252 1.3457088 3
1744733626002 1.3584807 4
1744733626757 1.3689291 5
1744733627509 1.3760561 6
1744733628263 1.3753406 7
1744733629009 1.3780572 8
1744733629758 1.3881168 9
1744733630505 1.4081845 10
1744733631260 1.4321251 11
1744733632019 1.4376347 12
1744733632781 1.4312544 0
1744733633534 1.4215822 1
1744733634282 1.4121786 2
1744733635031 1.3999586 3
1744733635786 1.3942192 4
1744733636530 1.3900497 5
1744733637283 1.3864094 6
1744733638029 1.388443 7
1744733638768 1.3895819 8
1744733639511 1.3933339 9
1744733640264 1.3915395 10
1744733641010 1.3759618 11
1744733641761 1.3705574 12
1744733642531 1.3752384 0
1744733643274 1.3758197 1
1744733644021 1.3722172 2
1744733644763 1.3781359 3
1744733645518 1.3782372 4
1744733646271 1.3771737 5
1744733647015 1.3823863 6
1744733647762 1.3837929 7
1744733648520 1.3890238 8
1744733649272 1.3876166 9
1744733650027 1.3893497 10
1744733650774 1.385424 11
1744733651524 1.3799505 12
1744733652297 1.3769618 0
1744733653041 1.3782034 1
1744733653789 1.3720794 2
1744733654546 1.3869128 3
1744733655293 1.3901529 4
1744733656049 1.3998653 5
1744733656794 1.403619 6
1744733657563 1.412841 7
1744733658320 1.4056842 8
1744733659068 1.4113948 9
1744733659812 1.4114535 10
1744733660562 1.3969281 11
1744733661311 1.3923354 12
1744733662071 1.3882612 0
1744733662820 1.377643 1
1744733663567 1.3685176 2
1744733664322 1.3613162 3
1744733665077 1.3515778 4
1744733665821 1.3513238 5
1744733666577 1.3541659 6
1744733667331 1.3678513 7
1744733668081 1.3796937 8
1744733668829 1.390883 9
1744733669575 1.3987343 10
1744733670322 1.4049053 11
1744733671070 1.3966296 12
1744733671837 1.3967254 0
1744733672585 1.3916178 1
1744733673338 1.3930916 2
1744733674084 1.3847731 3
1744733674832 1.3822224 4
1744733675577 1.378972 5
1744733676333 1.3772316 6
1744733677084 1.3784459 7
1744733677835 1.3803439 8
1744733678581 1.3825766 9
1744733679333 1.3827133 10
1744733680076 1.3802594 11
1744733680822 1.3828045 12
1744733681579 1.3795359 0
1744733682328 1.3807664 1
1744733683073 1.3832862 2
1744733683819 1.3815811 3
1744733684666 1.3878553 4
1744733685420 1.3875265 5
1744733686169 1.3913723 6
1744733686937 1.3932645 7
1744733687689 1.3918645 8
1744733688439 1.3851709 9
1744733689192 1.3807299 10
1744733689939 1.37321 11
1744733690685 1.3664746 12
1744733691452 1.3685822 0
1744733692202 1.3739109 1
1744733692946 1.3817482 2
1744733693690 1.3878007 3
1744733694443 1.3830111 4
1744733695202 1.3684442 5
1744733695949 1.3627938 6
1744733696703 1.367577 7
1744733697450 1.3762641 8
1744733698204 1.3939369 9
1744733698960 1.4184127 10
1744733699703 1.4270751 11
1744733700451 1.4083686 12
1744733701215 1.3841472 0
1744733701963 1.3588663 1
1744733702711 1.3477628 2
1744733703464 1.3448626 3
1744733704212 1.3532708 4
1744733704958 1.3727002 5
1744733705702 1.3937254 6
1744733706439 1.3998868 7
1744733707182 1.4079375 8
1744733707928 1.4188988 9
1744733708678 1.4175515 10
1744733709422 1.4154229 11
1744733710173 1.4099257 12
1744733710932 1.4030793 0
1744733711673 1.395253 1
1744733712429 1.3872291 2
1744733713180 1.3783231 3
1744733713923 1.3719072 4
1744733714667 1.3759301 5
1744733715413 1.3791364 6
1744733716171 1.3834833 7
1744733716916 1.3853912 8
1744733717668 1.3924531 9
1744733718417 1.3935382 10
1744733719158 1.3995724 11
1744733719904 1.3905319 12
1744733720667 1.393373 0
1744733721418 1.3884526 1
1744733722171 1.3888403 2
1744733722924 1.3831799 3
1744733723675 1.3875555 4
1744733724422 1.3817229 5
1744733725173 1.3723559 6
1744733725913 1.3703673 7
1744733726669 1.3646768 8
1744733727421 1.3649206 9
1744733728158 1.3590883 10
1744733728917 1.3574123 11
1744733729662 1.366292 12
1744733730421 1.3719585 0
1744733731164 1.3823674 1
1744733731911 1.3979545 2
1744733732663 1.4069324 3
1744733733404 1.4156587 4
1744733734151 1.4202095 5
1744733734898 1.417444 6
1744733735639 1.4175208 7
1744733736394 1.4103043 8
1744733737137 1.4014566 9
1744733737882 1.3865625 10
1744733738633 1.3799422 11
1744733739382 1.3759172 12
1744733740145 1.378145 0
1744733740894 1.3764672 1
1744733741638 1.3758677 2
1744733742387 1.377579 3
1744733743132 1.3735905 4
1744733743879 1.3728564 5
1744733744627 1.3690405 6
1744733745376 1.3714571 7
1744733746118 1.3778725 8
1744733746860 1.3791789 9
1744733747609 1.3808913 10
1744733748354 1.3835509 11
1744733749111 1.3747276 12
1744733749872 1.3764558 0
1744733750621 1.3681273 1
1744733751375 1.3671455 2
1744733752117 1.3632903 3
1744733752866 1.3613286 4
1744733753620 1.3640028 5
1744733754378 1.3764708 6
1744733755123 1.3918242 7
1744733755868 1.386163 8
1744733756618 1.3805549 9
1744733757363 1.3661468 10
1744733758105 1.3633571 11
1744733758867 1.3598386 12
1744733759729 1.3557668 0
1744733760475 1.3554267 1
1744733761218 1.3601406 2
1744733761973 1.3658152 3
1744733762727 1.3770788 4
1744733763473 1.3605106 5
1744733764221 1.3731326 6
1744733764971 1.370412 7
1744733765716 1.3680675 8
1744733766463 1.366182 9
1744733767212 1.367057 10
1744733767963 1.3725082 11
1744733768719 1.3770027 12
1744733769491 1.373678 0
1744733770236 1.3706408 1
1744733770988 1.3751856 2
1744733771740 1.3767107 3
1744733772484 1.3706989 4
1744733773225 1.3618726 5
1744733773969 1.3490436 6
1744733774736 1.3589306 7
1744733775497 1.3723196 8
1744733776247 1.4043465 9
1744733776989 1.4157901 10
1744733777744 1.4166121 11
1744733778495 1.4114408 12
1744733779261 1.4045513 0
1744733779996 1.3936486 1
1744733780739 1.3886707 2
1744733781479 1.3813857 3
1744733782230 1.3757055 4
1744733782973 1.3716857 5
1744733783720 1.3709202 6
1744733784470 1.3783617 7
1744733785214 1.3810494 8
1744733785959 1.3818753 9
1744733786703 1.3782113 10
1744733787455 1.3635033 11
1744733788195 1.3600309 12
1744733788961 1.358024 0
1744733789706 1.3647639 1
1744733790455 1.3720825 2
1744733791209 1.3750052 3
1744733791949 1.3842621 4
1744733792701 1.3818256 5
1744733793456 1.3800325 6
1744733794204 1.3742702 7
1744733794952 1.3770983 8
1744733795700 1.384067 9
1744733796442 1.3863037 10
1744733797198 1.3909867 11
1744733797950 1.4033358 12
1744733798726 1.4111603 0
1744733799474 1.4110012 1
1744733800222 1.4044633 2
1744733800973 1.3986087 3
1744733801728 1.3963332 4
1744733802468 1.3934884 5
1744733803215 1.3924422 6
1744733803956 1.3895555 7
1744733804697 1.3855113 8
1744733805443 1.3804154 9
1744733806183 1.3779896 10
1744733806927 1.3773942 11
1744733807675 1.3744419 12
1744733808444 1.3750236 0
1744733809194 1.3797026 1
1744733809944 1.380265 2
1744733810713 1.3926646 3
1744733811465 1.3966033 4
1744733812227 1.3989813 5
1744733812981 1.401036 6
1744733813725 1.3974017 7
1744733814480 1.3918946 8
1744733815230 1.3854622 9
1744733815972 1.3732461 10
1744733816720 1.3685101 11
1744733817468 1.3654703 12
1744733818236 1.3605888 0
1744733818984 1.3579907 1
1744733819732 1.361798 2
1744733820484 1.3687843 3
1744733821239 1.3653169 4
1744733821995 1.3653629 5
1744733822761 1.3652375 6
1744733823526 1.3672508 7
1744733824271 1.3726015 8
1744733825026 1.3740194 9
1744733825771 1.3840166 10
1744733826521 1.3866832 11
1744733827273 1.391099 12
1744733828044 1.4004273 0
1744733828790 1.3957735 1
1744733829541 1.4030018 2
1744733830291 1.4011003 3
1744733831032 1.4050978 4
1744733831776 1.3914403 5
1744733832524 1.398772 6
1744733833278 1.3993115 7
1744733834028 1.397253 8
1744733834870 1.3937076 9
1744733835617 1.3858621 10
1744733836365 1.3779781 11
1744733837120 1.3801755 12
1744733837897 1.3766623 0
1744733838650 1.383069 1
1744733839392 1.3801903 2
1744733840153 1.4055278 3
1744733840906 1.4244654 4
1744733841655 1.4347932 5
1744733842400 1.4278675 6
1744733843146 1.4175715 7
1744733843900 1.403183 8
1744733844642 1.3887095 9
1744733845388 1.3780701 10
1744733846143 1.3653929 11
1744733846890 1.35075 12
1744733847659 1.3526199 0
1744733848410 1.3494537 1
1744733849166 1.3720922 2
1744733849908 1.3774889 3
1744733850653 1.3747988 4
1744733851401 1.3674804 5
1744733852153 1.3640927 6
1744733852897 1.3646089 7
1744733853643 1.3563831 8
1744733854397 1.3622155 9
1744733855138 1.3750379 10
1744733855883 1.3800249 11
1744733856637 1.3872471 12
1744733857401 1.3946881 0
1744733858154 1.3848636 1
1744733858908 1.3717859 2
1744733859651 1.3630154 3
1744733860404 1.3748533 4
1744733861152 1.3887036 5
1744733861906 1.4258668 6
1744733862670 1.4451473 7
1744733863417 1.4589291 8
1744733864158 1.4564877 9
1744733864908 1.4467006 10
1744733865657 1.4300665 11
1744733866401 1.4119363 12
1744733867169 1.3887811 0
1744733867911 1.3704753 1
1744733868660 1.3544723 2
1744733869407 1.3507185 3
1744733870147 1.3481709 4
1744733870916 1.3620546 5
1744733871679 1.3682129 6
1744733872431 1.3676586 7
1744733873176 1.3696339 8
1744733873926 1.3613806 9
1744733874671 1.3572134 10
1744733875418 1.3655205 11
1744733876170 1.3856201 12
1744733876939 1.4025729 0
1744733877688 1.4280928 1
1744733878437 1.4474438 2
1744733879178 1.4667677 3
1744733879920 1.4539673 4
1744733880671 1.444597 5
1744733881425 1.4236295 6
1744733882175 1.4146972 7
1744733882919 1.3986955 8
1744733883673 1.386092 9
1744733884421 1.3759809 10
1744733885166 1.3786013 11
1744733885922 1.3879509 12
1744733886683 1.402807 0
1744733887432 1.411118 1
1744733888176 1.4199922 2
1744733888927 1.4313093 3
1744733889677 1.4239737 4
1744733890425 1.404258 5
1744733891167 1.3865526 6
1744733891911 1.3642584 7
1744733892660 1.3510616 8
1744733893409 1.3443661 9
1744733894156 1.3435454 10
1744733894907 1.3509498 11
1744733895659 1.3587377 12
1744733896419 1.3705331 0
1744733897163 1.3871219 1
1744733897915 1.3944678 2
1744733898668 1.4026716 3
1744733899418 1.4107299 4
1744733900157 1.4040699 5
1744733900901 1.4030201 6
1744733901645 1.3918163 7
1744733902396 1.3942502 8
1744733903143 1.3893087 9
1744733903890 1.3901731 10
1744733904645 1.3960001 11
1744733905383 1.3971186 12
1744733906144 1.4028795 0
1744733906882 1.4083095 1
1744733907625 1.4047364 2
1744733908375 1.4072225 3
1744733909118 1.4041133 4
1744733909956 1.4007709 5
1744733910709 1.3948224 6
1744733911459 1.391779 7
1744733912201 1.3834381 8
1744733912943 1.375855 9
1744733913705 1.3699999 10
1744733914455 1.3650057 11
1744733915200 1.3689246 12
1744733915964 1.3708673 0
1744733916705 1.3724574 1
1744733917461 1.381701 2
1744733918203 1.3801671 3
1744733918976 1.384937 4
1744733919730 1.3864428 5
1744733920483 1.385539 6
1744733921241 1.3826152 7
1744733921988 1.378149 8
1744733922736 1.3790321 9
1744733923488 1.3756274 10
1744733924231 1.3708551 11
1744733924977 1.3702223 12
1744733925745 1.3669689 0
1744733926494 1.3714314 1
1744733927228 1.3735604 2
1744733927968 1.3716474 3
1744733928714 1.381139 4
1744733929470 1.3884892 5
1744733930224 1.3974795 6
1744733930976 1.3969396 7
1744733931729 1.3893425 8
1744733932476 1.3911026 9
1744733933219 1.3870519 10
1744733933968 1.3854574 11
1744733934718 1.3842111 12
1744733935483 1.3773773 0
1744733936239 1.3808877 1
1744733936987 1.3809365 2
1744733937730 1.3842388 3
1744733938478 1.3795828 4
1744733939230 1.3773427 5
1744733939979 1.3792377 6
1744733940735 1.3846893 7
1744733941483 1.3900583 8
1744733942233 1.394586 9
1744733942989 1.3938417 10
1744733943729 1.392107 11
1744733944476 1.3836944 12
1744733945241 1.3844475 0
1744733945989 1.3840127 1
1744733946732 1.3849704 2
1744733947482 1.3761666 3
1744733948229 1.3764334 4
1744733948979 1.3761864 5
1744733949728 1.3815393 6
1744733950472 1.3842958 7
1744733951216 1.3859719 8
1744733951968 1.3962064 9
1744733952716 1.393245 10
1744733953461 1.3815509 11
1744733954209 1.3720037 12
1744733954969 1.3627813 0
1744733955731 1.3435353 1
1744733956483 1.3415073 2
1744733957234 1.3502966 3
1744733957990 1.3626153 4
1744733958741 1.387073 5
1744733959493 1.3984843 6
1744733960245 1.4139459 7
1744733960986 1.4072857 8
1744733961742 1.408487 9
1744733962495 1.3913246 10
1744733963256 1.3577685 11
1744733964001 1.3300353 12
1744733964764 1.3354924 0
1744733965512 1.3476442 1
1744733966288 1.3664429 2
1744733967042 1.3818161 3
1744733967790 1.3763771 4
1744733968540 1.371301 5
1744733969289 1.3703787 6
1744733970041 1.3817453 7
1744733970791 1.3927495 8
1744733971543 1.4199147 9
1744733972294 1.4291012 10
1744733973050 1.4333847 11
1744733973795 1.4102216 12
1744733974567 1.4091852 0
1744733975317 1.3976176 1
1744733976063 1.3906026 2
1744733976816 1.3881377 3
1744733977564 1.380971 4
1744733978315 1.3820212 5
1744733979070 1.3826838 6
1744733979816 1.3820703 7
1744733980568 1.3933754 8
1744733981314 1.40032 9
1744733982067 1.3907732 10
1744733982819 1.3857722 11
1744733983564 1.3800406 12
1744733984328 1.3790312 0
1744733985170 1.3829172 1
1744733985918 1.3760959 2
1744733986675 1.380889 3
1744733987425 1.3788166 4
1744733988185 1.3861706 5
1744733988935 1.385354 6
1744733989693 1.3907847 7
1744733990448 1.3854825 8
1744733991202 1.3760195 9
1744733991942 1.3680224 10
1744733992696 1.364588 11
1744733993446 1.3605852 12
1744733994220 1.3550317 0
1744733994968 1.3608018 1
1744733995716 1.3692763 2
1744733996458 1.3761431 3
1744733997215 1.3829122 4
1744733997970 1.3932972 5
1744733998719 1.387085 6
1744733999472 1.3857028 7
1744734000224 1.3802726 8
1744734000983 1.3850589 9
1744734001730 1.3998444 10
1744734002479 1.4137666 11
1744734003229 1.4061683 12
1744734004001 1.3940828 0
1744734004755 1.3876301 1
1744734005508 1.3910992 2
1744734006274 1.394082 3
1744734007030 1.3881967 4
1744734007782 1.3852737 5
1744734008537 1.3840523 6
1744734009293 1.385771 7
1744734010042 1.3832622 8
1744734010799 1.3820579 9
1744734011547 1.3789797 10
1744734012292 1.3771133 11
1744734013054 1.3677788 12
1744734013821 1.3644263 0
1744734014574 1.369231 1
1744734015332 1.3678272 2
1744734016085 1.3697572 3
1744734016838 1.3731716 4
1744734017595 1.3700795 5
1744734018376 1.3779976 6
1744734019133 1.3824712 7
1744734019892 1.3926189 8
1744734020643 1.3844519 9
1744734021399 1.3930384 10
1744734022187 1.3973641 11
1744734022951 1.396067 12
1744734023709 1.3857627 0
1744734024459 1.3841169 1
1744734025216 1.3853177 2
1744734025961 1.3800057 3
1744734026707 1.3784118 4
1744734027453 1.3788929 5
1744734028198 1.3786023 6
1744734028945 1.3788617 7
1744734029688 1.3814026 8
1744734030438 1.3821503 9
1744734031186 1.3834916 10
1744734031944 1.3824059 11
1744734032692 1.371829 12
1744734033452 1.3659983 0
1744734034234 1.3635416 1
1744734034980 1.3652529 2
1744734035724 1.3560544 3
1744734036471 1.3583813 4
1744734037215 1.3558984 5
1744734037964 1.3664863 6
1744734038708 1.3835073 7
1744734039456 1.4123039 8
1744734040194 1.4335324 9
1744734040935 1.4328215 10
1744734041713 1.41737 11
1744734042526 1.3854367 12
1744734043351 1.3582113 0
1744734044161 1.3445159 1
1744734044923 1.334197 2
1744734045681 1.3489424 3
1744734046428 1.3739629 4
1744734047184 1.3864576 5
1744734047939 1.3979435 6
1744734048693 1.4051098 7
1744734049445 1.409595 8
1744734050193 1.406424 9
1744734050947 1.4010799 10
1744734051690 1.3831618 11
1744734052441 1.369496 12
1744734053252 1.3597807 0
1744734054021 1.3538587 1
1744734054769 1.3635186 2
1744734055520 1.3843155 3
1744734056271 1.4141359 4
1744734057020 1.4322321 5
1744734057766 1.4374554 6
1744734058516 1.4529127 7
1744734059267 1.4400775 8
1744734060012 1.4346519 9
1744734060852 1.4066174 10
1744734061596 1.3774002 11
1744734062349 1.3510375 12
1744734063115 1.3282592 0
1744734063868 1.3195146 1
1744734064618 1.3213062 2
1744734065372 1.3551719 3
1744734066112 1.3878427 4
1744734066858 1.4059727 5
1744734067605 1.4103327 6
1744734068359 1.4116373 7
1744734069107 1.4187415 8
1744734069852 1.4194255 9
1744734070620 1.425234 10
1744734071367 1.4364316 11
1744734072113 1.451978 12
1744734072881 1.4600502 0
1744734073635 1.4599826 1
1744734074385 1.457489 2
1744734075142 1.4366568 3
1744734075883 1.4242489 4
1744734076627 1.4006059 5
1744734077372 1.3926024 6
1744734078124 1.3887922 7
1744734078876 1.3858777 8
1744734079627 1.3883553 9
1744734080377 1.3973494 10
1744734081128 1.4013007 11
1744734081874 1.3952639 12
1744734082635 1.3947978 0
1744734083380 1.3859196 1
1744734084130 1.3808577 2
1744734084877 1.3772782 3
1744734085625 1.3758419 4
1744734086370 1.3660665 5
1744734087120 1.3693702 6
1744734087865 1.3667505 7
1744734088609 1.3673449 8
1744734089357 1.3768063 9
1744734090107 1.3844893 10
1744734090852 1.3855332 11
1744734091597 1.3946502 12
1744734092360 1.3917238 0
1744734093106 1.3962862 1
1744734093859 1.3884361 2
1744734094613 1.3832142 3
1744734095358 1.3745556 4
1744734096101 1.3733714 5
1744734096851 1.3673683 6
1744734097602 1.3708489 7
1744734098349 1.3654789 8
1744734099099 1.3767111 9
1744734099844 1.3694363 10
1744734100586 1.3786317 11
1744734101336 1.3702835 12
1744734102106 1.3964691 0
1744734102858 1.3911741 1
1744734103604 1.3818191 2
1744734104346 1.4092479 3
1744734105094 1.4077616 4
1744734105843 1.4092228 5
1744734106595 1.4184337 6
1744734107341 1.4184343 7
1744734108086 1.4219077 8
1744734108839 1.4213929 9
1744734109581 1.4112839 10
1744734110331 1.3986487 11
1744734111082 1.4003 12
1744734111852 1.3960934 0
1744734112603 1.3930669 1
1744734113345 1.3948321 2
1744734114091 1.39958 3
1744734114843 1.3857362 4
1744734115587 1.3935919 5
1744734116335 1.3934834 6
1744734117081 1.3898313 7
1744734117828 1.3859938 8
1744734118582 1.3836335 9
1744734119332 1.3755767 10
1744734120080 1.3705229 11
1744734120826 1.3601928 12
1744734121590 1.360834 0
1744734122342 1.3564665 1
1744734123112 1.3593087 2
1744734123859 1.3561337 3
1744734124607 1.3614916 4
1744734125348 1.3664396 5
1744734126091 1.3704932 6
1744734126842 1.3788769 7
1744734127591 1.3910803 8
1744734128336 1.4060497 9
1744734129083 1.4198545 10
1744734129832 1.4300807 11
1744734130582 1.4334338 12
1744734131345 1.4312477 0
1744734132097 1.418261 1
1744734132842 1.403264 2
1744734133589 1.3950605 3
1744734134340 1.3918028 4
1744734135088 1.3845611 5
1744734135931 1.3775985 6
1744734136680 1.3668463 7
1744734137437 1.3648049 8
1744734138193 1.3670301 9
1744734138939 1.3711452 10
1744734139691 1.3837152 11
1744734140436 1.3934981 12
1744734141210 1.4013095 0
1744734141964 1.3992966 1
1744734142711 1.4030435 2
1744734143462 1.3951993 3
1744734144213 1.3794528 4
1744734144953 1.3691517 5
1744734145699 1.364258 6
1744734146443 1.3593366 7
1744734147199 1.3531275 8
1744734147946 1.3592277 9
1744734148696 1.3684995 10
1744734149448 1.3706714 11
1744734150196 1.378738 12
1744734150956 1.3887738 0
1744734151702 1.3930335 1
1744734152453 1.4042925 2
1744734153201 1.3946675 3
1744734153948 1.3965333 4
1744734154692 1.3885148 5
1744734155441 1.3915292 6
1744734156197 1.4055183 7
1744734156943 1.4010342 8
1744734157690 1.4165503 9
1744734158453 1.4108198 10
1744734159205 1.4048338 11
1744734159957 1.4051517 12
1744734160723 1.3909824 0
1744734161477 1.3726394 1
1744734162221 1.3571653 2
1744734162972 1.3552765 3
1744734163718 1.3524922 4
1744734164467 1.3601568 5
1744734165208 1.3685079 6
1744734165950 1.361695 7
1744734166701 1.3620917 8
1744734167456 1.3551037 9
1744734168193 1.3647373 10
1744734168945 1.3820537 11
1744734169692 1.4048218 12
1744734170461 1.4200038 0
1744734171201 1.4143567 1
1744734171952 1.4081632 2
1744734172692 1.3984818 3
1744734173448 1.385909 4
1744734174199 1.3715401 5
1744734174947 1.3593762 6
1744734175703 1.3511646 7
1744734176451 1.3538451 8
1744734177199 1.401161 9
1744734177943 1.4837563 10
1744734178684 1.5316324 11
1744734179440 1.5147974 12
1744734180210 1.4431432 0
1744734180956 1.3933496 1
1744734181709 1.3569278 2
1744734182456 1.324184 3
1744734183209 1.2955565 4
1744734183954 1.269275 5
1744734184698 1.2504836 6
1744734185451 1.2569067 7
1744734186206 1.2840226 8
1744734186953 1.3315907 9
1744734187703 1.387957 10
1744734188451 1.4442935 11
1744734189207 1.4594157 12
1744734189974 1.4564643 0
1744734190718 1.425752 1
1744734191464 1.4090889 2
1744734192216 1.4064922 3
1744734192958 1.4036357 4
1744734193717 1.414987 5
1744734194460 1.4019265 6
1744734195210 1.3977352 7
1744734195959 1.3820713 8
1744734196700 1.3577442 9
1744734197442 1.3699692 10
1744734198192 1.3870597 11
1744734198942 1.399898 12
1744734199704 1.3857112 0
1744734200453 1.3663682 1
1744734201200 1.3365438 2
1744734201947 1.3298726 3
1744734202694 1.3341978 4
1744734203437 1.3884896 5
1744734204193 1.4609604 6
1744734204946 1.529211 7
1744734205686 1.5163825 8
1744734206430 1.4420731 9
1744734207178 1.3516072 10
1744734207926 1.3227711 11
1744734208676 1.3230026 12
1744734209440 1.3542612 0
1744734210186 1.3927429 1
1744734211032 1.3912249 2
1744734211780 1.3831673 3
1744734212534 1.3846798 4
1744734213284 1.4018025 5
1744734214032 1.4141282 6
1744734214777 1.4250653 7
1744734215522 1.4393005 8
1744734216270 1.4340794 9
1744734217022 1.4262254 10
1744734217763 1.4113808 11
1744734218520 1.3974581 12
1744734219286 1.391956 0
1744734220039 1.3952477 1
1744734220792 1.4033852 2
1744734221546 1.4164032 3
1744734222291 1.411622 4
1744734223039 1.398398 5
1744734223792 1.3645656 6
1744734224536 1.3201888 7
1744734225280 1.2846276 8
1744734226025 1.2718551 9
1744734226776 1.2710009 10
1744734227529 1.317195 11
1744734228279 1.3718802 12
1744734229064 1.4529366 0
1744734229821 1.5261213 1
1744734230566 1.5196152 2
1744734231324 1.4863381 3
1744734232070 1.4603009 4
1744734232820 1.4350429 5
1744734233570 1.4100089 6
1744734234325 1.3903968 7
1744734235071 1.3833672 8
1744734235827 1.377371 9
1744734236576 1.3783562 10
1744734237323 1.3745654 11
1744734238066 1.3718569 12
1744734238833 1.3749397 0
1744734239581 1.3698597 1
1744734240328 1.3707354 2
1744734241076 1.3567483 3
1744734241829 1.351356 4
1744734242581 1.3485208 5
1744734243330 1.3432074 6
1744734244076 1.3529081 7
1744734244821 1.3751875 8
1744734245568 1.3833833 9
1744734246308 1.402043 10
1744734247057 1.4075966 11
1744734247810 1.4092579 12
1744734248585 1.4030669 0
1744734249338 1.4095073 1
1744734250080 1.4273684 2
1744734250834 1.4248639 3
1744734251583 1.425337 4
1744734252330 1.4226528 5
1744734253081 1.4034457 6
1744734253842 1.393259 7
1744734254585 1.3867986 8
1744734255329 1.3932264 9
1744734256075 1.392771 10
1744734256826 1.4030665 11
1744734257578 1.4083539 12
1744734258342 1.417705 0
1744734259091 1.4242104 1
1744734259830 1.426497 2
1744734260582 1.4340546 3
1744734261335 1.427542 4
1744734262072 1.4258494 5
1744734262817 1.417764 6
1744734263572 1.4042315 7
1744734264314 1.392771 8
1744734265069 1.3813787 9
1744734265821 1.3685968 10
1744734266571 1.357104 11
1744734267319 1.3490746 12
1744734268079 1.3418387 0
1744734268823 1.3412135 1
1744734269590 1.342627 2
1744734270351 1.3460791 3
1744734271098 1.3473247 4
1744734271842 1.3599389 5
1744734272595 1.3751924 6
1744734273343 1.4008049 7
1744734274099 1.4135063 8
1744734274850 1.4238489 9
1744734275606 1.4390411 10
1744734276346 1.4409181 11
1744734277109 1.4425095 12
1744734277873 1.4373232 0
1744734278619 1.4162896 1
1744734279364 1.4004545 2
1744734280122 1.3859222 3
1744734280871 1.3740406 4
1744734281625 1.3724793 5
1744734282372 1.3803797 6
1744734283139 1.3859785 7
1744734283892 1.3826649 8
1744734284633 1.3755801 9
1744734285383 1.3824282 10
1744734286225 1.3794631 11
1744734287073 1.3786106 12
1744734287844 1.3803079 0
1744734288593 1.3809772 1
1744734289344 1.3882058 2
1744734290087 1.3915043 3
1744734290852 1.3957604 4
1744734291639 1.3956717 5
1744734292392 1.4001237 6
1744734293145 1.3931968 7
1744734293896 1.3920877 8
1744734294650 1.3852146 9
1744734295393 1.3804469 10
1744734296142 1.3704846 11
1744734296897 1.3645563 12
1744734297665 1.3704777 0
1744734298414 1.3649795 1
1744734299154 1.3724132 2
1744734299903 1.377021 3
1744734300664 1.3827088 4
1744734301411 1.3831553 5
1744734302152 1.3859899 6
1744734302907 1.3896832 7
1744734303663 1.3905363 8
1744734304410 1.3813676 9
1744734305161 1.3876874 10
1744734305906 1.3893126 11
1744734306659 1.3892264 12
1744734307425 1.3911638 0
1744734308179 1.3913494 1
1744734308930 1.3881211 2
1744734309675 1.3916479 3
1744734310421 1.4093497 4
1744734311173 1.4053508 5
1744734311925 1.3800809 6
1744734312679 1.372803 7
1744734313426 1.3726149 8
1744734314179 1.3662709 9
1744734314929 1.3660107 10
1744734315684 1.3668034 11
1744734316436 1.3632319 12
1744734317198 1.3642051 0
1744734317938 1.3606664 1
1744734318699 1.3662841 2
1744734319449 1.3563254 3
1744734320197 1.345155 4
1744734320952 1.3335794 5
1744734321697 1.3271415 6
1744734322444 1.3464757 7
1744734323188 1.3874606 8
1744734323939 1.4149613 9
1744734324692 1.4383483 10
1744734325443 1.4569687 11
1744734326195 1.4547222 12
1744734326963 1.4412118 0
1744734327713 1.423541 1
1744734328470 1.4013779 2
1744734329222 1.3802137 3
1744734329964 1.3728998 4
1744734330719 1.3740579 5
1744734331475 1.3695803 6
1744734332224 1.3867807 7
1744734332969 1.3761503 8
1744734333718 1.3649712 9
1744734334477 1.3741109 10
1744734335222 1.3724089 11
1744734335976 1.3707974 12
1744734336732 1.3695161 0
1744734337489 1.371594 1
1744734338235 1.3738217 2
1744734338983 1.3791928 3
1744734339733 1.3712534 4
1744734340488 1.3771915 5
1744734341238 1.3930691 6
1744734341987 1.4051888 7
1744734342746 1.4288689 8
1744734343500 1.442123 9
1744734344251 1.4431579 10
1744734345001 1.4377649 11
1744734345750 1.4245455 12
1744734346531 1.4094036 0
1744734347275 1.3969898 1
1744734348026 1.3852501 2
1744734348781 1.3803606 3
1744734349536 1.3627436 4
1744734350284 1.3554688 5
1744734351039 1.352889 6
1744734351787 1.3566966 7
1744734352537 1.3593639 8
1744734353280 1.3624498 9
1744734354027 1.3594618 10
1744734354776 1.356595 11
1744734355531 1.3526473 12
1744734356300 1.3369033 0
1744734357053 1.3434684 1
1744734357802 1.3614111 2
1744734358564 1.4012694 3
1744734359320 1.4183576 4
1744734360064 1.419702 5
1744734360810 1.41136 6
1744734361650 1.4087908 7
1744734362406 1.4079249 8
1744734363170 1.4024324 9
1744734363921 1.3998206 10
1744734364669 1.390105 11
1744734365421 1.3989213 12
1744734366189 1.3727074 0
1744734366940 1.3738246 1
1744734367690 1.3644856 2
1744734368447 1.3675098 3
1744734369198 1.3564024 4
1744734369945 1.3669353 5
1744734370693 1.3572178 6
1744734371447 1.3802857 7
1744734372205 1.373068 8
1744734372950 1.3900611 9
1744734373706 1.4006704 10
1744734374462 1.4072886 11
1744734375211 1.4080513 12
1744734375977 1.4095013 0
1744734376732 1.4083073 1
1744734377478 1.3942103 2
1744734378223 1.3760505 3
1744734378977 1.3702223 4
1744734379724 1.3662865 5
1744734380484 1.3682237 6
1744734381237 1.3704526 7
1744734381993 1.365547 8
1744734382744 1.3669226 9
1744734383496 1.3573186 10
1744734384241 1.3578954 11
1744734384991 1.3638664 12
1744734385759 1.352198 0
1744734386515 1.3677576 1
1744734387268 1.3745828 2
1744734388020 1.3790812 3
1744734388767 1.378937 4
1744734389516 1.3645768 5
1744734390267 1.3699886 6
1744734391017 1.3613758 7
1744734391768 1.3582429 8
1744734392516 1.3614879 9
1744734393273 1.3598819 10
1744734394019 1.3629239 11
1744734394770 1.3656815 12
1744734395528 1.3647165 0
1744734396281 1.3626547 1
1744734397033 1.3741254 2
1744734397805 1.3811707 3
1744734398552 1.4014864 4
1744734399307 1.4128985 5
1744734400056 1.4079022 6
1744734400801 1.3944724 7
1744734401549 1.3804011 8
1744734402303 1.3677627 9
1744734403050 1.358284 10
1744734403805 1.3474958 11
1744734404554 1.3508029 12
1744734405331 1.3538449 0
1744734406078 1.3587385 1
1744734406831 1.3618643 2
1744734407581 1.375073 3
1744734408333 1.3811656 4
1744734409085 1.3839085 5
1744734409826 1.3880644 6
1744734410579 1.3931212 7
1744734411332 1.3865011 8
1744734412138 1.3818848 9
1744734412887 1.3634937 10
1744734413641 1.3560212 11
1744734414389 1.3464613 12
1744734415153 1.3401992 0
1744734415901 1.3474464 1
1744734416646 1.3548084 2
1744734417401 1.360269 3
1744734418151 1.3662899 4
1744734418899 1.3692197 5
1744734419660 1.3504212 6
1744734420417 1.3564525 7
1744734421167 1.3741031 8
1744734421916 1.4027414 9
1744734422656 1.4243381 10
1744734423401 1.413043 11
1744734424154 1.3852918 12
1744734424922 1.3938642 0
1744734425668 1.4098912 1
1744734426417 1.4259005 2
1744734427167 1.3952671 3
1744734427908 1.3424358 4
1744734428659 1.2881329 5
1744734429414 1.2491527 6
1744734430165 1.2406669 7
1744734430919 1.2731225 8
1744734431673 1.3748674 9
1744734432419 1.4482601 10
1744734433168 1.501652 11
1744734433902 1.5170192 12
1744734434670 1.495641 0
1744734435408 1.4774995 1
1744734436160 1.4522924 2
1744734437007 1.4389458 3
1744734437756 1.4255643 4
1744734438498 1.4198421 5
1744734439246 1.411353 6
1744734439994 1.4061348 7
1744734440740 1.4000249 8
1744734441485 1.3856046 9
1744734442233 1.374594 10
1744734442982 1.3671386 11
1744734443727 1.3591402 12
1744734444489 1.3530102 0
1744734445245 1.3537881 1
1744734446002 1.3401659 2
1744734446755 1.3437874 3
1744734447506 1.3733025 4
1744734448254 1.4105768 5
1744734449031 1.4380199 6
1744734449796 1.4525094 7
1744734450540 1.4554186 8
1744734451293 1.4197315 9
1744734452067 1.4032874 10
1744734452818 1.3806624 11
1744734453568 1.3602464 12
1744734454329 1.3447199 0
1744734455078 1.339182 1
1744734455824 1.340882 2
1744734456575 1.3438417 3
1744734457321 1.3587 4
1744734458067 1.3768492 5
1744734458815 1.4001608 6
1744734459563 1.4275477 7
1744734460310 1.4550303 8
1744734461055 1.4653219 9
1744734461801 1.4586759 10
1744734462548 1.447244 11
1744734463300 1.4362574 12
1744734464070 1.4201797 0
1744734464812 1.4052339 1
1744734465556 1.3878479 2
1744734466297 1.3766422 3
1744734467040 1.3616571 4
1744734467795 1.3508823 5
1744734468557 1.336247 6
1744734469301 1.3380237 7
1744734470045 1.3285966 8
1744734470791 1.3277302 9
1744734471536 1.337057 10
1744734472280 1.3459091 11
1744734473023 1.3662276 12
1744734473790 1.3781108 0
1744734474537 1.4053255 1
1744734475283 1.3944046 2
1744734476056 1.4233443 3
1744734476805 1.4213116 4
1744734477545 1.4152884 5
1744734478289 1.4224232 6
1744734479038 1.4169776 7
1744734479791 1.4336948 8
1744734480540 1.4040215 9
1744734481284 1.4020452 10
1744734482032 1.3946761 11
1744734482783 1.3883592 12
1744734483551 1.3871176 0
1744734484323 1.3815179 1
1744734485072 1.3666046 2
1744734485823 1.3572654 3
1744734486570 1.3439279 4
1744734487322 1.3309839 5
1744734488072 1.33037 6
1744734488830 1.3372347 7
1744734489573 1.3636343 8
1744734490324 1.3643659 9
1744734491069 1.3993175 10
1744734491814 1.3962417 11
1744734492557 1.3985698 12
1744734493318 1.3935678 0
1744734494063 1.3989853 1
1744734494816 1.4013443 2
1744734495571 1.4068347 3
1744734496322 1.4025905 4
1744734497069 1.388762 5
1744734497815 1.3793575 6
1744734498565 1.3641224 7
1744734499312 1.3567162 8
1744734500057 1.355274 9
1744734500804 1.3624859 10
1744734501548 1.3737054 11
1744734502302 1.3802707 12
1744734503057 1.3780107 0
1744734503802 1.3750728 1
1744734504572 1.3747916 2
1744734505316 1.3723781 3
1744734506059 1.373807 4
1744734506805 1.3752186 5
1744734507566 1.3798912 6
1744734508319 1.3835754 7
1744734509066 1.3925481 8
1744734509829 1.4075638 9
1744734510585 1.407591 10
1744734511334 1.4037143 11
1744734512170 1.380026 12
1744734512926 1.3586862 0
1744734513681 1.3467767 1
1744734514428 1.3539289 2
1744734515173 1.3581731 3
1744734515923 1.3767002 4
1744734516674 1.3918729 5
1744734517429 1.3959572 6
1744734518210 1.4101331 7
1744734518957 1.4007102 8
1744734519712 1.3957691 9
1744734520453 1.3932719 10
1744734521191 1.3869506 11
1744734521937 1.3900377 12
1744734522701 1.3982822 0
1744734523451 1.4073751 1
1744734524195 1.4014366 2
1744734524943 1.3861825 3
1744734525696 1.3713118 4
1744734526438 1.3454962 5
1744734527181 1.3340443 6
1744734527920 1.3343005 7
1744734528672 1.3421401 8
1744734529427 1.3533287 9
1744734530176 1.3600008 10
1744734530918 1.3808864 11
1744734531660 1.3969537 12
1744734532424 1.4118038 0
1744734533172 1.416153 1
1744734533916 1.42101 2
1744734534663 1.4169369 3
1744734535416 1.4004935 4
1744734536158 1.3915055 5
1744734536906 1.376718 6
1744734537652 1.363519 7
1744734538400 1.3563691 8
1744734539147 1.3563923 9
1744734539895 1.3582269 10
1744734540643 1.3597229 11
1744734541398 1.3738631 12
1744734542193 1.3875465 0
1744734542937 1.3909745 1
1744734543682 1.3960735 2
1744734544430 1.3959575 3
1744734545174 1.3795283 4
1744734545918 1.3774424 5
1744734546663 1.367255 6
1744734547412 1.3829417 7
1744734548158 1.3751229 8
1744734548902 1.3805091 9
1744734549651 1.3708316 10
1744734550404 1.372817 11
1744734551154 1.359494 12
1744734551911 1.3630347 0
1744734552664 1.3657429 1
1744734553406 1.3630773 2
1744734554158 1.3617785 3
1744734554898 1.3727391 4
1744734555651 1.3764927 5
1744734556402 1.382818 6
1744734557156 1.3938978 7
1744734557898 1.3985198 8
1744734558656 1.4052467 9
1744734559410 1.4026014 10
1744734560162 1.387567 11
1744734560909 1.3850212 12
1744734561679 1.3830569 0
1744734562426 1.380464 1
1744734563180 1.3844182 2
1744734563919 1.3902969 3
1744734564666 1.3867657 4
1744734565417 1.3944656 5
1744734566168 1.3891662 6
1744734566912 1.3927956 7
1744734567658 1.3882279 8
1744734568412 1.3864573 9
1744734569164 1.3832033 10
1744734569910 1.3825064 11
1744734570662 1.3655944 12
1744734571420 1.3701042 0
1744734572167 1.3632257 1
1744734572911 1.3604591 2
1744734573655 1.3656645 3
1744734574412 1.3673451 4
1744734575165 1.358257 5
1744734575916 1.3606783 6
1744734576667 1.3566575 7
1744734577425 1.3441966 8
1744734578174 1.3356528 9
1744734578929 1.3440862 10
1744734579679 1.3534861 11
1744734580431 1.3701248 12
1744734581196 1.3879418 0
1744734581950 1.4062947 1
1744734582700 1.4175458 2
1744734583449 1.3987011 3
1744734584205 1.4019318 4
1744734584950 1.38947 5
1744734585698 1.3855662 6
1744734586450 1.3936224 7
1744734587290 1.3949983 8
1744734588036 1.4098918 9
1744734588782 1.4108838 10
1744734589529 1.4195247 11
1744734590280 1.4198443 12
1744734591044 1.3946583 0
1744734591789 1.3653514 1
1744734592531 1.348383 2
1744734593281 1.3385391 3
1744734594033 1.3553531 4
1744734594783 1.3682098 5
1744734595529 1.3927832 6
1744734596271 1.3877155 7
1744734597022 1.3847358 8
1744734597772 1.3708503 9
1744734598522 1.3586407 10
1744734599269 1.353194 11
1744734600026 1.3475759 12
1744734600799 1.3425958 0
1744734601545 1.3406847 1
1744734602294 1.3331088 2
1744734603053 1.335377 3
1744734603803 1.3647094 4
1744734604550 1.395245 5
1744734605305 1.4282665 6
1744734606054 1.454759 7
1744734606798 1.4527535 8
1744734607547 1.4477364 9
1744734608290 1.4179764 10
1744734609038 1.395901 11
1744734609787 1.374891 12
1744734610551 1.371957 0
1744734611294 1.3657115 1
1744734612040 1.3686197 2
1744734612791 1.372097 3
1744734613544 1.372029 4
1744734614297 1.3548241 5
1744734615065 1.3460767 6
1744734615815 1.3312485 7
1744734616563 1.3314124 8
1744734617320 1.3367972 9
1744734618076 1.3901135 10
1744734618838 1.4094028 11
1744734619592 1.417542 12
1744734620356 1.4218999 0
1744734621108 1.4296229 1
1744734621849 1.4291756 2
1744734622597 1.4175372 3
1744734623346 1.3961296 4
1744734624092 1.3734529 5
1744734624848 1.3557162 6
1744734625595 1.3423661 7
1744734626346 1.3365004 8
1744734627097 1.3408902 9
1744734627844 1.3406115 10
1744734628592 1.3473982 11
1744734629339 1.3535745 12
1744734630110 1.3641472 0
1744734630866 1.3809699 1
1744734631617 1.390837 2
1744734632367 1.4034625 3
1744734633118 1.4254751 4
1744734633874 1.4421544 5
1744734634622 1.4277567 6
1744734635367 1.4163003 7
1744734636119 1.4044487 8
1744734636869 1.3888917 9
1744734637613 1.3722131 10
1744734638364 1.3695941 11
1744734639116 1.3675762 12
1744734639885 1.3751376 0
1744734640635 1.3878613 1
1744734641384 1.3934627 2
1744734642126 1.4251512 3
1744734642872 1.4248455 4
1744734643628 1.3937268 5
1744734644383 1.3720778 6
1744734645133 1.3429451 7
1744734645889 1.3263614 8
1744734646644 1.3167838 9
1744734647394 1.3256509 10
1744734648146 1.3615489 11
1744734648904 1.3963096 12
1744734649686 1.423975 0
1744734650432 1.4328878 1
1744734651176 1.433203 2
1744734651924 1.4250703 3
1744734652680 1.438254 4
1744734653419 1.4197114 5
1744734654167 1.4098058 6
1744734654913 1.4042294 7
1744734655671 1.389502 8
1744734656420 1.3739947 9
1744734657170 1.3702388 10
1744734657913 1.380515 11
1744734658666 1.4027097 12
1744734659435 1.4396503 0
1744734660189 1.4378192 1
1744734660942 1.418277 2
1744734661700 1.3651778 3
1744734662544 1.3555229 4
1744734663304 1.3510954 5
1744734664058 1.3640805 6
1744734664817 1.3710965 7
1744734665570 1.4011757 8
1744734666321 1.420841 9
1744734667074 1.438523 10
1744734667828 1.4478979 11
1744734668592 1.4424956 12
1744734669367 1.4330039 0
1744734670145 1.4142821 1
1744734670889 1.4086701 2
1744734671631 1.4065822 3
1744734672372 1.3927386 4
1744734673118 1.3799039 5
1744734673866 1.3843651 6
1744734674610 1.3770804 7
1744734675354 1.3781075 8
1744734676099 1.3680122 9
1744734676842 1.3680233 10
1744734677597 1.3775439 11
1744734678340 1.38375 12
1744734679103 1.3905933 0
1744734679847 1.3912122 1
1744734680601 1.3791051 2
1744734681345 1.3680588 3
1744734682086 1.3642266 4
1744734682834 1.3580384 5
1744734683585 1.3536258 6
1744734684327 1.3551643 7
1744734685069 1.3411891 8
1744734685815 1.326942 9
1744734686563 1.3317711 10
1744734687304 1.330231 11
1744734688051 1.3661885 12
1744734688807 1.4036248 0
1744734689556 1.4308052 1
1744734690306 1.4570698 2
1744734691060 1.4211125 3
1744734691806 1.3991868 4
1744734692541 1.3642187 5
1744734693293 1.347378 6
1744734694030 1.3604351 7
1744734694772 1.3655679 8
1744734695528 1.389741 9
1744734696277 1.4268882 10
1744734697019 1.427919 11
1744734697766 1.421392 12
1744734698534 1.4114393 0
1744734699282 1.3918304 1
1744734700031 1.369804 2
1744734700790 1.3542757 3
1744734701537 1.339052 4
1744734702291 1.3305044 5
1744734703040 1.331754 6
1744734703791 1.33458 7
1744734704536 1.3512273 8
1744734705283 1.3827777 9
1744734706032 1.4176044 10
1744734706788 1.4439962 11
1744734707542 1.4226456 12
1744734708316 1.3767064 0
1744734709056 1.3387333 1
1744734709807 1.3055205 2
1744734710551 1.2984307 3
1744734711297 1.3163397 4
1744734712069 1.3627961 5
1744734712831 1.3914671 6
1744734713585 1.4095838 7
1744734714341 1.4230781 8
1744734715081 1.4075735 9
1744734715830 1.3908739 10
1744734716572 1.3775725 11
1744734717323 1.3640604 12
1744734718098 1.3462834 0
1744734718846 1.338211 1
1744734719597 1.3369728 2
1744734720352 1.341419 3
1744734721115 1.342073 4
1744734721896 1.345893 5
1744734722647 1.3693473 6
1744734723405 1.3882706 7
1744734724152 1.414013 8
1744734724895 1.4079115 9
1744734725634 1.4031938 10
1744734726384 1.388422 11
1744734727137 1.371916 12
1744734727908 1.3684237 0
1744734728659 1.3353403 1
1744734729406 1.3358026 2
1744734730188 1.3447046 3
1744734730931 1.3309731 4
1744734731676 1.3209594 5
1744734732418 1.3295155 6
1744734733159 1.3511698 7
1744734733899 1.3682299 8
1744734734650 1.4104221 9
1744734735389 1.401063 10
1744734736132 1.4147477 11
1744734736884 1.4074883 12
