1744732782583 0.9288081 0
1744732783346 0.6929173 1
1744732783977 0.6031163 2
1744732784611 0.6003058 3
1744732785239 0.65172386 4
1744732785870 0.7153332 5
1744732786495 0.73795265 6
1744732787118 0.72891283 7
1744732787747 0.7199932 8
1744732788383 0.7229591 9
1744732789020 0.7132875 10
1744732789655 0.7174648 11
1744732790295 0.73192525 12
1744732790957 0.72116613 0
1744732791625 0.7193599 1
1744732792268 0.7110679 2
1744732792890 0.713748 3
1744732793516 0.72203803 4
1744732794138 0.69468915 5
1744732794759 0.6755389 6
1744732795389 0.6846261 7
1744732796018 0.694257 8
1744732796662 0.70160663 9
1744732797303 0.7101042 10
1744732797936 0.7100854 11
1744732798573 0.6902447 12
1744732799227 0.6885499 0
1744732799874 0.69178647 1
1744732800667 0.6853006 2
1744732801485 0.67695755 3
1744732802286 0.6800285 4
1744732803095 0.6770811 5
1744732803905 0.6574684 6
1744732804724 0.6663613 7
1744732805547 0.673019 8
1744732806391 0.6777641 9
1744732807186 0.6738273 10
1744732807976 0.6855201 11
1744732808760 0.6910986 12
1744732809552 0.6887676 0
1744732810316 0.68511105 1
1744732811090 0.6711434 2
1744732811864 0.67863315 3
1744732812645 0.6743614 4
1744732813395 0.66741735 5
1744732814154 0.66608626 6
1744732814907 0.667483 7
1744732815663 0.66600895 8
1744732816420 0.6745347 9
1744732817177 0.671041 10
1744732817926 0.6628735 11
1744732818685 0.66242915 12
1744732819453 0.6629646 0
1744732820226 0.6607583 1
1744732820980 0.6635428 2
1744732821739 0.67537117 3
1744732822500 0.6931418 4
1744732823263 0.69942874 5
1744732824012 0.68142337 6
1744732824765 0.6778145 7
1744732825519 0.6824623 8
1744732826280 0.6748404 9
1744732827037 0.6545901 10
1744732827790 0.6482735 11
1744732828534 0.65894353 12
1744732829305 0.6641542 0
1744732830062 0.65776926 1
1744732830811 0.6592215 2
1744732831563 0.6731301 3
1744732832307 0.67723596 4
1744732833036 0.6708526 5
1744732833768 0.6731554 6
1744732834498 0.6816652 7
1744732835244 0.6742827 8
1744732835995 0.680474 9
1744732837005 0.6969695 10
1744732837840 0.70357287 11
1744732838620 0.708958 12
1744732839401 0.68689644 0
1744732840166 0.66974497 1
1744732840911 0.67181665 2
1744732841666 0.67512715 3
1744732842416 0.68023527 4
1744732843166 0.6856286 5
1744732843923 0.6747444 6
1744732844666 0.6595713 7
1744732845412 0.67684406 8
1744732846168 0.69035757 9
1744732846935 0.6804395 10
1744732847680 0.6692182 11
1744732848428 0.6690115 12
1744732849184 0.66555446 0
1744732849928 0.6645739 1
1744732850677 0.6713333 2
1744732851426 0.6640041 3
1744732852167 0.65803623 4
1744732852907 0.6568067 5
1744732853655 0.67295736 6
1744732854405 0.6798033 7
1744732855163 0.67740273 8
1744732856113 0.67666376 9
1744732856865 0.6710303 10
1744732857616 0.6653232 11
1744732858363 0.67208844 12
1744732859129 0.6736002 0
1744732859883 0.66296595 1
1744732860645 0.6637513 2
1744732861397 0.6649175 3
1744732862149 0.6693359 4
1744732862901 0.6764967 5
1744732863654 0.6863063 6
1744732864403 0.69233006 7
1744732865154 0.6923629 8
1744732865902 0.68596405 9
1744732866664 0.6729571 10
1744732867406 0.670535 11
1744732868155 0.66177636 12
1744732868915 0.66977346 0
1744732869673 0.6690229 1
1744732870423 0.66375434 2
1744732871177 0.6690099 3
1744732871932 0.6675452 4
1744732872691 0.66051394 5
1744732873455 0.660475 6
1744732874197 0.671658 7
1744732874944 0.6675392 8
1744732875706 0.6632178 9
1744732876458 0.6646805 10
1744732877212 0.66574347 11
1744732877961 0.66979396 12
1744732878736 0.67616385 0
1744732879504 0.67710334 1
1744732880252 0.674087 2
1744732880999 0.6731015 3
1744732881752 0.6738833 4
1744732882507 0.6771748 5
1744732883252 0.68706405 6
1744732883999 0.6915445 7
1744732884746 0.6950982 8
1744732885501 0.69197184 9
1744732886251 0.691229 10
1744732886998 0.6916986 11
1744732887749 0.68255705 12
1744732888520 0.6769999 0
1744732889270 0.68404025 1
1744732890021 0.6894918 2
1744732890770 0.6807015 3
1744732891524 0.6729564 4
1744732892272 0.6792897 5
1744732893021 0.6845491 6
1744732893781 0.68755245 7
1744732894535 0.69195575 8
1744732895281 0.6960764 9
1744732896034 0.69766307 10
1744732896790 0.7000409 11
1744732897532 0.70007694 12
1744732898300 0.690363 0
1744732899045 0.6779829 1
1744732899800 0.66470516 2
1744732900554 0.6612624 3
1744732901304 0.6603785 4
1744732902065 0.6602441 5
1744732902813 0.6536889 6
1744732903558 0.6587033 7
1744732904302 0.6679646 8
1744732905068 0.67619294 9
1744732905820 0.6849005 10
1744732906572 0.6831936 11
1744732907318 0.68022424 12
1744732908087 0.6840813 0
1744732908839 0.68745196 1
1744732909592 0.6819125 2
1744732910343 0.6717944 3
1744732911104 0.66997665 4
1744732911877 0.6786945 5
1744732912631 0.6848761 6
1744732913387 0.6840769 7
1744732914141 0.6810679 8
1744732914898 0.6844209 9
1744732915647 0.693669 10
1744732916406 0.69490004 11
1744732917149 0.69495547 12
1744732917913 0.69657874 0
1744732918664 0.70204914 1
1744732919427 0.70262814 2
1744732920180 0.7013902 3
1744732920925 0.6914435 4
1744732921686 0.69049865 5
1744732922440 0.6931483 6
1744732923192 0.6940329 7
1744732923940 0.691956 8
1744732924684 0.69936866 9
1744732925437 0.70576584 10
1744732926180 0.7034843 11
1744732926925 0.6965286 12
1744732927686 0.6873358 0
1744732928441 0.6662296 1
1744732929191 0.6709032 2
1744732929946 0.6782907 3
1744732930703 0.6779493 4
1744732931548 0.6698781 5
1744732932303 0.6680209 6
1744732933051 0.67694026 7
1744732933802 0.6869425 8
1744732934561 0.6889082 9
1744732935309 0.69024074 10
1744732936059 0.6983626 11
1744732936806 0.70358074 12
1744732937575 0.7013251 0
1744732938323 0.68424004 1
1744732939080 0.64817655 2
1744732939834 0.66256523 3
1744732940582 0.6819287 4
1744732941334 0.67975557 5
1744732942083 0.6668638 6
1744732942832 0.66525054 7
1744732943582 0.67666805 8
1744732944335 0.6808884 9
1744732945089 0.67373085 10
1744732945837 0.67502373 11
1744732946592 0.67902076 12
1744732947361 0.6790314 0
1744732948114 0.6767965 1
1744732948860 0.6821779 2
1744732949613 0.68361235 3
1744732950365 0.6840612 4
1744732951120 0.68916076 5
1744732951877 0.6923868 6
1744732952633 0.6946126 7
1744732953393 0.69180727 8
1744732954152 0.69379395 9
1744732954900 0.6926379 10
1744732955650 0.67287326 11
1744732956401 0.67458457 12
1744732957168 0.6835012 0
1744732957926 0.6836185 1
1744732958688 0.68000853 2
1744732959436 0.679174 3
1744732960194 0.68432057 4
1744732960957 0.68525803 5
1744732961705 0.683726 6
1744732962463 0.693186 7
1744732963212 0.69489515 8
1744732963961 0.69099176 9
1744732964725 0.69451016 10
1744732965479 0.7010218 11
1744732966234 0.7028403 12
1744732967005 0.6952038 0
1744732967761 0.6879464 1
1744732968522 0.6835135 2
1744732969277 0.68371576 3
1744732970021 0.68729544 4
1744732970783 0.68866414 5
1744732971540 0.6842352 6
1744732972300 0.6778874 7
1744732973049 0.6770673 8
1744732973804 0.67853904 9
1744732974562 0.67671084 10
1744732975312 0.6760319 11
1744732976062 0.6793568 12
1744732976838 0.6779385 0
1744732977597 0.66994256 1
1744732978350 0.67132854 2
1744732979100 0.6759705 3
1744732979851 0.68210274 4
1744732980608 0.68299246 5
1744732981363 0.6826891 6
1744732982116 0.6852683 7
1744732982870 0.6874704 8
1744732983629 0.69160163 9
1744732984385 0.6958051 10
1744732985133 0.69735765 11
1744732985885 0.6928604 12
1744732986657 0.6916764 0
1744732987412 0.69396335 1
1744732988158 0.6920073 2
1744732988912 0.6917427 3
1744732989656 0.6959755 4
1744732990413 0.6956946 5
1744732991166 0.6936579 6
1744732991916 0.6897967 7
1744732992665 0.683285 8
1744732993423 0.67932564 9
1744732994172 0.68456763 10
1744732994922 0.6847505 11
1744732995676 0.6844767 12
1744732996443 0.68575424 0
1744732997196 0.68893594 1
1744732997950 0.68541414 2
1744732998703 0.67951465 3
1744732999460 0.6820948 4
1744733000205 0.68585867 5
1744733000985 0.6888827 6
1744733001756 0.6820354 7
1744733002513 0.68034947 8
1744733003269 0.6827061 9
1744733004023 0.691972 10
1744733004767 0.69328654 11
1744733005511 0.6839984 12
1744733006287 0.6797322 0
1744733007128 0.68038034 1
1744733007881 0.6831709 2
1744733008638 0.6871483 3
1744733009393 0.6856638 4
1744733010141 0.68329114 5
1744733010895 0.68554723 6
1744733011653 0.6850939 7
1744733012405 0.680207 8
1744733013156 0.68507993 9
1744733013903 0.69073623 10
1744733014657 0.69326556 11
1744733015411 0.6964916 12
1744733016179 0.6978854 0
1744733016933 0.6980246 1
1744733017676 0.69487923 2
1744733018422 0.6884393 3
1744733019173 0.69814926 4
1744733019923 0.7024426 5
1744733020679 0.69380254 6
1744733021453 0.6895755 7
1744733022220 0.6872929 8
1744733023001 0.6865231 9
1744733023788 0.68470573 10
1744733024549 0.68152 11
1744733025303 0.68302846 12
1744733026097 0.6824227 0
1744733026850 0.6790602 1
1744733027606 0.6799152 2
1744733028356 0.6818706 3
1744733029101 0.68472654 4
1744733029854 0.6872157 5
1744733030620 0.6878584 6
1744733031378 0.6904666 7
1744733032125 0.69530684 8
1744733032878 0.696256 9
1744733033630 0.6942943 10
1744733034378 0.6929996 11
1744733035123 0.6925346 12
1744733035881 0.69627935 0
1744733036632 0.6911225 1
1744733037377 0.6854872 2
1744733038128 0.6844805 3
1744733038878 0.69041204 4
1744733039629 0.70075655 5
1744733040383 0.701613 6
1744733041145 0.70192695 7
1744733041900 0.70332867 8
1744733042656 0.69815415 9
1744733043411 0.70662546 10
1744733044158 0.70632714 11
1744733044906 0.70388716 12
1744733045665 0.6899866 0
1744733046413 0.686243 1
1744733047160 0.6857307 2
1744733047907 0.68361545 3
1744733048658 0.6806802 4
1744733049404 0.6814061 5
1744733050145 0.6806873 6
1744733050891 0.6839298 7
1744733051654 0.6901534 8
1744733052408 0.6891304 9
1744733053154 0.6886032 10
1744733053906 0.68780124 11
1744733054655 0.6964708 12
1744733055429 0.70213616 0
1744733056174 0.7039369 1
1744733056923 0.69295806 2
1744733057688 0.6900882 3
1744733058458 0.69588953 4
1744733059214 0.69851816 5
1744733059961 0.69529295 6
1744733060704 0.6894969 7
1744733061466 0.68640393 8
1744733062210 0.6891953 9
1744733062988 0.6939762 10
1744733063735 0.6890907 11
1744733064484 0.69154274 12
1744733065249 0.70235103 0
1744733065993 0.6998017 1
1744733066736 0.6896082 2
1744733067485 0.6861913 3
1744733068229 0.6827852 4
1744733068979 0.66298395 5
1744733069723 0.6707937 6
1744733070480 0.67891234 7
1744733071226 0.67112243 8
1744733071977 0.6648063 9
1744733072717 0.6708122 10
1744733073457 0.68242633 11
1744733074200 0.68587947 12
1744733074964 0.6872718 0
1744733075711 0.69015133 1
1744733076471 0.69528085 2
1744733077219 0.69665164 3
1744733077971 0.69431764 4
1744733078723 0.6929488 5
1744733079472 0.6920337 6
1744733080223 0.69135404 7
1744733080972 0.6949544 8
1744733081720 0.7002158 9
1744733082561 0.70810795 10
1744733083316 0.71142673 11
1744733084060 0.7107673 12
1744733084823 0.7123443 0
1744733085579 0.712073 1
1744733086330 0.7133878 2
1744733087079 0.7113289 3
1744733087839 0.70092666 4
1744733088594 0.69208974 5
1744733089346 0.68160087 6
1744733090094 0.67059034 7
1744733090844 0.6519002 8
1744733091593 0.66319567 9
1744733092346 0.6708248 10
1744733093095 0.6701186 11
1744733093844 0.6711032 12
1744733094606 0.6769167 0
1744733095360 0.6811696 1
1744733096113 0.6757087 2
1744733096866 0.67253685 3
1744733097636 0.67652005 4
1744733098409 0.6845972 5
1744733099158 0.6850622 6
1744733099911 0.68329704 7
1744733100677 0.68409306 8
1744733101432 0.68526125 9
1744733102182 0.6827598 10
1744733102930 0.68818456 11
1744733103682 0.69145125 12
1744733104444 0.69449127 0
1744733105200 0.69225776 1
1744733105950 0.68961 2
1744733106703 0.6842028 3
1744733107453 0.68976355 4
1744733108208 0.69479775 5
1744733108954 0.6943201 6
1744733109706 0.6867912 7
1744733110454 0.68406934 8
1744733111201 0.6892864 9
1744733111952 0.68729174 10
1744733112706 0.68525213 11
1744733113457 0.6906239 12
1744733114224 0.69393915 0
1744733114977 0.6964534 1
1744733115722 0.6990073 2
1744733116465 0.6930044 3
1744733117225 0.69083846 4
1744733117970 0.6918656 5
1744733118719 0.69495076 6
1744733119465 0.6907086 7
1744733120227 0.69186354 8
1744733120972 0.69529825 9
1744733121733 0.69469994 10
1744733122495 0.6911615 11
1744733123249 0.6872574 12
1744733124011 0.691096 0
1744733124757 0.69565266 1
1744733125507 0.69443345 2
1744733126259 0.6935171 3
1744733127005 0.69325525 4
1744733127750 0.6903552 5
1744733128502 0.68276376 6
1744733129251 0.682878 7
1744733129997 0.68604124 8
1744733130747 0.6843107 9
1744733131491 0.6856314 10
1744733132251 0.68275356 11
1744733132998 0.68324167 12
1744733133762 0.6902476 0
1744733134517 0.6909306 1
1744733135264 0.6898306 2
1744733136015 0.6939 3
1744733136760 0.6949343 4
1744733137543 0.69247967 5
1744733138330 0.6930369 6
1744733139114 0.6908482 7
1744733139887 0.69155294 8
1744733140670 0.69431067 9
1744733141424 0.6919268 10
1744733142190 0.6954235 11
1744733142944 0.7008564 12
1744733143717 0.69642913 0
1744733144476 0.69747066 1
1744733145218 0.69193625 2
1744733145968 0.68905497 3
1744733146724 0.68963057 4
1744733147474 0.69288266 5
1744733148224 0.6937839 6
1744733148969 0.6895878 7
1744733149734 0.69251317 8
1744733150491 0.6869518 9
1744733151250 0.6875492 10
1744733151994 0.685424 11
1744733152744 0.6882358 12
1744733153506 0.68717146 0
1744733154248 0.6901831 1
1744733155007 0.6904803 2
1744733155756 0.68651175 3
1744733156515 0.68500316 4
1744733157263 0.6956736 5
1744733158104 0.7056775 6
1744733158852 0.6871249 7
1744733159598 0.69856375 8
1744733160360 0.7073249 9
1744733161107 0.703146 10
1744733161862 0.69472843 11
1744733162613 0.69069946 12
1744733163382 0.68695325 0
1744733164131 0.69067097 1
1744733164883 0.70675284 2
1744733165624 0.6986323 3
1744733166370 0.67892706 4
1744733167121 0.6870479 5
1744733167865 0.69997054 6
1744733168617 0.70427334 7
1744733169369 0.7010601 8
1744733170123 0.692482 9
1744733170866 0.7040648 10
1744733171632 0.7038847 11
1744733172383 0.692788 12
1744733173140 0.6992 0
1744733173890 0.7102926 1
1744733174642 0.70950484 2
1744733175398 0.70669174 3
1744733176144 0.7141773 4
1744733176895 0.7069896 5
1744733177650 0.70631063 6
1744733178402 0.70867014 7
1744733179161 0.6928464 8
1744733179909 0.7647007 9
1744733180656 0.69535124 10
1744733181404 0.66817456 11
1744733182155 0.69915915 12
1744733182923 0.68678844 0
1744733183677 0.670753 1
1744733184431 0.6783857 2
1744733185181 0.6995353 3
1744733185932 0.7104045 4
1744733186680 0.723891 5
1744733187429 0.71561867 6
1744733188198 0.7351591 7
1744733188940 0.70484227 8
1744733189692 0.67946035 9
1744733190442 0.67075855 10
1744733191187 0.67159015 11
1744733191938 0.6687378 12
1744733192702 0.6766937 0
1744733193450 0.68644685 1
1744733194193 0.6848761 2
1744733194944 0.6843787 3
1744733195697 0.69605166 4
1744733196447 0.70444065 5
1744733197207 0.7016557 6
1744733197971 0.6970868 7
1744733198731 0.7104973 8
1744733199494 0.7121784 9
1744733200242 0.6995648 10
1744733200994 0.7202625 11
1744733201745 0.7058851 12
1744733202508 0.68227154 0
1744733203270 0.69007635 1
1744733204023 0.68877226 2
1744733204786 0.6801376 3
1744733205568 0.6750734 4
1744733206323 0.6799445 5
1744733207074 0.6668453 6
1744733207824 0.6750831 7
1744733208574 0.6904951 8
1744733209332 0.6852924 9
1744733210082 0.68513507 10
1744733210832 0.70030713 11
1744733211586 0.7038365 12
1744733212347 0.70004755 0
1744733213100 0.70604676 1
1744733213856 0.7087485 2
1744733214606 0.71036947 3
1744733215354 0.71598256 4
1744733216111 0.7151961 5
1744733216854 0.7075775 6
1744733217601 0.70284504 7
1744733218367 0.6914414 8
1744733219119 0.6863813 9
1744733219865 0.67905176 10
1744733220613 0.6746385 11
1744733221365 0.6722158 12
1744733222135 0.6808667 0
1744733222894 0.6865937 1
1744733223645 0.69017124 2
1744733224388 0.677632 3
1744733225134 0.6908662 4
1744733225882 0.6964797 5
1744733226622 0.69417137 6
1744733227370 0.70386654 7
1744733228122 0.7113794 8
1744733228873 0.7214495 9
1744733229615 0.74440587 10
1744733230378 0.6537183 11
1744733231129 0.7481056 12
1744733231894 0.6910811 0
1744733232640 0.6504703 1
1744733233476 0.6847184 2
1744733234229 0.68011314 3
1744733234977 0.6664538 4
1744733235719 0.64656556 5
1744733236470 0.67716944 6
1744733237222 0.68364155 7
1744733237966 0.69085705 8
1744733238708 0.6793302 9
1744733239455 0.68454003 10
1744733240203 0.69335103 11
1744733240950 0.696804 12
1744733241712 0.69674176 0
1744733242458 0.69411826 1
1744733243202 0.69871646 2
1744733243952 0.70168763 3
1744733244693 0.6999293 4
1744733245441 0.69085926 5
1744733246189 0.712153 6
1744733246929 0.7015269 7
1744733247678 0.7073448 8
1744733248422 0.7141395 9
1744733249188 0.701243 10
1744733249937 0.695476 11
1744733250683 0.6974794 12
1744733251439 0.75386804 0
1744733252187 0.68966913 1
1744733252939 0.74424654 2
1744733253680 0.71772784 3
1744733254430 0.70077205 4
1744733255182 0.70464784 5
1744733255939 0.75751877 6
1744733256688 0.70784223 7
1744733257444 0.70678943 8
1744733258197 0.7257226 9
1744733258943 0.7076221 10
1744733259696 0.71420205 11
1744733260445 0.7235915 12
1744733261204 0.7154855 0
1744733261953 0.6688158 1
1744733262708 0.69609374 2
1744733263452 0.69766146 3
1744733264203 0.7218787 4
1744733264951 0.7196102 5
1744733265699 0.69987535 6
1744733266445 0.729455 7
1744733267201 0.72063386 8
1744733267948 0.6846471 9
1744733268695 0.7185893 10
1744733269441 0.7161431 11
1744733270191 0.6979093 12
1744733270954 0.71175504 0
1744733271709 0.7341236 1
1744733272458 0.6839503 2
1744733273210 0.71180624 3
1744733273955 0.7360388 4
1744733274710 0.72896516 5
1744733275463 0.7168471 6
1744733276229 0.7090772 7
1744733276980 0.7302216 8
1744733277732 0.71575254 9
1744733278484 0.7659628 10
1744733279230 0.6897149 11
1744733279995 0.724026 12
1744733280755 0.74751234 0
1744733281512 0.7078552 1
1744733282261 0.73402333 2
1744733283009 0.70160866 3
1744733283759 0.7305305 4
1744733284506 0.7103468 5
1744733285250 0.744124 6
1744733285996 0.7246504 7
1744733286739 0.7471329 8
1744733287490 0.7665874 9
1744733288242 0.71671605 10
1744733288981 0.7514084 11
1744733289732 0.7675824 12
1744733290498 0.75604093 0
1744733291248 0.7558982 1
1744733292000 0.77176005 2
1744733292749 0.7521511 3
1744733293499 0.76977277 4
1744733294244 0.75430655 5
1744733294993 0.71501154 6
1744733295740 0.75583994 7
1744733296500 0.69067603 8
1744733297240 0.68282163 9
1744733297988 0.69925505 10
1744733298732 0.6878987 11
1744733299488 0.691438 12
1744733300257 0.6980032 0
1744733301003 0.72079015 1
1744733301755 0.753505 2
1744733302506 0.72548157 3
1744733303252 0.7484239 4
1744733303999 0.72403544 5
1744733304748 0.79685426 6
1744733305501 0.5970582 7
1744733306249 0.7591467 8
1744733306992 0.66935897 9
1744733307741 0.66137296 10
1744733308581 0.63393766 11
1744733309334 0.654386 12
1744733310090 0.6653398 0
1744733310850 0.6641179 1
1744733311613 0.69384974 2
1744733312363 0.7003857 3
1744733313125 0.6882709 4
1744733313863 0.7065831 5
1744733314611 0.7255086 6
1744733315354 0.7193363 7
1744733316095 0.7369316 8
1744733316843 0.7198355 9
1744733317589 0.7411053 10
1744733318332 0.71128505 11
1744733319083 0.7371071 12
1744733319850 0.7370444 0
1744733320595 0.6742538 1
1744733321344 0.7900392 2
1744733322098 0.6099706 3
1744733322864 0.76979417 4
1744733323603 0.6733878 5
1744733324352 0.66629696 6
1744733325103 0.7083353 7
1744733325845 0.6776649 8
1744733326598 0.6896881 9
1744733327350 0.7159238 10
1744733328099 0.7443207 11
1744733328848 0.69018435 12
1744733329610 0.7303549 0
1744733330359 0.72612345 1
1744733331102 0.7364088 2
1744733331846 0.70370513 3
1744733332593 0.7242876 4
1744733333354 0.69181883 5
1744733334099 0.74603254 6
1744733334849 0.6958782 7
1744733335593 0.7201151 8
1744733336339 0.74224454 9
1744733337091 0.6755746 10
1744733337845 0.77617407 11
1744733338590 0.6152512 12
1744733339358 0.76957196 0
1744733340108 0.6925103 1
1744733340857 0.66007656 2
1744733341604 0.67121184 3
1744733342353 0.6933692 4
1744733343098 0.6844368 5
1744733343842 0.6916439 6
1744733344586 0.72342557 7
1744733345350 0.7177003 8
1744733346100 0.6991156 9
1744733346842 0.720984 10
1744733347591 0.73258084 11
1744733348339 0.730328 12
1744733349108 0.7312775 0
1744733349869 0.7214158 1
1744733350626 0.7326351 2
1744733351383 0.70581096 3
1744733352140 0.73408103 4
1744733352889 0.7316121 5
1744733353642 0.71758115 6
1744733354387 0.7130897 7
1744733355131 0.68671507 8
1744733355884 0.73414314 9
1744733356630 0.7082726 10
1744733357377 0.7176593 11
1744733358148 0.74508333 12
1744733358930 0.7469545 0
1744733359677 0.7077967 1
1744733360423 0.74598116 2
1744733361175 0.601735 3
1744733361924 0.7159518 4
1744733362678 0.7144366 5
1744733363426 0.68077123 6
1744733364174 0.7595967 7
1744733364924 0.78435254 8
1744733365672 0.81842697 9
1744733366420 0.753653 10
1744733367179 0.7622862 11
1744733367928 0.7434455 12
1744733368687 0.7027273 0
1744733369435 0.6637929 1
1744733370188 0.57911336 2
1744733370934 0.65715456 3
1744733371686 0.64140356 4
1744733372440 0.7213153 5
1744733373189 0.6743191 6
1744733373940 0.7595265 7
1744733374691 0.7018093 8
1744733375432 0.7626936 9
1744733376173 0.7332144 10
1744733376926 0.70891625 11
1744733377671 0.76029265 12
1744733378437 0.6084213 0
1744733379182 0.68915105 1
1744733379932 0.73566943 2
1744733380687 0.7362455 3
1744733381431 0.72974896 4
1744733382180 0.73873264 5
1744733382935 0.7327503 6
1744733383769 0.7274013 7
1744733384518 0.7128548 8
1744733385260 0.6966718 9
1744733386012 0.69573486 10
1744733386761 0.69887334 11
1744733387497 0.6142759 12
1744733388260 0.6560575 0
1744733389013 0.68605185 1
1744733389769 0.626386 2
1744733390513 0.7790048 3
1744733391272 0.6753705 4
1744733392027 0.65129703 5
1744733392777 0.69673675 6
1744733393520 0.66608244 7
1744733394269 0.65699846 8
1744733395022 0.6770852 9
1744733395765 0.68516976 10
1744733396516 0.6581971 11
1744733397268 0.67784315 12
1744733398035 0.68447036 0
1744733398783 0.65243226 1
1744733399525 0.6823556 2
1744733400277 0.6799289 3
1744733401039 0.7020993 4
1744733401793 0.67196214 5
1744733402538 0.6658617 6
1744733403299 0.71076393 7
1744733404042 0.69381595 8
1744733404794 0.665157 9
1744733405542 0.68122786 10
1744733406289 0.70458937 11
1744733407038 0.6874783 12
1744733407801 0.6844716 0
1744733408546 0.699035 1
1744733409292 0.70014244 2
1744733410048 0.70243436 3
1744733410795 0.6935434 4
1744733411548 0.6977784 5
1744733412298 0.6880122 6
1744733413050 0.681622 7
1744733413803 0.6767825 8
1744733414556 0.6880987 9
1744733415309 0.6898696 10
1744733416056 0.67465514 11
1744733416808 0.69298035 12
1744733417574 0.7005953 0
1744733418324 0.66279 1
1744733419072 0.718017 2
1744733419824 0.6905721 3
1744733420570 0.6709099 4
1744733421322 0.7004009 5
1744733422077 0.67100054 6
1744733422828 0.67525405 7
1744733423572 0.6937883 8
1744733424322 0.69338816 9
1744733425079 0.68598807 10
1744733425836 0.6828676 11
1744733426575 0.6905176 12
1744733427340 0.6728776 0
1744733428095 0.68257684 1
1744733428849 0.707379 2
1744733429599 0.69496703 3
1744733430346 0.6859843 4
1744733431123 0.68585575 5
1744733431887 0.7170151 6
1744733432642 0.67532766 7
1744733433388 0.69847876 8
1744733434131 0.66723466 9
1744733434880 0.70055735 10
1744733435628 0.7033318 11
1744733436381 0.66757053 12
1744733437152 0.7134329 0
1744733437893 0.68293697 1
1744733438633 0.71645135 2
1744733439378 0.6459451 3
1744733440131 0.67416275 4
1744733440881 0.7154016 5
1744733441628 0.68682134 6
1744733442369 0.6776619 7
1744733443118 0.6866916 8
1744733443870 0.71731454 9
1744733444622 0.69711053 10
1744733445365 0.67300844 11
1744733446109 0.7202002 12
1744733446872 0.68921214 0
1744733447618 0.69447076 1
1744733448373 0.7166825 2
1744733449115 0.6557995 3
1744733449855 0.6997353 4
1744733450601 0.70788324 5
1744733451356 0.67749935 6
1744733452114 0.69136703 7
1744733452855 0.6939858 8
1744733453599 0.682785 9
1744733454342 0.7089524 10
1744733455091 0.6525495 11
1744733455837 0.6895745 12
1744733456604 0.7230122 0
1744733457355 0.6787058 1
1744733458102 0.6810405 2
1744733458937 0.6971643 3
1744733459689 0.70492333 4
1744733460440 0.6829733 5
1744733461187 0.7238811 6
1744733461931 0.6995655 7
1744733462677 0.6671054 8
1744733463422 0.68411386 9
1744733464167 0.6688464 10
1744733464911 0.6892335 11
1744733465657 0.6997224 12
1744733466427 0.6915463 0
1744733467172 0.6929513 1
1744733467913 0.7016849 2
1744733468657 0.6783928 3
1744733469402 0.6966235 4
1744733470166 0.7069118 5
1744733470942 0.6672079 6
1744733471698 0.71464854 7
1744733472446 0.68165046 8
1744733473199 0.67875093 9
1744733473950 0.7077011 10
1744733474702 0.6913817 11
1744733475456 0.6843765 12
1744733476223 0.71301764 0
1744733476967 0.69754493 1
1744733477709 0.710015 2
1744733478463 0.71413225 3
1744733479213 0.6741102 4
1744733479957 0.6552797 5
1744733480703 0.68308544 6
1744733481457 0.7033166 7
1744733482206 0.68494064 8
1744733482962 0.6946303 9
1744733483707 0.69527775 10
1744733484456 0.69544756 11
1744733485203 0.6949601 12
1744733485969 0.6962925 0
1744733486716 0.69460565 1
1744733487474 0.6942707 2
1744733488218 0.6931503 3
1744733488962 0.7001834 4
1744733489708 0.7049262 5
1744733490450 0.69610405 6
1744733491208 0.7091422 7
1744733491947 0.6744258 8
1744733492694 0.70454377 9
1744733493431 0.7013079 10
1744733494187 0.68658215 11
1744733494942 0.68942904 12
1744733495699 0.68365324 0
1744733496445 0.68555015 1
1744733497191 0.6948844 2
1744733497939 0.70052963 3
1744733498679 0.6903389 4
1744733499417 0.6916471 5
1744733500163 0.6963799 6
1744733500905 0.70481336 7
1744733501651 0.6907338 8
1744733502425 0.69866645 9
1744733503169 0.68946815 10
1744733503919 0.698483 11
1744733504670 0.6843659 12
1744733505434 0.6939696 0
1744733506183 0.6805791 1
1744733506925 0.6933437 2
1744733507670 0.70626503 3
1744733508418 0.6768717 4
1744733509170 0.7029074 5
1744733509912 0.6858787 6
1744733510660 0.7142788 7
1744733511413 0.71006924 8
1744733512159 0.7004453 9
1744733512902 0.7101491 10
1744733513650 0.7132325 11
1744733514394 0.6780828 12
1744733515159 0.68423223 0
1744733515912 0.6909291 1
1744733516659 0.68431497 2
1744733517407 0.68291026 3
1744733518149 0.7123624 4
1744733518927 0.67839485 5
1744733519688 0.7019272 6
1744733520438 0.6934383 7
1744733521187 0.6841716 8
1744733521943 0.72378504 9
1744733522694 0.70679677 10
1744733523440 0.6669261 11
1744733524193 0.72813123 12
1744733524955 0.6730501 0
1744733525706 0.7007406 1
1744733526461 0.71024275 2
1744733527204 0.6807954 3
1744733527956 0.71375024 4
1744733528713 0.6872287 5
1744733529461 0.7113006 6
1744733530209 0.67838484 7
1744733530959 0.7020338 8
1744733531698 0.6998783 9
1744733532451 0.67872113 10
1744733533211 0.6972198 11
1744733534060 0.7098166 12
1744733534916 0.6879301 0
1744733535677 0.6969953 1
1744733536426 0.68099546 2
1744733537179 0.71738595 3
1744733537929 0.68413496 4
1744733538677 0.6928703 5
1744733539432 0.716855 6
1744733540193 0.68197995 7
1744733540946 0.6985237 8
1744733541692 0.7086565 9
1744733542436 0.69664276 10
1744733543192 0.6870055 11
1744733543947 0.7128262 12
1744733544719 0.70904046 0
1744733545465 0.6980267 1
1744733546220 0.7083947 2
1744733546969 0.69603175 3
1744733547718 0.70805997 4
1744733548464 0.7083521 5
1744733549228 0.69949585 6
1744733549979 0.72065777 7
1744733550727 0.6753204 8
1744733551478 0.6964527 9
1744733552256 0.695327 10
1744733553009 0.71509784 11
1744733553750 0.68184227 12
1744733554523 0.705464 0
1744733555280 0.71629083 1
1744733556033 0.69586205 2
1744733556781 0.7260421 3
1744733557528 0.64511967 4
1744733558282 0.7521271 5
1744733559041 0.6748503 6
1744733559790 0.6833971 7
1744733560536 0.6966025 8
1744733561285 0.67361355 9
1744733562039 0.67939943 10
1744733562785 0.70084554 11
1744733563529 0.6786954 12
1744733564290 0.6844221 0
1744733565052 0.6762605 1
1744733565794 0.70746785 2
1744733566538 0.699938 3
1744733567291 0.69105595 4
1744733568054 0.72438794 5
1744733568805 0.7155781 6
1744733569553 0.70172113 7
1744733570291 0.7020392 8
1744733571045 0.7229974 9
1744733571797 0.69047946 10
1744733572543 0.67167985 11
1744733573289 0.7374791 12
1744733574052 0.61987793 0
1744733574803 0.7046078 1
1744733575557 0.66062516 2
1744733576307 0.6916947 3
1744733577053 0.6960141 4
1744733577805 0.6997156 5
1744733578552 0.68217665 6
1744733579301 0.72575605 7
1744733580054 0.7196664 8
1744733580806 0.6713673 9
1744733581552 0.720254 10
1744733582309 0.71868795 11
1744733583064 0.6560705 12
1744733583826 0.6924169 0
1744733584569 0.67027634 1
1744733585313 0.66467816 2
1744733586062 0.677382 3
1744733586815 0.68770504 4
1744733587579 0.68814254 5
1744733588331 0.6906085 6
1744733589081 0.71232396 7
1744733589831 0.6883253 8
1744733590582 0.6883551 9
1744733591333 0.71271807 10
1744733592096 0.70687336 11
1744733592839 0.6730558 12
1744733593607 0.7039749 0
1744733594356 0.7056462 1
1744733595104 0.6743601 2
1744733595857 0.6815771 3
1744733596610 0.6985026 4
1744733597358 0.6779325 5
1744733598120 0.7103383 6
1744733598873 0.7019972 7
1744733599621 0.6657389 8
1744733600365 0.72349656 9
1744733601113 0.6881687 10
1744733601864 0.7127973 11
1744733602630 0.7086894 12
1744733603398 0.69310755 0
1744733604149 0.72699857 1
1744733604887 0.66989493 2
1744733605634 0.7213642 3
1744733606384 0.6739795 4
1744733607164 0.71990377 5
1744733607922 0.66554976 6
1744733608661 0.6917441 7
1744733609501 0.7189369 8
1744733610245 0.7156086 9
1744733610986 0.6759783 10
1744733611729 0.7368292 11
1744733612474 0.69965833 12
1744733613237 0.7167086 0
1744733613987 0.722868 1
1744733614740 0.6918341 2
1744733615487 0.711156 3
1744733616237 0.6738144 4
1744733616979 0.69653267 5
1744733617733 0.6993651 6
1744733618487 0.6679721 7
1744733619231 0.70807195 8
1744733619990 0.660119 9
1744733620745 0.6829242 10
1744733621489 0.72324264 11
1744733622244 0.69268954 12
1744733623009 0.7161544 0
1744733623754 0.6870961 1
1744733624506 0.7274585 2
1744733625252 0.64669126 3
1744733626002 0.8146485 4
1744733626759 0.6418174 5
1744733627511 0.7059164 6
1744733628264 0.70709324 7
1744733629011 0.6647306 8
1744733629760 0.708836 9
1744733630507 0.69128895 10
1744733631262 0.66763663 11
1744733632019 0.6562511 12
1744733632783 0.686646 0
1744733633536 0.67750835 1
1744733634284 0.6552547 2
1744733635033 0.70651466 3
1744733635788 0.7033591 4
1744733636532 0.694908 5
1744733637285 0.7093696 6
1744733638029 0.68435043 7
1744733638770 0.7020296 8
1744733639513 0.6994204 9
1744733640266 0.6546175 10
1744733641012 0.6895078 11
1744733641761 0.69202805 12
1744733642531 0.7167586 0
1744733643276 0.6987797 1
1744733644023 0.70832384 2
1744733644765 0.69456285 3
1744733645518 0.67768776 4
1744733646273 0.7060954 5
1744733647017 0.6878714 6
1744733647762 0.68916357 7
1744733648520 0.7008562 8
1744733649274 0.6926068 9
1744733650029 0.69286245 10
1744733650775 0.701278 11
1744733651526 0.6919316 12
1744733652299 0.7013131 0
1744733653041 0.6822582 1
1744733653789 0.69857657 2
1744733654548 0.7278849 3
1744733655295 0.6379109 4
1744733656051 0.7348396 5
1744733656796 0.6853898 6
1744733657565 0.6639703 7
1744733658322 0.6980994 8
1744733659070 0.6735374 9
1744733659814 0.67158294 10
1744733660564 0.6852147 11
1744733661311 0.70455617 12
1744733662073 0.6999791 0
1744733662822 0.67941433 1
1744733663571 0.7111969 2
1744733664324 0.7185064 3
1744733665079 0.7092478 4
1744733665823 0.7302754 5
1744733666581 0.69831234 6
1744733667333 0.6825608 7
1744733668083 0.7028493 8
1744733668829 0.6865011 9
1744733669575 0.68049306 10
1744733670322 0.68676144 11
1744733671072 0.69406474 12
1744733671839 0.688145 0
1744733672587 0.68646085 1
1744733673340 0.6923881 2
1744733674086 0.6966604 3
1744733674834 0.6954424 4
1744733675579 0.6938201 5
1744733676333 0.7059848 6
1744733677086 0.69501275 7
1744733677835 0.69762015 8
1744733678583 0.7130554 9
1744733679335 0.6912612 10
1744733680078 0.7091308 11
1744733680822 0.693468 12
1744733681581 0.69800806 0
1744733682328 0.6882587 1
1744733683075 0.68518794 2
1744733683821 0.6999875 3
1744733684668 0.68732876 4
1744733685422 0.692605 5
1744733686171 0.6976694 6
1744733686939 0.69130975 7
1744733687689 0.6895638 8
1744733688441 0.6906836 9
1744733689194 0.69957715 10
1744733689939 0.68653756 11
1744733690685 0.7171124 12
1744733691454 0.7156691 0
1744733692204 0.71203697 1
1744733692948 0.7004166 2
1744733693692 0.70536757 3
1744733694443 0.70433414 4
1744733695204 0.7002309 5
1744733695951 0.6848167 6
1744733696705 0.7046066 7
1744733697452 0.6965505 8
1744733698206 0.7049052 9
1744733698962 0.6825403 10
1744733699705 0.65616965 11
1744733700453 0.6970432 12
1744733701217 0.6996342 0
1744733701965 0.7026584 1
1744733702713 0.7007178 2
1744733703466 0.7123784 3
1744733704213 0.708855 4
1744733704958 0.69451135 5
1744733705704 0.7083059 6
1744733706441 0.6754338 7
1744733707184 0.6865787 8
1744733707928 0.65998715 9
1744733708682 0.68391293 10
1744733709424 0.66481215 11
1744733710175 0.6862438 12
1744733710934 0.68639094 0
1744733711673 0.6855485 1
1744733712433 0.6994203 2
1744733713182 0.7096573 3
1744733713925 0.6801261 4
1744733714669 0.7277509 5
1744733715413 0.65922374 6
1744733716173 0.73740166 7
1744733716918 0.64147437 8
1744733717668 0.71813035 9
1744733718419 0.68701303 10
1744733719158 0.67935294 11
1744733719904 0.69641733 12
1744733720669 0.6885939 0
1744733721420 0.6843873 1
1744733722173 0.7044729 2
1744733722926 0.70065314 3
1744733723677 0.69557357 4
1744733724422 0.6795271 5
1744733725175 0.71790314 6
1744733725915 0.7113537 7
1744733726670 0.6922911 8
1744733727424 0.73259854 9
1744733728160 0.6794146 10
1744733728918 0.69881046 11
1744733729664 0.7196491 12
1744733730421 0.69978523 0
1744733731166 0.6994884 1
1744733731913 0.7375775 2
1744733732663 0.6451052 3
1744733733404 0.72454095 4
1744733734151 0.64231014 5
1744733734900 0.6841201 6
1744733735643 0.68727356 7
1744733736396 0.6773625 8
1744733737137 0.6646018 9
1744733737884 0.687826 10
1744733738635 0.7055836 11
1744733739383 0.7003579 12
1744733740145 0.6925384 0
1744733740896 0.7031794 1
1744733741640 0.70406926 2
1744733742389 0.6980377 3
1744733743134 0.7042688 4
1744733743881 0.72154 5
1744733744629 0.7014335 6
1744733745378 0.70447 7
1744733746120 0.6961324 8
1744733746862 0.68743235 9
1744733747611 0.70128214 10
1744733748358 0.6830235 11
1744733749113 0.7097012 12
1744733749872 0.68205863 0
1744733750621 0.70954466 1
1744733751375 0.70973086 2
1744733752119 0.6922302 3
1744733752867 0.7038008 4
1744733753622 0.71386343 5
1744733754378 0.7005009 6
1744733755125 0.67105424 7
1744733755870 0.7000337 8
1744733756620 0.67684066 9
1744733757363 0.7053569 10
1744733758105 0.70712614 11
1744733758869 0.7156355 12
1744733759729 0.7023851 0
1744733760477 0.72384965 1
1744733761218 0.71852756 2
1744733761973 0.673767 3
1744733762729 0.72753376 4
1744733763473 0.67816246 5
1744733764221 0.6993773 6
1744733764973 0.72219855 7
1744733765716 0.6794552 8
1744733766465 0.6966178 9
1744733767213 0.7251831 10
1744733767965 0.67218274 11
1744733768721 0.73175585 12
1744733769491 0.68717146 0
1744733770237 0.70466536 1
1744733770990 0.7224606 2
1744733771740 0.69536626 3
1744733772484 0.704349 4
1744733773227 0.6794309 5
1744733773971 0.7230944 6
1744733774738 0.7045055 7
1744733775499 0.6757302 8
1744733776249 0.70709825 9
1744733776991 0.6544023 10
1744733777746 0.6852684 11
1744733778495 0.7031285 12
1744733779261 0.6737443 0
1744733779998 0.6955485 1
1744733780741 0.70682687 2
1744733781481 0.67350566 3
1744733782232 0.71048695 4
1744733782974 0.7137978 5
1744733783722 0.6897502 6
1744733784472 0.7224484 7
1744733785216 0.6761294 8
1744733785961 0.69544 9
1744733786703 0.69558686 10
1744733787455 0.70826197 11
1744733788195 0.7075383 12
1744733788963 0.6981891 0
1744733789708 0.7086808 1
1744733790457 0.7062871 2
1744733791209 0.7033595 3
1744733791951 0.68500155 4
1744733792703 0.6845285 5
1744733793458 0.71377486 6
1744733794205 0.6756866 7
1744733794954 0.7088838 8
1744733795702 0.69627583 9
1744733796444 0.68799585 10
1744733797200 0.7107946 11
1744733797952 0.6714308 12
1744733798728 0.66566855 0
1744733799476 0.7066369 1
1744733800224 0.6634657 2
1744733800975 0.69073075 3
1744733801728 0.69404185 4
1744733802470 0.67490613 5
1744733803217 0.691241 6
1744733803957 0.6971001 7
1744733804701 0.68799466 8
1744733805445 0.6964016 9
1744733806185 0.7081204 10
1744733806929 0.6859067 11
1744733807677 0.70531 12
1744733808446 0.7007633 0
1744733809198 0.7120984 1
1744733809946 0.6890166 2
1744733810713 0.6727561 3
1744733811467 0.7094813 4
1744733812227 0.6674658 5
1744733812983 0.70199513 6
1744733813727 0.7015511 7
1744733814481 0.68891567 8
1744733815232 0.6962467 9
1744733815974 0.71181583 10
1744733816722 0.7114161 11
1744733817470 0.6947858 12
1744733818238 0.7284051 0
1744733818986 0.72755384 1
1744733819733 0.6936661 2
1744733820488 0.71181285 3
1744733821239 0.7031699 4
1744733821997 0.7011163 5
1744733822763 0.70010936 6
1744733823528 0.7148582 7
1744733824273 0.70594156 8
1744733825028 0.7134791 9
1744733825773 0.6871415 10
1744733826523 0.7020093 11
1744733827275 0.68391633 12
1744733828044 0.674669 0
1744733828792 0.6894519 1
1744733829543 0.69630784 2
1744733830291 0.6555027 3
1744733831033 0.6808629 4
1744733831778 0.7044726 5
1744733832524 0.6868337 6
1744733833280 0.68738246 7
1744733834030 0.6727534 8
1744733834870 0.69356436 9
1744733835619 0.7022688 10
1744733836367 0.68541235 11
1744733837122 0.7174475 12
1744733837900 0.6737983 0
1744733838652 0.7054714 1
1744733839394 0.68938243 2
1744733840153 0.69836503 3
1744733840908 0.6826293 4
1744733841657 0.6362495 5
1744733842402 0.6823451 6
1744733843150 0.70482194 7
1744733843900 0.670266 8
1744733844644 0.6893509 9
1744733845390 0.7250175 10
1744733846143 0.6656561 11
1744733846892 0.7490657 12
1744733847661 0.692449 0
1744733848412 0.7266705 1
1744733849168 0.6975412 2
1744733849910 0.69226974 3
1744733850655 0.7034702 4
1744733851401 0.72011864 5
1744733852155 0.681502 6
1744733852899 0.72870624 7
1744733853643 0.6869534 8
1744733854397 0.7284657 9
1744733855138 0.70172113 10
1744733855885 0.66406083 11
1744733856639 0.6895564 12
1744733857403 0.7243963 0
1744733858156 0.67099804 1
1744733858908 0.73518157 2
1744733859652 0.70006114 3
1744733860406 0.7086901 4
1744733861154 0.6525714 5
1744733861909 0.6678005 6
1744733862672 0.6689426 7
1744733863417 0.66318935 8
1744733864161 0.63523906 9
1744733864910 0.6636489 10
1744733865659 0.67867446 11
1744733866403 0.6552975 12
1744733867171 0.69510907 0
1744733867913 0.72533303 1
1744733868660 0.6795895 2
1744733869409 0.7131746 3
1744733870147 0.72084934 4
1744733870920 0.7032134 5
1744733871681 0.707057 6
1744733872431 0.7195964 7
1744733873176 0.68819314 8
1744733873928 0.71157044 9
1744733874673 0.7213516 10
1744733875420 0.70732254 11
1744733876172 0.6856175 12
1744733876941 0.6810096 0
1744733877688 0.6661176 1
1744733878439 0.67869556 2
1744733879180 0.6551328 3
1744733879922 0.6504428 4
1744733880673 0.6856337 5
1744733881427 0.67802805 6
1744733882175 0.6762047 7
1744733882919 0.69530433 8
1744733883673 0.7014987 9
1744733884423 0.70538163 10
1744733885168 0.70383006 11
1744733885922 0.7139738 12
1744733886685 0.66149753 0
1744733887434 0.6846364 1
1744733888178 0.70488465 2
1744733888929 0.6473472 3
1744733889677 0.69733894 4
1744733890425 0.69850534 5
1744733891169 0.6751463 6
1744733891911 0.7300725 7
1744733892662 0.7137667 8
1744733893411 0.7031892 9
1744733894157 0.7232507 10
1744733894908 0.7041185 11
1744733895659 0.7126173 12
1744733896421 0.7022504 0
1744733897163 0.6814232 1
1744733897916 0.6885839 2
1744733898670 0.6824608 3
1744733899418 0.6642827 4
1744733900159 0.6978151 5
1744733900903 0.69172883 6
1744733901647 0.69831914 7
1744733902396 0.68091595 8
1744733903145 0.6882971 9
1744733903892 0.7003051 10
1744733904647 0.67353296 11
1744733905385 0.6879538 12
1744733906144 0.6733243 0
1744733906886 0.69023037 1
1744733907627 0.67485434 2
1744733908377 0.6768484 3
1744733909120 0.68080145 4
1744733909958 0.68989277 5
1744733910711 0.6954969 6
1744733911461 0.68090695 7
1744733912201 0.6881297 8
1744733912945 0.7111771 9
1744733913707 0.7041461 10
1744733914457 0.7070973 11
1744733915202 0.7111932 12
1744733915964 0.68222386 0
1744733916707 0.6897241 1
1744733917461 0.71092653 2
1744733918205 0.67332536 3
1744733918978 0.7063541 4
1744733919730 0.67982554 5
1744733920483 0.69542867 6
1744733921243 0.6938341 7
1744733921988 0.70714843 8
1744733922738 0.69902915 9
1744733923488 0.6671488 10
1744733924233 0.7111019 11
1744733924979 0.71741796 12
1744733925747 0.6680866 0
1744733926496 0.7228298 1
1744733927230 0.7013327 2
1744733927970 0.69672567 3
1744733928716 0.71685404 4
1744733929472 0.68186 5
1744733930224 0.68727964 6
1744733930976 0.68735147 7
1744733931729 0.68484527 8
1744733932478 0.6910731 9
1744733933221 0.69823444 10
1744733933968 0.7045095 11
1744733934720 0.6885505 12
1744733935485 0.71356076 0
1744733936241 0.71155757 1
1744733936989 0.6908659 2
1744733937732 0.69210017 3
1744733938480 0.68564737 4
1744733939232 0.69958985 5
1744733939979 0.7115665 6
1744733940737 0.6967312 7
1744733941483 0.68198204 8
1744733942235 0.69943506 9
1744733942989 0.6980552 10
1744733943729 0.7057867 11
1744733944480 0.681317 12
1744733945243 0.7101872 0
1744733945989 0.66609746 1
1744733946734 0.7069857 2
1744733947484 0.68944687 3
1744733948229 0.69279516 4
1744733948979 0.68552005 5
1744733949728 0.7075272 6
1744733950474 0.69096076 7
1744733951218 0.6982859 8
1744733951970 0.69899714 9
1744733952718 0.6750214 10
1744733953463 0.683685 11
1744733954211 0.7390127 12
1744733954971 0.6924096 0
1744733955735 0.7262837 1
1744733956485 0.7001142 2
1744733957234 0.7126536 3
1744733957992 0.71280247 4
1744733958743 0.6983417 5
1744733959495 0.67446053 6
1744733960247 0.67860925 7
1744733960990 0.6903235 8
1744733961744 0.683777 9
1744733962497 0.6807119 10
1744733963258 0.6967769 11
1744733964003 0.7288331 12
1744733964768 0.7578977 0
1744733965514 0.66143495 1
1744733966290 0.8004569 2
1744733967044 0.6478959 3
1744733967792 0.7445959 4
1744733968542 0.68192255 5
1744733969291 0.73374003 6
1744733970043 0.6590716 7
1744733970791 0.746003 8
1744733971543 0.61598235 9
1744733972296 0.7105227 10
1744733973050 0.6473457 11
1744733973797 0.66144127 12
1744733974567 0.71823555 0
1744733975319 0.66161853 1
1744733976065 0.68938327 2
1744733976820 0.7050672 3
1744733977566 0.68923646 4
1744733978317 0.6916963 5
1744733979072 0.7002777 6
1744733979818 0.70211565 7
1744733980568 0.6818438 8
1744733981316 0.689688 9
1744733982069 0.6779274 10
1744733982821 0.7202828 11
1744733983566 0.6997826 12
1744733984328 0.6987279 0
1744733985172 0.66948164 1
1744733985920 0.7006462 2
1744733986679 0.7098506 3
1744733987427 0.68973255 4
1744733988187 0.6634927 5
1744733988937 0.72869056 6
1744733989695 0.6842773 7
1744733990450 0.6957081 8
1744733991204 0.70882875 9
1744733991944 0.70147943 10
1744733992698 0.6778042 11
1744733993449 0.73352313 12
1744733994222 0.7145157 0
1744733994968 0.71254414 1
1744733995718 0.6972471 2
1744733996460 0.7052773 3
1744733997215 0.6992931 4
1744733997972 0.66416264 5
1744733998721 0.72270805 6
1744733999472 0.6579491 7
1744734000226 0.6956447 8
1744734000983 0.68362284 9
1744734001732 0.7186993 10
1744734002481 0.7045989 11
1744734003231 0.6658428 12
1744734004003 0.71248543 0
1744734004755 0.6810188 1
1744734005516 0.7154796 2
1744734006276 0.648609 3
1744734007032 0.69430846 4
1744734007784 0.6813199 5
1744734008539 0.70707124 6
1744734009293 0.69887155 7
1744734010044 0.6912171 8
1744734010799 0.6983283 9
1744734011547 0.69386894 10
1744734012294 0.6972007 11
1744734013056 0.7169972 12
1744734013821 0.70869523 0
1744734014576 0.69328004 1
1744734015332 0.69382566 2
1744734016085 0.7118741 3
1744734016840 0.6791182 4
1744734017597 0.7116641 5
1744734018378 0.6970368 6
1744734019133 0.7000885 7
1744734019892 0.70167965 8
1744734020645 0.6880918 9
1744734021401 0.7012467 10
1744734022190 0.6829167 11
1744734022951 0.6817147 12
1744734023710 0.70212245 0
1744734024460 0.6886418 1
1744734025218 0.704713 2
1744734025963 0.7136364 3
1744734026709 0.6817186 4
1744734027455 0.70908475 5
1744734028200 0.6877048 6
1744734028946 0.7145982 7
1744734029691 0.6680068 8
1744734030438 0.7201665 9
1744734031190 0.6982255 10
1744734031944 0.68463445 11
1744734032692 0.71731 12
1744734033456 0.7000747 0
1744734034236 0.69884604 1
1744734034982 0.7012719 2
1744734035724 0.7066558 3
1744734036472 0.7158237 4
1744734037217 0.69617224 5
1744734037966 0.7038268 6
1744734038710 0.6910949 7
1744734039456 0.66671693 8
1744734040196 0.68390036 9
1744734040937 0.6313981 10
1744734041715 0.7027924 11
1744734042528 0.6727397 12
1744734043353 0.6835801 0
1744734044161 0.75646585 1
1744734044925 0.7063444 2
1744734045683 0.7353944 3
1744734046430 0.65547293 4
1744734047186 0.70437384 5
1744734047941 0.68702656 6
1744734048693 0.693188 7
1744734049447 0.69156075 8
1744734050195 0.67869395 9
1744734050947 0.6907099 10
1744734051692 0.6905852 11
1744734052443 0.7079 12
1744734053256 0.7207552 0
1744734054021 0.6991421 1
1744734054771 0.7337383 2
1744734055522 0.6666197 3
1744734056273 0.70631313 4
1744734057022 0.6465904 5
1744734057768 0.66807806 6
1744734058516 0.67561 7
1744734059269 0.6290259 8
1744734060012 0.7185475 9
1744734060852 0.65159523 10
1744734061598 0.6840363 11
1744734062349 0.7513535 12
1744734063117 0.6602274 0
1744734063868 0.7738895 1
1744734064620 0.7067448 2
1744734065372 0.69673306 3
1744734066112 0.71717536 4
1744734066860 0.65493274 5
1744734067607 0.7042016 6
1744734068361 0.679583 7
1744734069107 0.6846964 8
1744734069854 0.6953408 9
1744734070622 0.6342411 10
1744734071369 0.70027786 11
1744734072113 0.6646579 12
1744734072883 0.6566732 0
1744734073637 0.67188483 1
1744734074385 0.67426884 2
1744734075142 0.64078385 3
1744734075885 0.7240574 4
1744734076627 0.66841197 5
1744734077374 0.6943553 6
1744734078124 0.6948578 7
1744734078878 0.69345623 8
1744734079629 0.70548004 9
1744734080381 0.6720809 10
1744734081130 0.7013004 11
1744734081874 0.69727606 12
1744734082637 0.69326 0
1744734083380 0.69358516 1
1744734084130 0.6901281 2
1744734084879 0.70736045 3
1744734085627 0.6835877 4
1744734086372 0.6899631 5
1744734087122 0.73518825 6
1744734087867 0.67656183 7
1744734088611 0.71185446 8
1744734089359 0.70927185 9
1744734090109 0.67850274 10
1744734090854 0.6920217 11
1744734091597 0.6931281 12
1744734092362 0.6734394 0
1744734093108 0.71079373 1
1744734093861 0.66815275 2
1744734094615 0.70471317 3
1744734095358 0.7264095 4
1744734096103 0.7009815 5
1744734096851 0.6600211 6
1744734097602 0.7403891 7
1744734098351 0.7034926 8
1744734099101 0.67523867 9
1744734099846 0.7086281 10
1744734100590 0.7366069 11
1744734101338 0.635367 12
1744734102106 0.78758824 0
1744734102860 0.63096094 1
1744734103604 0.7628239 2
1744734104347 0.6055147 3
1744734105096 0.7228802 4
1744734105845 0.6631758 5
1744734106597 0.6579747 6
1744734107341 0.6936504 7
1744734108088 0.6718098 8
1744734108841 0.6721062 9
1744734109583 0.6700469 10
1744734110333 0.6873117 11
1744734111082 0.6863603 12
1744734111854 0.68554735 0
1744734112603 0.6960783 1
1744734113347 0.67781746 2
1744734114093 0.70355004 3
1744734114845 0.72250074 4
1744734115589 0.6646283 5
1744734116339 0.69292676 6
1744734117083 0.71016824 7
1744734117830 0.6656587 8
1744734118584 0.72398204 9
1744734119334 0.6909941 10
1744734120082 0.70731485 11
1744734120828 0.6970397 12
1744734121590 0.6933827 0
1744734122344 0.7440859 1
1744734123112 0.6882377 2
1744734123861 0.72385484 3
1744734124609 0.70451504 4
1744734125350 0.7117976 5
1744734126093 0.68669915 6
1744734126844 0.7241396 7
1744734127593 0.67202324 8
1744734128338 0.6922041 9
1744734129083 0.68791914 10
1744734129832 0.67956305 11
1744734130584 0.67927104 12
1744734131346 0.67477685 0
1744734132097 0.6816101 1
1744734132844 0.68074316 2
1744734133591 0.6946472 3
1744734134340 0.72062546 4
1744734135090 0.6715772 5
1744734135933 0.7240399 6
1744734136684 0.66932696 7
1744734137439 0.7167025 8
1744734138193 0.6981397 9
1744734138941 0.70645565 10
1744734139693 0.68969786 11
1744734140438 0.6849223 12
1744734141212 0.69758046 0
1744734141964 0.69271857 1
1744734142713 0.6939792 2
1744734143464 0.65702987 3
1744734144213 0.6893538 4
1744734144954 0.71462065 5
1744734145701 0.6998795 6
1744734146445 0.6899073 7
1744734147201 0.7096293 8
1744734147948 0.71630573 9
1744734148698 0.6955211 10
1744734149452 0.699499 11
1744734150198 0.7147516 12
1744734150958 0.67634016 0
1744734151704 0.6837923 1
1744734152455 0.70846254 2
1744734153203 0.65050364 3
1744734153950 0.7303473 4
1744734154694 0.6742198 5
1744734155441 0.7054385 6
1744734156199 0.6846587 7
1744734156943 0.64425135 8
1744734157692 0.73681873 9
1744734158453 0.6469572 10
1744734159207 0.6843607 11
1744734159959 0.7057406 12
1744734160725 0.67066914 0
1744734161479 0.718974 1
1744734162225 0.711259 2
1744734162974 0.6970013 3
1744734163720 0.73916364 4
1744734164467 0.69529027 5
1744734165210 0.7311811 6
1744734165952 0.68351525 7
1744734166703 0.722445 8
1744734167456 0.7220253 9
1744734168195 0.6857802 10
1744734168945 0.7362485 11
1744734169694 0.64201415 12
1744734170461 0.700149 0
1744734171203 0.6858022 1
1744734171952 0.67150366 2
1744734172693 0.70449966 3
1744734173448 0.68658775 4
1744734174203 0.7060022 5
1744734174949 0.6614046 6
1744734175704 0.7584038 7
1744734176451 0.65838265 8
1744734177199 0.7929217 9
1744734177943 0.52847683 10
1744734178686 0.87717927 11
1744734179442 0.4865878 12
1744734180212 0.7946627 0
1744734180958 0.70551884 1
1744734181711 0.6511 2
1744734182458 0.77248913 3
1744734183209 0.75172025 4
1744734183954 0.7399641 5
1744734184700 0.795932 6
1744734185453 0.7637076 7
1744734186208 0.7246522 8
1744734186954 0.7334013 9
1744734187703 0.65676546 10
1744734188453 0.6821952 11
1744734189209 0.663249 12
1744734189976 0.68122166 0
1744734190720 0.65943885 1
1744734191466 0.6578981 2
1744734192216 0.71099764 3
1744734192960 0.6525129 4
1744734193719 0.747246 5
1744734194460 0.5811021 6
1744734195212 0.822884 7
1744734195959 0.5666563 8
1744734196700 0.8072683 9
1744734197442 0.6325015 10
1744734198194 0.78301746 11
1744734198942 0.63535523 12
1744734199706 0.7177431 0
1744734200455 0.74483955 1
1744734201204 0.7113394 2
1744734201949 0.7260118 3
1744734202696 0.69409573 4
1744734203439 0.7367514 5
1744734204195 0.6229849 6
1744734204946 0.6884791 7
1744734205688 0.55366313 8
1744734206432 0.7335158 9
1744734207180 0.726785 10
1744734207928 0.6970145 11
1744734208678 0.7473202 12
1744734209441 0.7039304 0
1744734210188 0.7429969 1
1744734211032 0.70465684 2
1744734211782 0.6912327 3
1744734212536 0.6787181 4
1744734213284 0.69897157 5
1744734214034 0.696533 6
1744734214779 0.68443894 7
1744734215524 0.6537446 8
1744734216272 0.6882418 9
1744734217022 0.6433685 10
1744734217765 0.6946205 11
1744734218522 0.6944733 12
1744734219288 0.6832473 0
1744734220043 0.6961458 1
1744734220794 0.66496634 2
1744734221548 0.69635266 3
1744734222293 0.6943575 4
1744734223041 0.6872431 5
1744734223792 0.70001507 6
1744734224538 0.73690224 7
1744734225280 0.76142466 8
1744734226027 0.7168157 9
1744734226778 0.7766785 10
1744734227531 0.70466024 11
1744734228281 0.6787707 12
1744734229073 0.6241625 0
1744734229823 0.7201517 1
1744734230568 0.60768294 2
1744734231326 0.6547817 3
1744734232072 0.6792904 4
1744734232822 0.66507536 5
1744734233572 0.6958489 6
1744734234325 0.69970196 7
1744734235073 0.6940679 8
1744734235827 0.6947354 9
1744734236576 0.69743764 10
1744734237325 0.6787013 11
1744734238068 0.70722526 12
1744734238835 0.69301873 0
1744734239583 0.6839261 1
1744734240328 0.69144684 2
1744734241078 0.7055409 3
1744734241831 0.6991225 4
1744734242583 0.697262 5
1744734243330 0.7065431 6
1744734244078 0.6986758 7
1744734244823 0.6919548 8
1744734245568 0.6929179 9
1744734246310 0.6811475 10
1744734247059 0.6731247 11
1744734247812 0.6790057 12
1744734248587 0.6988957 0
1744734249338 0.6771727 1
1744734250082 0.66314656 2
1744734250836 0.70285636 3
1744734251585 0.6920326 4
1744734252330 0.64952534 5
1744734253083 0.7070087 6
1744734253844 0.68478423 7
1744734254585 0.7131506 8
1744734255331 0.68521935 9
1744734256077 0.6928369 10
1744734256826 0.6960148 11
1744734257580 0.68229777 12
1744734258342 0.6809634 0
1744734259093 0.6827542 1
1744734259830 0.6910911 2
1744734260584 0.66609293 3
1744734261335 0.6873836 4
1744734262074 0.68173957 5
1744734262819 0.6784044 6
1744734263574 0.6949212 7
1744734264316 0.6888975 8
1744734265069 0.7013562 9
1744734265823 0.71019125 10
1744734266573 0.708899 11
1744734267319 0.71564436 12
1744734268081 0.724565 0
1744734268825 0.71723425 1
1744734269592 0.7167619 2
1744734270351 0.7197118 3
1744734271100 0.7186227 4
1744734271844 0.69721526 5
1744734272595 0.69874465 6
1744734273343 0.6711772 7
1744734274099 0.6803168 8
1744734274852 0.67844003 9
1744734275606 0.6719427 10
1744734276348 0.6773995 11
1744734277111 0.67206913 12
1744734277875 0.6566377 0
1744734278621 0.67043823 1
1744734279366 0.7073703 2
1744734280122 0.6744326 3
1744734280873 0.7092793 4
1744734281625 0.71226996 5
1744734282374 0.6913038 6
1744734283141 0.7027631 7
1744734283894 0.6932507 8
1744734284635 0.7045403 9
1744734285385 0.68763125 10
1744734286225 0.709633 11
1744734287075 0.6936375 12
1744734287846 0.69149685 0
1744734288593 0.7031846 1
1744734289344 0.6988145 2
1744734290089 0.67528063 3
1744734290854 0.6918506 4
1744734291641 0.6743317 5
1744734292394 0.6925973 6
1744734293145 0.70247984 7
1744734293898 0.68125784 8
1744734294650 0.70386916 9
1744734295395 0.6908733 10
1744734296144 0.70184225 11
1744734296901 0.7086343 12
1744734297667 0.69641477 0
1744734298416 0.69111407 1
1744734299154 0.70463705 2
1744734299905 0.69789964 3
1744734300666 0.6919557 4
1744734301413 0.6932053 5
1744734302154 0.69678 6
1744734302911 0.6940438 7
1744734303665 0.6899094 8
1744734304412 0.69500095 9
1744734305163 0.6920605 10
1744734305908 0.6848577 11
1744734306661 0.6593564 12
1744734307427 0.7035591 0
1744734308181 0.69592655 1
1744734308932 0.6803769 2
1744734309677 0.71271884 3
1744734310423 0.6935389 4
1744734311177 0.68007493 5
1744734311927 0.7100288 6
1744734312681 0.7130325 7
1744734313428 0.69966453 8
1744734314181 0.6945911 9
1744734314931 0.7069088 10
1744734315687 0.7070707 11
1744734316438 0.7092916 12
1744734317200 0.7140609 0
1744734317940 0.7082765 1
1744734318701 0.708062 2
1744734319451 0.7057111 3
1744734320199 0.71869844 4
1744734320952 0.7306534 5
1744734321699 0.72560793 6
1744734322446 0.7131422 7
1744734323190 0.6956278 8
1744734323941 0.6797203 9
1744734324694 0.6590261 10
1744734325445 0.6552179 11
1744734326197 0.66210777 12
1744734326965 0.6698102 0
1744734327715 0.6711196 1
1744734328474 0.683107 2
1744734329224 0.69630516 3
1744734329966 0.70242083 4
1744734330721 0.6923665 5
1744734331477 0.712964 6
1744734332224 0.70888513 7
1744734332971 0.67218244 8
1744734333720 0.71937877 9
1744734334479 0.7185019 10
1744734335224 0.67862403 11
1744734335978 0.7085662 12
1744734336733 0.6941765 0
1744734337491 0.6910568 1
1744734338237 0.72605264 2
1744734338985 0.657169 3
1744734339735 0.73194224 4
1744734340490 0.6727297 5
1744734341240 0.6978029 6
1744734341989 0.66970044 7
1744734342748 0.6837009 8
1744734343502 0.67220485 9
1744734344251 0.6321848 10
1744734345003 0.7026213 11
1744734345752 0.6605109 12
1744734346533 0.6819218 0
1744734347275 0.69468987 1
1744734348028 0.6812876 2
1744734348783 0.7147059 3
1744734349538 0.68310493 4
1744734350286 0.72251827 5
1744734351039 0.719583 6
1744734351791 0.70725197 7
1744734352540 0.7033882 8
1744734353282 0.7331959 9
1744734354029 0.70001507 10
1744734354778 0.71775824 11
1744734355533 0.7048345 12
1744734356304 0.7173962 0
1744734357055 0.7176074 1
1744734357804 0.69351214 2
1744734358564 0.73306495 3
1744734359322 0.6368008 4
1744734360066 0.71163714 5
1744734360812 0.6911087 6
1744734361652 0.7045763 7
1744734362408 0.6603972 8
1744734363170 0.69239545 9
1744734363921 0.6407441 10
1744734364671 0.730125 11
1744734365423 0.6791568 12
1744734366189 0.6733668 0
1744734366942 0.7584745 1
1744734367692 0.68137413 2
1744734368449 0.74050224 3
1744734369200 0.6611726 4
1744734369945 0.76344454 5
1744734370695 0.66062737 6
1744734371449 0.7502871 7
1744734372205 0.6626209 8
1744734372952 0.722253 9
1744734373706 0.66160583 10
1744734374464 0.67583364 11
1744734375213 0.71445054 12
1744734375979 0.66562784 0
1744734376732 0.72670007 1
1744734377478 0.63897943 2
1744734378225 0.70352703 3
1744734378979 0.7237467 4
1744734379726 0.6865286 5
1744734380486 0.73572195 6
1744734381239 0.7054645 7
1744734381995 0.6836584 8
1744734382744 0.745567 9
1744734383496 0.7256328 10
1744734384243 0.665258 11
1744734384993 0.79710925 12
1744734385761 0.674934 0
1744734386515 0.72747475 1
1744734387270 0.6865721 2
1744734388022 0.6681788 3
1744734388769 0.6934046 4
1744734389516 0.7292781 5
1744734390269 0.70042294 6
1744734391019 0.70399666 7
1744734391771 0.7276096 8
1744734392518 0.6784995 9
1744734393275 0.7298596 10
1744734394021 0.67885846 11
1744734394770 0.70610875 12
1744734395530 0.73414737 0
1744734396283 0.69271976 1
1744734397033 0.70250183 2
1744734397807 0.664576 3
1744734398554 0.7134557 4
1744734399307 0.66959894 5
1744734400058 0.68901837 6
1744734400804 0.70076513 7
1744734401549 0.6846099 8
1744734402305 0.7347742 9
1744734403053 0.70058435 10
1744734403807 0.6776644 11
1744734404556 0.73879284 12
1744734405333 0.7017971 0
1744734406080 0.7085856 1
1744734406833 0.7238319 2
1744734407583 0.698786 3
1744734408335 0.69320416 4
1744734409087 0.6884579 5
1744734409828 0.6910117 6
1744734410581 0.69632185 7
1744734411333 0.68910235 8
1744734412140 0.696454 9
1744734412890 0.7149945 10
1744734413642 0.7170036 11
1744734414391 0.68453616 12
1744734415155 0.71738315 0
1744734415901 0.71036434 1
1744734416650 0.72010404 2
1744734417404 0.7090001 3
1744734418153 0.72169995 4
1744734418899 0.6912173 5
1744734419662 0.7387197 6
1744734420419 0.6753424 7
1744734421169 0.70265037 8
1744734421918 0.6995654 9
1744734422658 0.6430084 10
1744734423401 0.64883775 11
1744734424156 0.691762 12
1744734424924 0.66733766 0
1744734425668 0.69917244 1
1744734426419 0.6843632 2
1744734427167 0.6415226 3
1744734427910 0.75347394 4
1744734428659 0.76280236 5
1744734429416 0.7476289 6
1744734430167 0.8085503 7
1744734430921 0.7518768 8
1744734431673 0.7020922 9
1744734432421 0.61419374 10
1744734433168 0.66796 11
1744734433904 0.62513316 12
1744734434672 0.6260524 0
1744734435410 0.6798595 1
1744734436162 0.6877152 2
1744734437007 0.686713 3
1744734437758 0.6753712 4
1744734438499 0.68131584 5
1744734439248 0.7233404 6
1744734439995 0.6201274 7
1744734440742 0.77576214 8
1744734441487 0.6316199 9
1744734442235 0.7601365 10
1744734442984 0.6647852 11
1744734443729 0.7261863 12
1744734444491 0.7115488 0
1744734445247 0.7032254 1
1744734446004 0.7195628 2
1744734446757 0.7122433 3
1744734447508 0.70743245 4
1744734448256 0.6507955 5
1744734449031 0.70707816 6
1744734449796 0.6898013 7
1744734450540 0.58813095 8
1744734451295 0.69990736 9
1744734452069 0.72590476 10
1744734452820 0.67481804 11
1744734453570 0.7068959 12
1744734454331 0.7192123 0
1744734455080 0.7370145 1
1744734455826 0.69224524 2
1744734456575 0.71766967 3
1744734457321 0.70988435 4
1744734458073 0.68811256 5
1744734458817 0.6794931 6
1744734459563 0.6741234 7
1744734460312 0.6918767 8
1744734461057 0.6213837 9
1744734461803 0.6906692 10
1744734462550 0.65160495 11
1744734463302 0.68918663 12
1744734464070 0.6759894 0
1744734464812 0.6939651 1
1744734465558 0.6883661 2
1744734466299 0.6770106 3
1744734467042 0.7390456 4
1744734467797 0.7220506 5
1744734468557 0.72980875 6
1744734469303 0.7119207 7
1744734470047 0.7032949 8
1744734470793 0.741407 9
1744734471538 0.711872 10
1744734472282 0.7099979 11
1744734473023 0.70757365 12
1744734473790 0.70162636 0
1744734474537 0.68210596 1
1744734475286 0.711176 2
1744734476058 0.6907307 3
1744734476807 0.6438323 4
1744734477547 0.6575152 5
1744734478289 0.72765064 6
1744734479040 0.67558885 7
1744734479791 0.65582293 8
1744734480540 0.6631087 9
1744734481286 0.6951607 10
1744734482034 0.70295435 11
1744734482785 0.68776566 12
1744734483551 0.7117108 0
1744734484325 0.6540805 1
1744734485073 0.72249496 2
1744734485825 0.74482036 3
1744734486574 0.6972421 4
1744734487324 0.73372406 5
1744734488074 0.74216044 6
1744734488832 0.67777026 7
1744734489575 0.74559057 8
1744734490326 0.68249595 9
1744734491071 0.71266127 10
1744734491816 0.7149083 11
1744734492559 0.667839 12
1744734493318 0.6982597 0
1744734494065 0.6930002 1
1744734494820 0.6894165 2
1744734495573 0.70227045 3
1744734496324 0.673733 4
1744734497073 0.72872674 5
1744734497817 0.69201 6
1744734498567 0.72993046 7
1744734499314 0.7224499 8
1744734500059 0.7143666 9
1744734500806 0.7033381 10
1744734501548 0.68602675 11
1744734502302 0.69730514 12
1744734503059 0.6971732 0
1744734503802 0.7060665 1
1744734504572 0.70818925 2
1744734505316 0.7069001 3
1744734506059 0.7028641 4
1744734506809 0.70282286 5
1744734507568 0.6910578 6
1744734508321 0.7038702 7
1744734509068 0.6969839 8
1744734509833 0.6617646 9
1744734510587 0.7027494 10
1744734511336 0.6326218 11
1744734512170 0.7171662 12
1744734512928 0.6952175 0
1744734513683 0.68712515 1
1744734514430 0.7338171 2
1744734515175 0.68589574 3
1744734515925 0.694163 4
1744734516676 0.7086999 5
1744734517431 0.67803055 6
1744734518212 0.69439054 7
1744734518959 0.69393045 8
1744734519714 0.68644136 9
1744734520455 0.7011031 10
1744734521191 0.69060975 11
1744734521939 0.70016927 12
1744734522703 0.6775544 0
1744734523453 0.68275654 1
1744734524197 0.6780682 2
1744734524945 0.6934226 3
1744734525698 0.6918709 4
1744734526440 0.72000694 5
1744734527181 0.7373001 6
1744734527920 0.69048095 7
1744734528674 0.7334307 8
1744734529429 0.70776045 9
1744734530178 0.73018956 10
1744734530920 0.7063837 11
1744734531662 0.67287606 12
1744734532426 0.70108443 0
1744734533174 0.63778377 1
1744734533918 0.73350513 2
1744734534667 0.66315174 3
1744734535417 0.7003667 4
1744734536160 0.7113294 5
1744734536908 0.6301509 6
1744734537654 0.7795707 7
1744734538402 0.6542115 8
1744734539149 0.7728943 9
1744734539897 0.6862467 10
1744734540645 0.73016554 11
1744734541400 0.6783381 12
1744734542195 0.68079656 0
1744734542937 0.686273 1
1744734543682 0.6862244 2
1744734544432 0.6861116 3
1744734545176 0.6866699 4
1744734545919 0.7092004 5
1744734546665 0.68317 6
1744734547414 0.7350586 7
1744734548160 0.6767591 8
1744734548904 0.7229158 9
1744734549653 0.68772393 10
1744734550407 0.7347195 11
1744734551154 0.68686837 12
1744734551913 0.7380967 0
1744734552666 0.6846542 1
1744734553408 0.69670784 2
1744734554160 0.7305194 3
1744734554900 0.69540393 4
1744734555653 0.6937936 5
1744734556404 0.7066963 6
1744734557158 0.671382 7
1744734557900 0.69787323 8
1744734558657 0.6982093 9
1744734559412 0.66808933 10
1744734560162 0.68348426 11
1744734560912 0.691108 12
1744734561679 0.71471864 0
1744734562428 0.7131556 1
1744734563182 0.658797 2
1744734563921 0.7233197 3
1744734564668 0.68483406 4
1744734565419 0.6874132 5
1744734566170 0.6969546 6
1744734566914 0.70454997 7
1744734567660 0.6857575 8
1744734568414 0.7134243 9
1744734569166 0.69968534 10
1744734569912 0.676377 11
1744734570662 0.69757706 12
1744734571420 0.7618724 0
1744734572169 0.7162584 1
1744734572913 0.6510087 2
1744734573657 0.73562145 3
1744734574412 0.660973 4
1744734575167 0.7280684 5
1744734575918 0.72075856 6
1744734576669 0.69002336 7
1744734577427 0.73248637 8
1744734578176 0.7107913 9
1744734578929 0.686134 10
1744734579681 0.7293528 11
1744734580433 0.68769205 12
1744734581198 0.71736634 0
1744734581952 0.6502833 1
1744734582702 0.7401397 2
1744734583451 0.6535277 3
1744734584205 0.7160617 4
1744734584953 0.6761928 5
1744734585700 0.66999984 6
1744734586452 0.6975989 7
1744734587290 0.7111818 8
1744734588038 0.6559956 9
1744734588784 0.67046803 10
1744734589531 0.6876976 11
1744734590282 0.72363627 12
1744734591046 0.7031657 0
1744734591789 0.68669116 1
1744734592533 0.74202377 2
1744734593283 0.6915512 3
1744734594035 0.7512365 4
1744734594784 0.64589393 5
1744734595531 0.75868595 6
1744734596273 0.66543895 7
1744734597024 0.70144475 8
1744734597774 0.7230453 9
1744734598524 0.7005721 10
1744734599269 0.72576433 11
1744734600028 0.700568 12
1744734600801 0.7237722 0
1744734601547 0.72423273 1
1744734602294 0.7191827 2
1744734603053 0.7329671 3
1744734603805 0.6354568 4
1744734604552 0.7925488 5
1744734605307 0.56299984 6
1744734606056 0.80251026 7
1744734606800 0.574372 8
1744734607549 0.6772445 9
1744734608292 0.6977818 10
1744734609041 0.6986868 11
1744734609787 0.6708224 12
1744734610551 0.72472394 0
1744734611296 0.6975918 1
1744734612042 0.6998578 2
1744734612793 0.7187151 3
1744734613548 0.68424547 4
1744734614299 0.75807285 5
1744734615065 0.6636098 6
1744734615815 0.8137441 7
1744734616565 0.63049483 8
1744734617322 0.89686096 9
1744734618078 0.54126424 10
1744734618840 0.8335686 11
1744734619594 0.67036134 12
1744734620358 0.66951257 0
1744734621108 0.6938878 1
1744734621851 0.64489996 2
1744734622597 0.68184954 3
1744734623346 0.67705756 4
1744734624094 0.7075543 5
1744734624850 0.701553 6
1744734625597 0.70969486 7
1744734626346 0.72108734 8
1744734627099 0.7147435 9
1744734627846 0.72062284 10
1744734628594 0.7088144 11
1744734629341 0.71755075 12
1744734630110 0.7123308 0
1744734630868 0.70522296 1
1744734631619 0.70412546 2
1744734632367 0.68830955 3
1744734633118 0.7091401 4
1744734633878 0.657996 5
1744734634624 0.68242 6
1744734635369 0.68898755 7
1744734636121 0.67544526 8
1744734636871 0.72606146 9
1744734637613 0.732856 10
1744734638364 0.67473006 11
1744734639116 0.730724 12
1744734639887 0.670258 0
1744734640637 0.7268279 1
1744734641386 0.71036327 2
1744734642128 0.59340674 3
1744734642874 0.762084 4
1744734643630 0.5924977 5
1744734644385 0.7285983 6
1744734645133 0.7256435 7
1744734645891 0.71231574 8
1744734646646 0.6820071 9
1744734647396 0.7435293 10
1744734648148 0.69490397 11
1744734648904 0.6734331 12
1744734649688 0.7051532 0
1744734650435 0.6552082 1
1744734651178 0.7011236 2
1744734651926 0.6803326 3
1744734652680 0.6884498 4
1744734653419 0.6414244 5
1744734654169 0.7452348 6
1744734654915 0.67980117 7
1744734655673 0.6563636 8
1744734656422 0.79673654 9
1744734657172 0.6954362 10
1744734657915 0.6739737 11
1744734658667 0.78811055 12
1744734659437 0.5479424 0
1744734660191 0.89384335 1
1744734660942 0.5304649 2
1744734661700 0.8070676 3
1744734662551 0.6993655 4
1744734663304 0.6615331 5
1744734664060 0.7271934 6
1744734664819 0.67174727 7
1744734665572 0.66373134 8
1744734666323 0.6922373 9
1744734667078 0.6606824 10
1744734667830 0.65827674 11
1744734668594 0.6810495 12
1744734669369 0.6672487 0
1744734670147 0.6723959 1
1744734670891 0.68539953 2
1744734671633 0.71765393 3
1744734672374 0.6852635 4
1744734673118 0.7057872 5
1744734673866 0.7160176 6
1744734674610 0.68509823 7
1744734675356 0.7128578 8
1744734676099 0.6818348 9
1744734676846 0.7401072 10
1744734677599 0.7061193 11
1744734678342 0.659693 12
1744734679106 0.7515872 0
1744734679848 0.65492535 1
1744734680601 0.71638036 2
1744734681349 0.72782284 3
1744734682088 0.6946553 4
1744734682836 0.7088896 5
1744734683587 0.7299329 6
1744734684329 0.7407629 7
1744734685071 0.6911767 8
1744734685817 0.74474496 9
1744734686565 0.7139949 10
1744734687306 0.7556265 11
1744734688053 0.6637105 12
1744734688809 0.755198 0
1744734689557 0.6199737 1
1744734690309 0.73700064 2
1744734691062 0.6440216 3
1744734691806 0.70001537 4
1744734692543 0.74407256 5
1744734693293 0.65580344 6
1744734694032 0.743401 7
1744734694774 0.6792318 8
1744734695530 0.7167323 9
1744734696279 0.6790201 10
1744734697021 0.64773524 11
1744734697768 0.667882 12
1744734698534 0.7099413 0
1744734699286 0.6661675 1
1744734700033 0.7115596 2
1744734700792 0.6989123 3
1744734701539 0.7151041 4
1744734702293 0.7492801 5
1744734703044 0.7076713 6
1744734703793 0.7548928 7
1744734704538 0.691532 8
1744734705283 0.72002065 9
1744734706034 0.68678516 10
1744734706790 0.6691605 11
1744734707543 0.67539483 12
1744734708317 0.68396556 0
1744734709058 0.73259944 1
1744734709807 0.7404938 2
1744734710551 0.74972534 3
1744734711297 0.7267612 4
1744734712071 0.7314373 5
1744734712831 0.6779044 6
1744734713587 0.671455 7
1744734714343 0.7149869 8
1744734715083 0.6524798 9
1744734715830 0.72720784 10
1744734716574 0.71751815 11
1744734717323 0.684269 12
1744734718100 0.73863494 0
1744734718848 0.69102865 1
1744734719599 0.73147446 2
1744734720354 0.7349082 3
1744734721115 0.6995454 4
1744734721898 0.7155216 5
1744734722649 0.676838 6
1744734723408 0.72149533 7
1744734724154 0.63000995 8
1744734724897 0.6888547 9
1744734725636 0.6768544 10
1744734726386 0.70327365 11
1744734727139 0.7164617 12
1744734727910 0.6917884 0
1744734728661 0.71625847 1
1744734729406 0.70479864 2
1744734730190 0.6698303 3
1744734730933 0.85717946 4
1744734731676 0.676677 5
1744734732420 0.71577257 6
1744734733161 0.7271757 7
1744734733901 0.69611704 8
1744734734650 0.7411506 9
1744734735391 0.6409896 10
1744734736134 0.7518375 11
1744734736885 0.66986334 12
