1744822415615 0.2244103 0
1744822416374 0.1500482 1
1744822416998 0.103922755 2
1744822417622 0.075110376 3
1744822418250 0.05753875 4
1744822418877 0.04539428 5
1744822419505 0.037416928 6
1744822420131 0.03132818 7
1744822420764 0.026992138 8
1744822421403 0.023322005 9
1744822422034 0.020510286 10
1744822422664 0.018274644 11
1744822423292 0.016489655 12
1744822423926 0.014693077 13
1744822424557 0.0133054545 14
1744822425192 0.012197868 15
1744822425828 0.011143137 16
1744822426477 0.010240873 17
1744822427133 0.00938959 18
1744822427777 0.008672272 19
1744822428433 0.00815044 20
1744822429321 0.0075054634 21
1744822430086 0.0070251115 0
1744822430757 0.006516351 1
1744822431393 0.006132263 2
1744822432031 0.005774299 3
1744822432749 0.005393517 4
1744822433506 0.0050620963 5
1744822434270 0.0047820983 6
1744822435028 0.0045078387 7
1744822435785 0.0043131188 8
1744822436532 0.004081459 9
1744822437289 0.0038717892 10
1744822438064 0.0037260985 11
1744822438854 0.0035316213 12
1744822439642 0.003389393 13
1744822440395 0.0032468946 14
1744822441161 0.0031388842 15
1744822441910 0.0029947544 16
1744822442659 0.0028640195 17
1744822443409 0.0027654811 18
1744822444158 0.0026809592 19
1744822444909 0.00255545 20
1744822445664 0.0024549328 21
1744822446446 0.0023712504 0
1744822447196 0.0022981071 1
1744822447952 0.002224453 2
1744822448708 0.0021321669 3
1744822449452 0.0020866918 4
1744822450195 0.0020102407 5
1744822450963 0.0019553257 6
1744822451704 0.0019026685 7
1744822452456 0.0018283817 8
1744822453203 0.001769545 9
1744822453949 0.0017301514 10
1744822454691 0.0016680232 11
1744822455451 0.0016333185 12
1744822456191 0.0015736333 13
1744822456933 0.0015533714 14
1744822457689 0.0014831685 15
1744822458436 0.0014583297 16
1744822459177 0.0014149584 17
1744822459924 0.0013725176 18
1744822460674 0.0013469903 19
1744822461416 0.001327531 20
1744822462172 0.001265458 21
1744822462939 0.0012392192 0
1744822463676 0.0012167839 1
1744822464420 0.0011713722 2
1744822465168 0.0011440426 3
1744822465910 0.001120608 4
1744822466658 0.0011015369 5
1744822467403 0.0010627565 6
1744822468151 0.0010466108 7
1744822468884 0.0010291844 8
1744822469634 0.0009949903 9
1744822470377 0.0009660862 10
1744822471129 0.00094530254 11
1744822471881 0.00093322946 12
1744822472631 0.0009148499 13
1744822473391 0.0008874534 14
1744822474141 0.0008742701 15
1744822474884 0.00085872243 16
1744822475636 0.0008472072 17
1744822476384 0.0008267545 18
1744822477132 0.00081457896 19
1744822477879 0.0007900081 20
1744822478619 0.0007843204 21
1744822479392 0.00076536176 0
1744822480140 0.00074926944 1
1744822480890 0.00074297335 2
1744822481632 0.0007225477 3
1744822482380 0.0007070914 4
1744822483145 0.00069900934 5
1744822483910 0.00067993806 6
1744822484703 0.0006786039 7
1744822485492 0.00065750314 8
1744822486280 0.000645839 9
1744822487058 0.0006390405 10
1744822487836 0.00062760065 11
1744822488784 0.0006180456 12
1744822489545 0.00060581526 13
1744822490306 0.0005966741 14
1744822491063 0.0005877415 15
1744822491821 0.00057754456 16
1744822492583 0.0005684763 17
1744822493339 0.00056002074 18
1744822494084 0.0005506108 19
1744822494834 0.0005412111 20
1744822495587 0.0005381464 21
1744822496361 0.00052866316 0
1744822497119 0.0005209358 1
1744822497874 0.00051157724 2
1744822498625 0.0004981964 3
1744822499391 0.0004967557 4
1744822500146 0.0004908586 5
1744822500896 0.00048380115 6
1744822501653 0.00047129786 7
1744822502407 0.00046619758 8
1744822503164 0.0004603153 9
1744822503913 0.0004561934 10
1744822504672 0.00045455983 11
1744822505429 0.000447247 12
1744822506181 0.0004362776 13
1744822506939 0.0004341198 14
1744822507696 0.00042825632 15
1744822508454 0.00041895758 16
1744822509219 0.0004146942 17
1744822509976 0.00041060313 18
1744822510730 0.00040903347 19
1744822511484 0.00040401603 20
1744822512250 0.00039257706 21
1744822513030 0.0003854778 0
1744822513782 0.00038703514 1
1744822514539 0.0003792831 2
1744822515291 0.00037864508 3
1744822516040 0.000368808 4
1744822516791 0.00036528576 5
1744822517550 0.00036490653 6
1744822518304 0.00036032067 7
1744822519050 0.0003527818 8
1744822519798 0.00035025988 9
1744822520552 0.00034611355 10
1744822521297 0.0003418579 11
1744822522049 0.0003408503 12
1744822522801 0.00033743048 13
1744822523551 0.0003281749 14
1744822524301 0.00032595368 15
1744822525052 0.00032116595 16
1744822525807 0.0003195038 17
1744822526557 0.00031598247 18
1744822527306 0.0003148835 19
1744822528057 0.00030731858 20
1744822528802 0.00030298094 21
1744822529583 0.00030072205 0
1744822530334 0.00030008494 1
1744822531083 0.0002958735 2
1744822531838 0.00029274842 3
1744822532603 0.00028807903 4
1744822533358 0.0002864828 5
1744822534113 0.00028517796 6
1744822534869 0.0002829245 7
1744822535625 0.0002773071 8
1744822536376 0.0002738736 9
1744822537133 0.00026925385 10
1744822537887 0.00026867382 11
1744822538645 0.00026654048 12
1744822539400 0.00026755847 13
1744822540151 0.00026145313 14
1744822540909 0.00026135007 15
1744822541672 0.00025836195 16
1744822542430 0.00025220652 17
1744822543181 0.0002518368 18
1744822543936 0.0002507925 19
1744822544699 0.00024697953 20
1744822545477 0.00024484168 21
1744822546252 0.00024275483 0
1744822546999 0.00024009087 1
1744822547752 0.00023933752 2
1744822548503 0.00023952819 3
1744822549251 0.00023211013 4
1744822550005 0.00022923524 5
1744822550763 0.00023058875 6
1744822551533 0.00022840119 7
1744822552278 0.00022637541 8
1744822553031 0.00022645654 9
1744822553781 0.00022098186 10
1744822554538 0.0002186375 11
1744822555285 0.00021545972 12
1744822556039 0.00021637334 13
1744822556823 0.00021427912 14
1744822557579 0.00021064586 15
1744822558339 0.00021021235 16
1744822559085 0.0002081715 17
1744822559840 0.00020625218 18
1744822560605 0.00020476911 19
1744822561418 0.00020374855 20
1744822562327 0.00020153131 21
1744822563204 0.00020422018 0
1744822563986 0.00019813754 1
1744822564854 0.00019535949 2
1744822565627 0.00019407629 3
1744822566391 0.00019541824 4
1744822567170 0.0001928335 5
1744822568211 0.00019105407 6
1744822569240 0.00018859643 7
1744822570110 0.0001885486 8
1744822570936 0.00018719712 9
1744822571778 0.00018354975 10
1744822572593 0.00018323316 11
1744822573422 0.00018067655 12
1744822574216 0.00017960047 13
1744822574990 0.00017969447 14
1744822575762 0.00017742357 15
1744822576545 0.00017384642 16
1744822577321 0.0001734632 17
1744822578118 0.00017369993 18
1744822578925 0.00017230718 19
1744822579754 0.00017309812 20
