1744822415613 1.391993 0
1744822416372 1.3840001 1
1744822416995 1.3711997 2
1744822417620 1.3689519 3
1744822418248 1.3781917 4
1744822418876 1.3805087 5
1744822419503 1.3857937 6
1744822420129 1.3887874 7
1744822420763 1.3886416 8
1744822421401 1.371741 9
1744822422030 1.343713 10
1744822422662 1.3501778 11
1744822423290 1.3715258 12
1744822423924 1.3660271 13
1744822424555 1.350327 14
1744822425190 1.3463538 15
1744822425826 1.3496623 16
1744822426473 1.3556275 17
1744822427130 1.3647317 18
1744822427775 1.3827024 19
1744822428431 1.395395 20
1744822429318 1.3882558 21
1744822430083 1.4081011 0
1744822430755 1.4108214 1
1744822431390 1.4232533 2
1744822432029 1.4432948 3
1744822432746 1.4338615 4
1744822433492 1.4159524 5
1744822434268 1.4143533 6
1744822435025 1.4363216 7
1744822435782 1.4376755 8
1744822436529 1.4179916 9
1744822437286 1.3944201 10
1744822438059 1.3798594 11
1744822438849 1.3659366 12
1744822439639 1.369382 13
1744822440390 1.3833895 14
1744822441159 1.4144201 15
1744822441907 1.4775753 16
1744822442656 1.5056169 17
1744822443407 1.4921389 18
1744822444156 1.4621631 19
1744822444907 1.4404666 20
1744822445658 1.4239322 21
1744822446444 1.4360976 0
1744822447193 1.5001574 1
1744822447948 1.5419211 2
1744822448706 1.5307775 3
1744822449449 1.503278 4
1744822450193 1.4536963 5
1744822450960 1.4232676 6
1744822451701 1.4031117 7
1744822452454 1.3929691 8
1744822453200 1.4016467 9
1744822453946 1.4183354 10
1744822454689 1.4261397 11
1744822455448 1.4137496 12
1744822456188 1.4007862 13
1744822456929 1.3823128 14
1744822457686 1.3698385 15
1744822458433 1.365252 16
1744822459174 1.3885758 17
1744822459922 1.4419444 18
1744822460672 1.4640553 19
1744822461414 1.4706829 20
1744822462165 1.4550326 21
1744822462936 1.4500358 0
1744822463673 1.4415677 1
1744822464418 1.4309573 2
1744822465165 1.4249963 3
1744822465907 1.4158198 4
1744822466655 1.4117112 5
1744822467400 1.4179804 6
1744822468146 1.4273539 7
1744822468881 1.4460235 8
1744822469631 1.4425099 9
1744822470375 1.4162401 10
1744822471126 1.3867955 11
1744822471878 1.3681581 12
1744822472629 1.3592472 13
1744822473387 1.3504463 14
1744822474139 1.3522496 15
1744822474882 1.3559496 16
1744822475633 1.3602288 17
1744822476382 1.3595309 18
1744822477129 1.3628256 19
1744822477876 1.3813117 20
1744822478616 1.4087133 21
1744822479387 1.4413431 0
1744822480137 1.4636385 1
1744822480887 1.4748274 2
1744822481629 1.4753492 3
1744822482377 1.4662768 4
1744822483143 1.4593654 5
1744822483906 1.4519495 6
1744822484699 1.4471421 7
1744822485487 1.442723 8
1744822486275 1.4199283 9
1744822487055 1.397742 10
1744822487833 1.3788111 11
1744822488782 1.363017 12
1744822489542 1.3561523 13
1744822490303 1.3594196 14
1744822491061 1.3757031 15
1744822491817 1.4040838 16
1744822492580 1.4329348 17
1744822493337 1.4473829 18
1744822494081 1.452127 19
1744822494831 1.4362245 20
1744822495585 1.4181466 21
1744822496359 1.4112682 0
1744822497115 1.4181607 1
1744822497872 1.4211428 2
1744822498623 1.4193187 3
1744822499386 1.4168986 4
1744822500143 1.4115384 5
1744822500893 1.4012532 6
1744822501651 1.3864602 7
1744822502404 1.3780007 8
1744822503161 1.3826597 9
1744822503910 1.3837268 10
1744822504669 1.3878151 11
1744822505427 1.3941513 12
1744822506178 1.3964672 13
1744822506934 1.393775 14
1744822507692 1.3959022 15
1744822508452 1.3994205 16
1744822509217 1.4159391 17
1744822509971 1.4432726 18
1744822510728 1.4429028 19
1744822511482 1.4422793 20
1744822512246 1.441165 21
1744822513028 1.437391 0
1744822513780 1.429451 1
1744822514536 1.4228762 2
1744822515286 1.422786 3
1744822516037 1.4225556 4
1744822516789 1.4207804 5
1744822517547 1.4111059 6
1744822518301 1.3984523 7
1744822519048 1.4049034 8
1744822519795 1.4072347 9
1744822520550 1.3968604 10
1744822521294 1.3743334 11
1744822522047 1.3504319 12
1744822522796 1.3455112 13
1744822523548 1.3668847 14
1744822524296 1.40327 15
1744822525047 1.4330114 16
1744822525804 1.4613408 17
1744822526554 1.4700103 18
1744822527303 1.474842 19
1744822528054 1.4647617 20
1744822528800 1.451069 21
1744822529581 1.4281428 0
1744822530332 1.4028239 1
1744822531080 1.3833468 2
1744822531836 1.3736281 3
1744822532601 1.3683908 4
1744822533355 1.3668251 5
1744822534111 1.3738348 6
1744822534866 1.3899535 7
1744822535622 1.4056348 8
1744822536373 1.4140303 9
1744822537131 1.4293786 10
1744822537884 1.4275868 11
1744822538642 1.4157751 12
1744822539398 1.4075727 13
1744822540149 1.4008858 14
1744822540906 1.4059658 15
1744822541670 1.3985691 16
1744822542427 1.3876724 17
1744822543179 1.37941 18
1744822543930 1.3871928 19
1744822544697 1.3984591 20
1744822545474 1.400929 21
1744822546249 1.4028652 0
1744822546996 1.3835138 1
1744822547750 1.3761454 2
1744822548501 1.387213 3
1744822549248 1.4034 4
1744822550000 1.4183023 5
1744822550760 1.4258304 6
1744822551530 1.4248397 7
1744822552275 1.4192232 8
1744822553029 1.4117148 9
1744822553778 1.4027371 10
1744822554535 1.4000762 11
1744822555282 1.4024806 12
1744822556036 1.4067988 13
1744822556820 1.4134395 14
1744822557576 1.4176333 15
1744822558337 1.4101963 16
1744822559082 1.400634 17
1744822559837 1.395978 18
1744822560602 1.3908716 19
1744822561413 1.3919492 20
1744822562323 1.40019 21
1744822563201 1.4084048 0
1744822563983 1.4174023 1
1744822564851 1.429089 2
1744822565624 1.4436383 3
1744822566388 1.4468901 4
1744822567167 1.4407618 5
1744822568206 1.4313128 6
1744822569238 1.4208374 7
1744822570106 1.4225683 8
1744822570933 1.4289336 9
1744822571772 1.4306549 10
1744822572590 1.423544 11
1744822573418 1.4102373 12
1744822574214 1.3939639 13
1744822574986 1.3807452 14
1744822575760 1.3675373 15
1744822576539 1.3616332 16
1744822577318 1.3634484 17
1744822578114 1.3649188 18
1744822578921 1.3662255 19
1744822579750 1.3734412 20
