1744822415613 4.6601048 0
1744822416374 6.342783 1
1744822416996 7.570006 2
1744822417620 8.544156 3
1744822418248 9.282002 4
1744822418877 9.954539 5
1744822419505 10.581887 6
1744822420131 11.057219 7
1744822420764 11.459789 8
1744822421401 11.87984 9
1744822422032 12.32348 10
1744822422662 12.673522 11
1744822423290 12.962448 12
1744822423926 13.2926235 13
1744822424555 13.699425 14
1744822425190 14.072826 15
1744822425828 14.450157 16
1744822426475 14.776057 17
1744822427132 14.998932 18
1744822427777 15.19851 19
1744822428431 15.376829 20
1744822429319 15.599401 21
1744822430085 15.824881 0
1744822430756 16.014784 1
1744822431392 16.242397 2
1744822432030 16.473196 3
1744822432748 16.657417 4
1744822433503 16.816816 5
1744822434269 16.921637 6
1744822435027 16.929491 7
1744822435784 16.947422 8
1744822436530 16.985992 9
1744822437288 17.092024 10
1744822438062 17.234367 11
1744822438851 17.334753 12
1744822439641 17.358719 13
1744822440392 17.267982 14
1744822441160 17.186626 15
1744822441909 17.135714 16
1744822442657 17.282198 17
1744822443408 17.61669 18
1744822444157 17.921349 19
1744822444908 18.18824 20
1744822445661 18.346333 21
1744822446445 18.269127 0
1744822447194 17.88282 1
1744822447950 17.470505 2
1744822448707 17.140402 3
1744822449450 16.905672 4
1744822450194 16.826769 5
1744822450962 16.903992 6
1744822451703 17.055027 7
1744822452455 17.238466 8
1744822453202 17.385124 9
1744822453948 17.371605 10
1744822454690 17.190952 11
1744822455449 17.021996 12
1744822456190 16.93357 13
1744822456932 16.941826 14
1744822457688 16.966442 15
1744822458435 17.02708 16
1744822459175 17.000912 17
1744822459923 16.76255 18
1744822460673 16.512957 19
1744822461415 16.244442 20
1744822462168 16.025352 21
1744822462938 15.813164 0
1744822463674 15.679173 1
1744822464419 15.560101 2
1744822465166 15.480253 3
1744822465908 15.418925 4
1744822466657 15.369231 5
1744822467402 15.272537 6
1744822468149 15.171507 7
1744822468883 14.96011 8
1744822469633 14.75612 9
1744822470376 14.676872 10
1744822471128 14.695173 11
1744822471879 14.743099 12
1744822472630 14.784193 13
1744822473390 14.85167 14
1744822474140 14.862494 15
1744822474883 14.80991 16
1744822475635 14.7778225 17
1744822476383 14.822605 18
1744822477130 14.931376 19
1744822477877 14.928075 20
1744822478618 14.887629 21
1744822479390 14.776487 0
1744822480139 14.598823 1
1744822480888 14.417539 2
1744822481631 14.178311 3
1744822482379 13.945177 4
1744822483144 13.72965 5
1744822483908 13.596267 6
1744822484702 13.579115 7
1744822485490 13.575378 8
1744822486278 13.585775 9
1744822487057 13.564876 10
1744822487835 13.616967 11
1744822488783 13.738693 12
1744822489544 13.853913 13
1744822490305 13.982234 14
1744822491062 14.051937 15
1744822491819 14.033732 16
1744822492582 13.924182 17
1744822493338 13.792623 18
1744822494083 13.633837 19
1744822494833 13.521693 20
1744822495586 13.466359 21
1744822496360 13.416746 0
1744822497118 13.299335 1
1744822497873 13.137627 2
1744822498624 12.93515 3
1744822499389 12.769817 4
1744822500145 12.648637 5
1744822500895 12.554662 6
1744822501652 12.565646 7
1744822502406 12.634638 8
1744822503163 12.631589 9
1744822503912 12.590454 10
1744822504671 12.538852 11
1744822505428 12.473165 12
1744822506179 12.442709 13
1744822506937 12.474969 14
1744822507695 12.569743 15
1744822508453 12.68798 16
1744822509218 12.711506 17
1744822509973 12.615784 18
1744822510729 12.523172 19
1744822511483 12.383186 20
1744822512248 12.2297 21
1744822513029 12.133839 0
1744822513781 12.060411 1
1744822514538 12.056059 2
1744822515289 12.103338 3
1744822516039 12.168011 4
1744822516790 12.240454 5
1744822517548 12.345643 6
1744822518302 12.447724 7
1744822519049 12.413283 8
1744822519797 12.294391 9
1744822520551 12.225494 10
1744822521296 12.275458 11
1744822522048 12.467807 12
1744822522799 12.776541 13
1744822523550 13.009482 14
1744822524299 13.150641 15
1744822525050 13.204588 16
1744822525805 13.103453 17
1744822526556 12.897291 18
1744822527305 12.617178 19
1744822528056 12.375161 20
1744822528801 12.130322 21
1744822529582 11.941895 0
1744822530333 11.8729725 1
1744822531081 11.887724 2
1744822531837 11.914813 3
1744822532602 11.9308605 4
1744822533357 11.953346 5
1744822534112 11.925777 6
1744822534867 11.852557 7
1744822535624 11.731553 8
1744822536375 11.601236 9
1744822537132 11.411607 10
1744822537886 11.303279 11
1744822538644 11.262055 12
1744822539399 11.259157 13
1744822540150 11.322509 14
1744822540908 11.330618 15
1744822541671 11.342456 16
1744822542429 11.438495 17
1744822543180 11.565592 18
1744822543933 11.681848 19
1744822544698 11.788649 20
1744822545475 11.908322 21
1744822546251 11.968357 0
1744822546998 12.076635 1
1744822547751 12.220674 2
1744822548502 12.306639 3
1744822549250 12.323082 4
1744822550002 12.249524 5
1744822550762 12.143171 6
1744822551532 12.025588 7
1744822552277 11.908525 8
1744822553030 11.800703 9
1744822553780 11.6841345 10
1744822554537 11.611217 11
1744822555284 11.530224 12
1744822556038 11.456819 13
1744822556822 11.369643 14
1744822557578 11.2419 15
1744822558338 11.1769285 16
1744822559084 11.13472 17
1744822559839 11.119522 18
1744822560604 11.164773 19
1744822561416 11.2169895 20
1744822562325 11.24066 21
1744822563202 11.243703 0
1744822563985 11.220978 1
1744822564852 11.131114 2
1744822565626 10.964854 3
1744822566390 10.851727 4
1744822567169 10.783158 5
1744822568209 10.749867 6
1744822569240 10.755714 7
1744822570108 10.761637 8
1744822570935 10.744548 9
1744822571775 10.727045 10
1744822572591 10.677758 11
1744822573420 10.637896 12
1744822574214 10.674309 13
1744822574988 10.739488 14
1744822575760 10.861818 15
1744822576543 10.992666 16
1744822577321 11.096241 17
1744822578116 11.209561 18
1744822578923 11.34755 19
1744822579752 11.454118 20
