1745160874460 0.6385501 0
1745160875236 0.426587 1
1745160875866 0.28883606 2
1745160876486 0.19992036 3
1745160877108 0.14527085 4
1745160877730 0.110432185 5
1745160878348 0.08722552 6
1745160878964 0.07027279 7
1745160879589 0.058636922 0
1745160880209 0.050166607 1
1745160880830 0.042826694 2
1745160881474 0.037731428 3
1745160882100 0.032936186 4
1745160882738 0.02994418 5
1745160883435 0.02651137 6
1745160884317 0.02398314 7
1745160885156 0.021887861 0
1745160885911 0.020069085 1
1745160886636 0.018359406 2
1745160887288 0.017208176 3
1745160887932 0.015638106 4
1745160888599 0.014528219 5
1745160889237 0.013347648 6
1745160889873 0.012443521 7
1745160890517 0.01163807 0
1745160891249 0.010814119 1
1745160892092 0.010199533 2
1745160893030 0.009793186 3
1745160893830 0.009118303 4
1745160894562 0.008377787 5
1745160895297 0.008147903 6
1745160896037 0.0076175528 7
1745160896789 0.0072138514 0
1745160897549 0.0069715492 1
1745160898294 0.0064330525 2
1745160899044 0.0061532753 3
1745160899785 0.0059572943 4
1745160900538 0.0056673186 5
1745160901286 0.0054411553 6
1745160902057 0.005235359 7
1745160902833 0.0050432123 0
1745160903581 0.004829582 1
1745160904337 0.00451165 2
1745160905089 0.004453744 3
1745160905839 0.004373945 4
1745160906586 0.0041037393 5
1745160907324 0.0038359328 6
1745160908062 0.0038164584 7
1745160908816 0.003742976 0
1745160909565 0.0035800782 1
1745160910305 0.003462493 2
1745160911052 0.0033300978 3
1745160911794 0.003244067 4
1745160912536 0.0030926336 5
1745160913282 0.0030176735 6
1745160914023 0.0028974423 7
1745160914783 0.0028141292 0
1745160915563 0.0027296643 1
1745160916351 0.002717844 2
1745160917127 0.002563095 3
1745160917901 0.0025700245 4
1745160918677 0.0024308534 5
1745160919429 0.0024898169 6
1745160920177 0.002279021 7
1745160920930 0.0023133603 0
1745160921680 0.0022010817 1
1745160922425 0.0021391213 2
1745160923170 0.0020768384 3
1745160923924 0.002009342 4
1745160924681 0.0019776816 5
1745160925438 0.0019213024 6
1745160926192 0.0018730403 7
1745160926950 0.0018338414 0
1745160927702 0.0018197272 1
1745160928450 0.0017302622 2
1745160929198 0.0017043253 3
1745160929942 0.0016594756 4
1745160930691 0.0016560624 5
1745160931445 0.0016504463 6
1745160932196 0.0015528366 7
1745160932956 0.0015387937 0
1745160933702 0.0015046003 1
1745160934457 0.0014601295 2
1745160935214 0.0014196457 3
1745160935968 0.0014453545 4
1745160936716 0.0013995343 5
1745160937460 0.0013474448 6
1745160938208 0.0013630171 7
1745160938961 0.0013132105 0
1745160939711 0.0013387047 1
1745160940454 0.0012630775 2
1745160941212 0.0012398055 3
1745160941958 0.0011958354 4
1745160942718 0.0011663137 5
1745160943474 0.0011755496 6
1745160944224 0.0011732776 7
1745160944984 0.0011131166 0
1745160945731 0.0011591488 1
1745160946470 0.0011129443 2
1745160947236 0.0010700015 3
1745160948178 0.0010672971 4
1745160948928 0.0010891167 5
1745160949681 0.0010199071 6
1745160950446 0.0010022592 7
1745160951206 0.0010333137 0
1745160951956 0.0009803944 1
1745160952704 0.0009659314 2
1745160953456 0.0009573357 3
1745160954210 0.00091720466 4
1745160954957 0.0009085158 5
1745160955707 0.00091347285 6
1745160956466 0.0008925221 7
1745160957230 0.0008627791 0
1745160957981 0.00088915 1
1745160958730 0.0008656553 2
1745160959479 0.00086468365 3
1745160960232 0.00080949167 4
1745160960976 0.0008108426 5
1745160961721 0.0007986847 6
1745160962466 0.00077371567 7
1745160963224 0.0007883237 0
1745160963967 0.00075137394 1
1745160964717 0.0007753836 2
1745160965473 0.0007373484 3
1745160966224 0.0007431736 4
1745160966976 0.0007296833 5
1745160967716 0.00073718384 6
1745160968484 0.0007001063 7
1745160969254 0.000691185 0
1745160969997 0.00069409615 1
1745160970752 0.00068890915 2
1745160971500 0.0007168473 3
1745160972249 0.00065857056 4
1745160972993 0.00064082287 5
1745160973745 0.0006277576 6
1745160974490 0.00060904 7
1745160975269 0.0006205792 0
1745160976020 0.0006026707 1
1745160976776 0.0006140402 2
1745160977528 0.0006331953 3
1745160978278 0.0005868299 4
1745160979031 0.00057496614 5
1745160979785 0.00059346226 6
1745160980532 0.00057020294 7
1745160981295 0.00056422054 0
1745160982041 0.000560658 1
1745160982786 0.00054849515 2
1745160983533 0.00053565286 3
1745160984287 0.000540887 4
1745160985042 0.0005478579 5
1745160985793 0.0005265483 6
1745160986548 0.0005114578 7
1745160987303 0.0005246356 0
1745160988041 0.00051333033 1
1745160988794 0.0004953244 2
1745160989543 0.00047944224 3
1745160990307 0.00047879646 4
1745160991054 0.00047794956 5
1745160991847 0.0004936881 6
1745160992585 0.0004677205 7
1745160993350 0.00045604474 0
1745160994099 0.0004595349 1
1745160994855 0.00044286734 2
1745160995600 0.00044797742 3
1745160996345 0.00045954634 4
1745160997104 0.00043756756 5
1745160997857 0.00045200367 6
1745160998610 0.00043018148 7
1745160999366 0.0004212302 0
1745161000125 0.00042683014 1
1745161000869 0.00041790315 2
1745161001612 0.00042211227 3
1745161002359 0.00041631385 4
1745161003108 0.00039703754 5
1745161003860 0.00039201905 6
1745161004620 0.00038551915 7
1745161005381 0.00039874003 0
1745161006135 0.0003844259 1
1745161006880 0.00037717095 2
1745161007634 0.0003843615 3
1745161008380 0.00036825423 4
1745161009132 0.0003608489 5
1745161009879 0.0003741403 6
1745161010631 0.0003613609 7
1745161011391 0.00035761637 0
1745161012148 0.0003480193 1
1745161012904 0.0003540254 2
1745161013654 0.0003541792 3
1745161014405 0.0003338418 4
1745161015161 0.00033827833 5
1745161015916 0.00033496367 6
1745161016680 0.00036598623 7
1745161017439 0.0003373974 0
1745161018197 0.00032760293 1
1745161018943 0.00033302445 2
1745161019716 0.00032562308 3
1745161020504 0.00030898335 4
1745161021330 0.00031713166 5
1745161022135 0.0003327467 6
1745161022888 0.0003081073 7
1745161023742 0.00031386683 0
1745161024503 0.00031457486 1
1745161025261 0.00029807206 2
1745161026013 0.00029945676 3
1745161026769 0.00029769843 4
1745161027525 0.00029379228 5
1745161028280 0.00029084555 6
1745161029040 0.00029959125 7
1745161029801 0.00028928393 0
1745161030546 0.0002765702 1
1745161031293 0.00028836218 2
1745161032041 0.00027929607 3
1745161032790 0.0002775332 4
1745161033543 0.00027468687 5
1745161034298 0.00027866708 6
1745161035046 0.000261483 7
1745161035806 0.00026328655 0
1745161036553 0.00026346996 1
1745161037303 0.000261333 2
1745161038049 0.00025986854 3
1745161038806 0.0002556011 4
1745161039557 0.00025317774 5
1745161040305 0.00026405475 6
1745161041053 0.00025879688 7
1745161041807 0.00024957772 0
1745161042558 0.00024600813 1
1745161043309 0.00024264015 2
1745161044059 0.0002619735 3
1745161044809 0.0002439945 4
1745161045557 0.00025323217 5
1745161046306 0.0002381664 6
1745161047054 0.0002411077 7
1745161047822 0.00023968256 0
1745161048570 0.0002398764 1
1745161049325 0.00023499272 2
1745161050077 0.00022803698 3
1745161050823 0.00024150747 4
1745161051576 0.00023862536 5
1745161052330 0.00022314354 6
1745161053073 0.00022095574 7
1745161053834 0.00023868309 0
1745161054578 0.00021981193 1
1745161055328 0.00022078914 2
1745161056075 0.00022580168 3
1745161056832 0.0002156063 4
1745161057579 0.00021376481 5
1745161058329 0.00020904235 6
1745161059070 0.00021291625 7
1745161059824 0.00020699057 0
1745161060569 0.00021415834 1
1745161061318 0.0002092488 2
1745161062065 0.00021636205 3
1745161062813 0.00020479383 4
1745161063559 0.00020509193 5
1745161064310 0.00020545459 6
1745161065062 0.00019267711 7
1745161065823 0.00020031136 0
1745161066573 0.0001964081 1
1745161067322 0.00018954351 2
1745161068078 0.00019583471 3
1745161068819 0.00019449255 4
1745161069572 0.00019271295 5
1745161070325 0.00019548975 6
1745161071075 0.00020708403 7
1745161071836 0.00020606561 0
1745161072575 0.00018811322 1
1745161073328 0.00018847862 2
1745161074071 0.00018001121 3
1745161074811 0.00018481261 4
1745161075576 0.00018678447 5
1745161076332 0.0001829553 6
1745161077079 0.00017648152 7
1745161077837 0.00017730978 0
1745161078593 0.00018034525 1
1745161079344 0.00017595287 2
1745161080093 0.00019086635 3
1745161080847 0.00017642784 4
1745161081596 0.00017225869 5
1745161082340 0.00017723336 6
1745161083086 0.00017126896 7
1745161083845 0.00017558176 0
1745161084596 0.00017042355 1
1745161085337 0.0001721226 2
1745161086087 0.00016896255 3
1745161086828 0.00016380374 4
1745161087585 0.00018133243 5
1745161088335 0.00016244859 6
1745161089080 0.00016233645 7
1745161089828 0.00016878755 0
1745161090575 0.00016187817 1
1745161091321 0.00016745509 2
1745161092076 0.00015813536 3
1745161092835 0.00015317122 4
1745161093580 0.00015737841 5
1745161094327 0.00015642159 6
1745161095067 0.00015604272 7
1745161095840 0.00015766743 0
1745161096591 0.0001545137 1
1745161097349 0.00015345754 2
1745161098092 0.0001657156 3
1745161098936 0.00015185893 4
1745161099685 0.00015375295 5
1745161100430 0.00014843758 6
1745161101178 0.00014908776 7
1745161101935 0.00014704884 0
1745161102681 0.00014517606 1
1745161103429 0.00015139635 2
1745161104176 0.00015586893 3
1745161104927 0.00014092543 4
1745161105696 0.00013884577 5
1745161106450 0.00014965676 6
1745161107190 0.00014570032 7
1745161107952 0.00014005175 0
1745161108702 0.00013967426 1
1745161109444 0.00013763044 2
1745161110196 0.00013955632 3
1745161110969 0.00013646664 4
1745161111718 0.00014344347 5
1745161112463 0.00014467913 6
1745161113208 0.00013602558 7
1745161113979 0.00013255054 0
1745161114739 0.00014019656 1
1745161115491 0.00013366003 2
1745161116241 0.00013136148 3
1745161116989 0.00013025168 4
1745161117752 0.00013539543 5
1745161118495 0.00012952088 6
1745161119239 0.00012623475 7
1745161120001 0.00013296313 0
1745161120739 0.000127782 1
1745161121486 0.00012615569 2
1745161122231 0.00013079046 3
1745161122984 0.00013030466 4
1745161123742 0.00013705353 5
1745161124487 0.0001272324 6
1745161125234 0.00012096169 7
1745161125997 0.00012992449 0
1745161126751 0.00012577293 1
1745161127490 0.00012281541 2
1745161128248 0.000121416655 3
1745161128997 0.00012842042 4
1745161129750 0.00012013632 5
1745161130496 0.00011955643 6
1745161131238 0.000121854006 7
1745161131988 0.00012086379 0
1745161132734 0.00012131354 1
1745161133479 0.00011990526 2
1745161134225 0.0001132907 3
1745161134974 0.00011821607 4
1745161135727 0.00011746851 5
1745161136477 0.00012547265 6
1745161137233 0.00011436798 7
1745161137993 0.00012299333 0
1745161138749 0.00011824026 1
1745161139496 0.00011646698 2
1745161140246 0.000110518726 3
1745161141005 0.00011374298 4
1745161141755 0.00011064302 5
1745161142504 0.000113808506 6
1745161143256 0.000109304165 7
1745161144020 0.00011273757 0
1745161144782 0.000118927186 1
1745161145546 0.00010776876 2
1745161146299 0.00010987087 3
1745161147049 0.000110321926 4
1745161147796 0.00010778002 5
1745161148549 0.00010576281 6
1745161149292 0.00010913219 7
1745161150050 0.00010557206 0
1745161150800 0.00010278422 1
1745161151558 0.0001037726 2
1745161152304 0.00010504658 3
1745161153056 0.000117567935 4
1745161153804 0.00010727146 5
1745161154561 0.0001010473 6
1745161155310 0.000104739745 7
1745161156080 0.000109098924 0
1745161156837 0.00010244468 1
1745161157592 0.000106882464 2
1745161158339 0.00010237738 3
1745161159090 0.00010250653 4
1745161159839 9.88974e-05 5
1745161160600 0.00010062152 6
1745161161353 9.734358e-05 7
1745161162112 9.7296244e-05 0
1745161162865 0.00010172693 1
1745161163618 9.642089e-05 2
1745161164362 0.000102059734 3
1745161165120 9.515985e-05 4
1745161165865 9.832218e-05 5
1745161166622 9.8214434e-05 6
1745161167375 0.0001010077 7
1745161168134 9.639541e-05 0
1745161168884 0.00010091037 1
1745161169632 9.449726e-05 2
1745161170386 9.307798e-05 3
1745161171135 0.000101781596 4
1745161171892 9.585971e-05 5
1745161172641 9.124994e-05 6
1745161173397 9.13862e-05 7
1745161174257 9.282629e-05 0
1745161175016 8.934e-05 1
1745161175771 0.00010090176 2
1745161176519 9.4120915e-05 3
1745161177263 8.90829e-05 4
1745161178018 9.034161e-05 5
1745161178769 8.806878e-05 6
1745161179515 9.1834634e-05 7
1745161180279 8.786179e-05 0
1745161181033 8.7551765e-05 1
1745161181784 8.508905e-05 2
1745161182550 8.7506094e-05 3
1745161183299 9.527432e-05 4
1745161184056 8.984388e-05 5
1745161184813 9.062226e-05 6
1745161185576 8.854318e-05 7
1745161186338 8.8334964e-05 0
1745161187086 8.329685e-05 1
1745161187839 8.578638e-05 2
1745161188598 8.95824e-05 3
1745161189351 8.3945444e-05 4
1745161190097 9.200748e-05 5
1745161190851 8.589457e-05 6
1745161191607 8.31372e-05 7
1745161192368 8.373397e-05 0
1745161193119 8.169186e-05 1
1745161193875 8.5806896e-05 2
1745161194637 7.888935e-05 3
1745161195388 8.259053e-05 4
1745161196141 8.990493e-05 5
1745161196892 8.2115956e-05 6
1745161197644 8.34079e-05 7
1745161198402 8.1152066e-05 0
1745161199146 7.9960795e-05 1
1745161199896 7.9084326e-05 2
1745161200658 8.118334e-05 3
1745161201408 7.910138e-05 4
1745161202157 8.890631e-05 5
1745161202903 8.0123355e-05 6
1745161203658 7.6925804e-05 7
1745161204425 7.9147096e-05 0
1745161205178 8.021882e-05 1
1745161205932 7.867409e-05 2
1745161206683 7.4881e-05 3
1745161207448 7.6768316e-05 4
1745161208196 7.913737e-05 5
1745161208942 7.885233e-05 6
1745161209697 7.555522e-05 7
1745161210464 7.7023025e-05 0
1745161211225 7.516691e-05 1
1745161211982 7.2754e-05 2
1745161212738 8.478007e-05 3
1745161213486 7.5492935e-05 4
1745161214233 7.663022e-05 5
1745161214981 7.3537165e-05 6
1745161215730 7.621895e-05 7
1745161216496 7.609855e-05 0
1745161217250 7.3256575e-05 1
1745161218021 7.3011564e-05 2
1745161218775 7.295448e-05 3
1745161219521 7.379247e-05 4
1745161220271 7.883514e-05 5
1745161221018 7.2873154e-05 6
1745161221771 7.060677e-05 7
1745161222530 7.1338975e-05 0
1745161223278 8.102744e-05 1
1745161224038 7.1451075e-05 2
1745161224795 7.199929e-05 3
1745161225548 6.873288e-05 4
1745161226298 7.064345e-05 5
1745161227047 7.186016e-05 6
1745161227798 7.104463e-05 7
1745161228562 7.029402e-05 0
1745161229314 7.0822716e-05 1
1745161230061 7.121134e-05 2
1745161230813 6.7132234e-05 3
1745161231576 7.783731e-05 4
1745161232334 6.750623e-05 5
1745161233081 6.760215e-05 6
1745161233822 6.932105e-05 7
1745161234583 6.830027e-05 0
1745161235333 7.0006914e-05 1
1745161236078 6.757499e-05 2
1745161236830 6.4704655e-05 3
1745161237589 7.003459e-05 4
1745161238349 7.293362e-05 5
1745161239103 6.9096284e-05 6
1745161239843 6.525468e-05 7
1745161240602 6.860597e-05 0
1745161241361 6.449464e-05 1
1745161242116 7.1404436e-05 2
1745161242869 6.3730586e-05 3
1745161243626 6.608854e-05 4
1745161244378 6.499678e-05 5
1745161245126 6.4535525e-05 6
1745161245872 6.653001e-05 7
1745161246634 6.5115804e-05 0
1745161247387 6.431046e-05 1
1745161248136 6.5221415e-05 2
1745161248885 6.450171e-05 3
1745161249730 6.368687e-05 4
1745161250484 6.1615116e-05 5
1745161251236 6.3838736e-05 6
1745161251990 6.991062e-05 7
1745161252757 6.204283e-05 0
1745161253520 6.133002e-05 1
1745161254272 6.283798e-05 2
1745161255025 6.5006956e-05 3
1745161255772 6.1793304e-05 4
1745161256526 6.3326625e-05 5
1745161257277 6.813576e-05 6
1745161258030 6.183186e-05 7
1745161258792 6.0392835e-05 0
1745161259546 6.288868e-05 1
1745161260299 6.683286e-05 2
1745161261048 6.2711675e-05 3
1745161261796 6.0420574e-05 4
1745161262552 6.0437844e-05 5
1745161263303 5.8878188e-05 6
1745161264052 5.9329053e-05 7
1745161264816 6.0997798e-05 0
1745161265576 6.0187933e-05 1
1745161266321 6.0780956e-05 2
1745161267076 5.7326844e-05 3
1745161267829 5.9471044e-05 4
1745161268586 5.8579804e-05 5
1745161269340 6.4442655e-05 6
1745161270094 5.9268103e-05 7
1745161270854 5.7836423e-05 0
1745161271611 5.9869082e-05 1
1745161272379 6.421779e-05 2
1745161273130 5.9654572e-05 3
1745161273878 5.6935787e-05 4
1745161274634 5.781965e-05 5
1745161275385 5.7515328e-05 6
1745161276136 5.805073e-05 7
1745161276895 5.5191933e-05 0
1745161277644 5.6393128e-05 1
1745161278396 5.6947792e-05 2
1745161279144 5.6538556e-05 3
1745161279899 5.8975576e-05 4
1745161280658 5.6733585e-05 5
1745161281405 6.167164e-05 6
1745161282158 5.7707985e-05 7
1745161282927 5.4883873e-05 0
1745161283677 5.517753e-05 1
1745161284420 6.0471997e-05 2
1745161285162 5.6617315e-05 3
1745161285913 5.672154e-05 4
1745161286658 5.3881056e-05 5
1745161287405 5.4565553e-05 6
1745161288162 5.629128e-05 7
1745161288926 5.3220527e-05 0
1745161289682 5.4710425e-05 1
1745161290441 5.909964e-05 2
1745161291189 5.3160165e-05 3
1745161291943 5.3235348e-05 4
1745161292691 5.635403e-05 5
1745161293443 5.560114e-05 6
1745161294199 5.3757358e-05 7
1745161294961 5.3571493e-05 0
1745161295706 5.9152706e-05 1
1745161296460 5.342707e-05 2
1745161297212 5.204354e-05 3
1745161297966 5.278921e-05 4
1745161298714 5.398953e-05 5
1745161299465 5.4314572e-05 6
1745161300222 5.2149386e-05 7
1745161300981 5.1563406e-05 0
1745161301738 5.13146e-05 1
1745161302493 5.3306394e-05 2
1745161303239 5.1830717e-05 3
1745161304001 5.8586076e-05 4
1745161304752 5.15428e-05 5
1745161305497 5.115768e-05 6
1745161306249 5.2102525e-05 7
1745161307017 5.1223218e-05 0
1745161307761 5.283256e-05 1
1745161308511 5.1680752e-05 2
1745161309259 5.2035077e-05 3
1745161310003 4.8372243e-05 4
1745161310760 5.636454e-05 5
1745161311511 5.0252278e-05 6
1745161312260 4.8676437e-05 7
1745161313021 4.7861264e-05 0
1745161313768 5.129008e-05 1
1745161314508 5.0114126e-05 2
1745161315256 4.9558945e-05 3
1745161316004 5.1563773e-05 4
1745161316751 4.8208025e-05 5
1745161317499 5.3821925e-05 6
1745161318254 4.9181857e-05 7
1745161319011 4.996033e-05 0
1745161319785 5.005719e-05 1
1745161320562 4.843455e-05 2
1745161321349 5.390212e-05 3
1745161322107 4.7250247e-05 4
1745161322862 4.8019563e-05 5
1745161323626 4.7883314e-05 6
1745161324379 4.823746e-05 7
1745161325238 4.9517446e-05 0
1745161325990 4.8332713e-05 1
1745161326736 4.6071542e-05 2
1745161327489 5.2468506e-05 3
1745161328231 4.891725e-05 4
1745161328984 4.666477e-05 5
1745161329731 4.788541e-05 6
1745161330486 4.6657693e-05 7
1745161331249 4.7164955e-05 0
1745161332005 4.6037476e-05 1
1745161332760 4.7048856e-05 2
1745161333515 4.5295794e-05 3
1745161334271 4.859971e-05 4
1745161335013 5.1193383e-05 5
1745161335760 4.4962613e-05 6
1745161336514 4.5959157e-05 7
1745161337280 4.6366957e-05 0
1745161338040 4.4495926e-05 1
1745161338797 4.4701683e-05 2
1745161339552 4.7291036e-05 3
1745161340309 4.5818193e-05 4
1745161341057 4.581298e-05 5
1745161341803 4.6722766e-05 6
1745161342554 4.5746718e-05 7
1745161343320 4.508364e-05 0
1745161344070 4.6110286e-05 1
1745161344821 4.430239e-05 2
1745161345574 4.936963e-05 3
1745161346320 4.5980072e-05 4
1745161347066 4.470255e-05 5
1745161347812 4.5347297e-05 6
1745161348561 4.2468062e-05 7
1745161349329 4.4160817e-05 0
1745161350083 4.589821e-05 1
1745161350835 4.4857537e-05 2
1745161351581 4.30535e-05 3
1745161352332 4.2813892e-05 4
1745161353080 4.4474058e-05 5
1745161353827 4.213092e-05 6
1745161354574 4.7663492e-05 7
1745161355337 4.603135e-05 0
1745161356084 4.7524485e-05 1
1745161356842 4.215838e-05 2
1745161357598 4.3775395e-05 3
1745161358357 4.247752e-05 4
1745161359125 4.454037e-05 5
1745161359869 4.2355958e-05 6
1745161360628 4.2852185e-05 7
1745161361391 4.4670873e-05 0
1745161362142 4.1682248e-05 1
1745161362885 4.7794187e-05 2
1745161363634 4.126369e-05 3
1745161364390 4.088851e-05 4
1745161365140 4.302055e-05 5
1745161365900 4.212015e-05 6
1745161366649 4.153663e-05 7
1745161367409 4.01867e-05 0
1745161368160 4.631516e-05 1
1745161368913 4.104942e-05 2
1745161369668 4.2649448e-05 3
1745161370422 4.183778e-05 4
1745161371176 4.125201e-05 5
1745161371921 4.1370058e-05 6
1745161372670 4.0612544e-05 7
1745161373432 4.177375e-05 0
1745161374182 4.6104007e-05 1
1745161374933 3.9002436e-05 2
1745161375685 4.1032235e-05 3
1745161376438 4.1729283e-05 4
1745161377189 4.0878123e-05 5
1745161377934 3.9310533e-05 6
1745161378696 3.9672508e-05 7
1745161379448 4.032375e-05 0
1745161380207 3.981299e-05 1
1745161380956 4.4485267e-05 2
1745161381709 3.903364e-05 3
1745161382466 4.0226918e-05 4
1745161383218 3.9021044e-05 5
1745161383973 3.8802587e-05 6
1745161384715 3.9948183e-05 7
1745161385473 4.074954e-05 0
1745161386226 3.9628776e-05 1
1745161386973 3.900209e-05 2
1745161387721 3.8412876e-05 3
1745161388469 3.9036055e-05 4
1745161389217 4.3965738e-05 5
1745161389968 3.989007e-05 6
1745161390719 3.887862e-05 7
1745161391477 3.8838323e-05 0
1745161392228 3.962657e-05 1
1745161392980 3.75713e-05 2
1745161393719 3.8667167e-05 3
1745161394478 3.7983842e-05 4
1745161395235 3.8910122e-05 5
1745161395997 3.868133e-05 6
1745161396742 4.2570402e-05 7
1745161397510 3.8789443e-05 0
1745161398270 3.7810496e-05 1
1745161399012 3.90931e-05 2
1745161399760 4.1861313e-05 3
1745161400608 3.8405604e-05 4
1745161401368 3.6043064e-05 5
1745161402124 3.7288035e-05 6
1745161402873 3.8338138e-05 7
1745161403643 4.163013e-05 0
1745161404403 3.7494243e-05 1
1745161405160 3.7389233e-05 2
1745161405909 3.8113725e-05 3
1745161406658 3.7603557e-05 4
1745161407411 3.5786266e-05 5
1745161408161 3.6621845e-05 6
1745161408911 3.6165642e-05 7
1745161409669 3.6188296e-05 0
1745161410416 3.5444144e-05 1
1745161411167 3.8172286e-05 2
1745161411917 3.562289e-05 3
1745161412670 3.7014328e-05 4
1745161413422 3.768755e-05 5
1745161414174 3.65334e-05 6
1745161414935 4.066827e-05 7
1745161415686 3.990336e-05 0
1745161416440 3.726065e-05 1
1745161417198 3.6254994e-05 2
1745161417953 3.540458e-05 3
1745161418711 3.4586767e-05 4
1745161419454 3.4697667e-05 5
1745161420199 3.4735516e-05 6
1745161420949 3.607047e-05 7
1745161421711 3.9312625e-05 0
1745161422459 3.6814206e-05 1
1745161423210 3.493584e-05 2
1745161423959 3.5581816e-05 3
1745161424704 3.5350164e-05 4
1745161425443 3.4984976e-05 5
1745161426189 3.4636014e-05 6
1745161426941 3.449929e-05 7
1745161427714 3.4757435e-05 0
1745161428457 3.7921647e-05 1
1745161429207 3.509485e-05 2
1745161429945 3.560881e-05 3
1745161430697 3.4539575e-05 4
1745161431441 3.4979214e-05 5
1745161432184 3.4299585e-05 6
1745161432931 3.4150904e-05 7
1745161433687 3.413183e-05 0
1745161434429 3.39702e-05 1
1745161435173 3.3156757e-05 2
1745161435920 3.385528e-05 3
1745161436671 3.5415942e-05 4
1745161437413 3.4430865e-05 5
1745161438163 3.3570588e-05 6
1745161438909 3.753379e-05 7
1745161439671 3.2896653e-05 0
1745161440414 3.4223216e-05 1
1745161441172 3.664712e-05 2
1745161441923 3.4062738e-05 3
1745161442667 3.410118e-05 4
1745161443419 3.3755197e-05 5
1745161444169 3.2503627e-05 6
1745161444923 3.3978722e-05 7
1745161445672 3.200432e-05 0
1745161446424 3.434138e-05 1
1745161447158 3.3109598e-05 2
1745161447906 3.2047694e-05 3
1745161448649 3.3199038e-05 4
1745161449397 3.4261553e-05 5
1745161450142 3.697659e-05 6
1745161450894 3.24957e-05 7
1745161451653 3.2202952e-05 0
1745161452398 3.3682252e-05 1
1745161453146 3.1752697e-05 2
1745161453906 3.2042637e-05 3
1745161454651 3.135582e-05 4
1745161455398 3.2483305e-05 5
1745161456146 3.7105132e-05 6
1745161456891 3.30009e-05 7
1745161457649 3.143939e-05 0
1745161458394 3.268858e-05 1
1745161459144 3.252772e-05 2
1745161459903 3.532793e-05 3
1745161460652 3.1900778e-05 4
1745161461402 3.1164036e-05 5
1745161462154 3.2014177e-05 6
1745161462908 3.1684063e-05 7
1745161463664 3.1022944e-05 0
1745161464403 3.112042e-05 1
1745161465147 3.132821e-05 2
1745161465898 3.1475585e-05 3
1745161466645 3.1672873e-05 4
1745161467398 3.2315776e-05 5
1745161468141 3.1016e-05 6
1745161468887 3.5190627e-05 7
1745161469657 3.0211433e-05 0
1745161470405 3.1406147e-05 1
1745161471162 3.5632896e-05 2
1745161471912 3.057842e-05 3
1745161472665 3.0887382e-05 4
1745161473414 3.063632e-05 5
1745161474168 3.0823423e-05 6
1745161474908 3.0869196e-05 7
1745161475766 2.9662599e-05 0
1745161476510 3.0431018e-05 1
1745161477258 3.0245135e-05 2
1745161478010 3.041409e-05 3
1745161478761 3.0425539e-05 4
1745161479510 3.030169e-05 5
1745161480273 3.129388e-05 6
1745161481019 2.9862686e-05 7
1745161481782 2.9199335e-05 0
1745161482524 3.341099e-05 1
1745161483272 3.125576e-05 2
1745161484023 3.150299e-05 3
1745161484780 2.9795605e-05 4
1745161485523 2.9611945e-05 5
1745161486271 2.9781197e-05 6
1745161487019 2.9359191e-05 7
1745161487776 3.0001704e-05 0
1745161488527 2.9322398e-05 1
1745161489273 2.9094532e-05 2
1745161490026 2.8553064e-05 3
1745161490781 2.9762077e-05 4
1745161491528 3.3540902e-05 5
1745161492276 2.9610399e-05 6
1745161493025 2.9818953e-05 7
1745161493781 2.8850875e-05 0
1745161494529 2.8629738e-05 1
1745161495277 2.985801e-05 2
1745161496036 2.8125576e-05 3
1745161496774 2.9803377e-05 4
1745161497525 2.9107046e-05 5
1745161498272 2.947566e-05 6
1745161499018 2.868601e-05 7
1745161499773 2.9179706e-05 0
1745161500526 2.8178645e-05 1
1745161501269 2.9197923e-05 2
1745161502013 2.7798162e-05 3
1745161502756 2.8769628e-05 4
1745161503515 2.8689541e-05 5
1745161504261 2.8382929e-05 6
1745161505008 3.1901855e-05 7
1745161505760 2.8319924e-05 0
1745161506509 2.8510914e-05 1
1745161507256 2.9295667e-05 2
1745161508015 2.7711187e-05 3
1745161508769 2.7495726e-05 4
1745161509529 2.7527041e-05 5
1745161510276 3.060927e-05 6
1745161511027 2.9229273e-05 7
1745161511780 2.7424201e-05 0
1745161512533 2.921961e-05 1
1745161513276 2.7365502e-05 2
1745161514029 3.0978044e-05 3
1745161514777 2.8359333e-05 4
1745161515537 2.7389406e-05 5
1745161516289 2.6873553e-05 6
1745161517039 2.7979659e-05 7
1745161517793 2.674252e-05 0
1745161518543 2.796367e-05 1
1745161519298 2.6391248e-05 2
1745161520042 2.7204098e-05 3
1745161520796 2.8021954e-05 4
1745161521543 3.0309639e-05 5
1745161522301 2.7155897e-05 6
1745161523045 2.8308245e-05 7
1745161523802 2.6334148e-05 0
1745161524554 2.6910935e-05 1
1745161525312 3.1182426e-05 2
1745161526058 2.6242913e-05 3
1745161526806 2.7490181e-05 4
1745161527558 2.7023558e-05 5
1745161528305 2.5586434e-05 6
1745161529064 2.7554528e-05 7
1745161529844 2.750087e-05 0
1745161530600 2.6132524e-05 1
1745161531351 2.676579e-05 2
1745161532096 2.6519701e-05 3
1745161532847 2.632076e-05 4
1745161533589 2.657892e-05 5
1745161534335 2.6127149e-05 6
1745161535080 2.6511589e-05 7
1745161535837 2.6388418e-05 0
1745161536585 2.5746205e-05 1
1745161537341 2.5979145e-05 2
1745161538087 2.665321e-05 3
1745161538832 2.874245e-05 4
1745161539579 2.591432e-05 5
1745161540330 2.6912192e-05 6
1745161541074 2.556198e-05 7
1745161541832 2.677249e-05 0
1745161542581 2.5453242e-05 1
1745161543331 2.5817844e-05 2
1745161544085 2.5255129e-05 3
1745161544842 2.4606856e-05 4
1745161545588 2.5415682e-05 5
1745161546339 2.954544e-05 6
1745161547084 2.6142092e-05 7
1745161547839 2.5754922e-05 0
1745161548587 2.616285e-05 1
1745161549334 2.5358846e-05 2
1745161550084 2.5225776e-05 3
1745161550919 2.514849e-05 4
1745161551674 2.58877e-05 5
1745161552423 2.4331179e-05 6
1745161553175 2.4942348e-05 7
1745161553938 2.3950595e-05 0
1745161554689 2.5240515e-05 1
1745161555432 2.5066141e-05 2
1745161556183 2.5334484e-05 3
1745161556928 2.8450855e-05 4
1745161557673 2.4731315e-05 5
1745161558418 2.5308273e-05 6
1745161559165 2.4932486e-05 7
1745161559924 2.4614523e-05 0
1745161560676 2.4845393e-05 1
1745161561426 2.4259538e-05 2
1745161562172 2.5678753e-05 3
1745161562917 2.4644407e-05 4
1745161563661 2.4074783e-05 5
1745161564406 2.7486805e-05 6
1745161565164 2.4177685e-05 7
1745161565924 2.5200336e-05 0
1745161566680 2.4097462e-05 1
1745161567424 2.4831845e-05 2
1745161568174 2.8304103e-05 3
1745161568921 2.453914e-05 4
1745161569666 2.4480747e-05 5
1745161570413 2.3536311e-05 6
1745161571158 2.3283212e-05 7
1745161571915 2.4649393e-05 0
1745161572664 2.441508e-05 1
1745161573423 2.4225174e-05 2
1745161574179 2.6778405e-05 3
1745161574931 2.322822e-05 4
1745161575678 2.4337278e-05 5
1745161576421 2.4277908e-05 6
1745161577170 2.3364653e-05 7
1745161577931 2.3703296e-05 0
1745161578676 2.4148216e-05 1
1745161579424 2.3849863e-05 2
1745161580169 2.3281562e-05 3
1745161580922 2.4064952e-05 4
1745161581673 2.3105253e-05 5
1745161582439 2.4099596e-05 6
1745161583187 2.2996364e-05 7
1745161583968 2.2784183e-05 0
1745161584720 2.3408938e-05 1
1745161585477 2.3068555e-05 2
1745161586226 2.3006705e-05 3
1745161586986 2.6946258e-05 4
1745161587733 2.3398698e-05 5
1745161588475 2.3444714e-05 6
1745161589219 2.3861041e-05 7
1745161589986 2.4270952e-05 0
1745161590732 2.2241516e-05 1
1745161591483 2.2925109e-05 2
1745161592231 2.2492091e-05 3
1745161592990 2.2517208e-05 4
1745161593737 2.3350962e-05 5
1745161594489 2.314603e-05 6
1745161595234 2.2570553e-05 7
1745161596000 2.2100003e-05 0
1745161596758 2.3116374e-05 1
1745161597509 2.3357328e-05 2
1745161598251 2.574549e-05 3
1745161599010 2.2638678e-05 4
1745161599756 2.3022783e-05 5
1745161600510 2.2496994e-05 6
1745161601249 2.2908773e-05 7
1745161602008 2.6281215e-05 0
1745161602761 2.280489e-05 1
1745161603514 2.2400922e-05 2
1745161604267 2.2978616e-05 3
1745161605024 2.1945463e-05 4
1745161605780 2.1440193e-05 5
1745161606527 2.2529372e-05 6
1745161607281 2.1896927e-05 7
1745161608046 2.2476193e-05 0
1745161608798 2.2996504e-05 1
1745161609542 2.531751e-05 2
1745161610295 2.2015203e-05 3
1745161611044 2.2359029e-05 4
1745161611789 2.0847387e-05 5
1745161612543 2.2206465e-05 6
1745161613289 2.1512127e-05 7
1745161614050 2.182186e-05 0
1745161614803 2.4755866e-05 1
1745161615552 2.1894302e-05 2
1745161616304 2.1844677e-05 3
1745161617057 2.1413312e-05 4
1745161617813 2.2753718e-05 5
1745161618569 2.0902826e-05 6
1745161619315 2.1262791e-05 7
1745161620071 2.1976304e-05 0
1745161620827 2.0956677e-05 1
1745161621591 2.187653e-05 2
1745161622331 2.1308564e-05 3
1745161623084 2.176429e-05 4
1745161623839 2.4502573e-05 5
1745161624586 2.1590768e-05 6
1745161625326 2.0971089e-05 7
1745161626171 2.226337e-05 0
1745161627023 2.0927726e-05 1
1745161627764 2.425981e-05 2
1745161628513 2.1474581e-05 3
1745161629266 2.0514899e-05 4
1745161630022 2.1113194e-05 5
1745161630776 2.1011218e-05 6
1745161631520 2.0520654e-05 7
1745161632291 2.07872e-05 0
1745161633048 2.4515624e-05 1
1745161633793 2.075247e-05 2
1745161634537 2.0952744e-05 3
1745161635281 2.1064248e-05 4
1745161636036 2.0492402e-05 5
1745161636785 2.0392243e-05 6
1745161637539 2.0925781e-05 7
1745161638300 2.1301343e-05 0
1745161639047 2.2543409e-05 1
1745161639798 2.108092e-05 2
1745161640545 2.0881078e-05 3
1745161641286 2.0157122e-05 4
1745161642032 2.0481257e-05 5
1745161642778 2.0444475e-05 6
1745161643520 2.1377458e-05 7
1745161644286 2.1032612e-05 0
1745161645033 2.0604468e-05 1
1745161645794 2.001771e-05 2
1745161646537 2.049468e-05 3
1745161647289 2.049248e-05 4
1745161648034 2.2815688e-05 5
1745161648794 2.0528094e-05 6
1745161649545 2.015166e-05 7
1745161650296 2.1004551e-05 0
1745161651046 2.0683716e-05 1
1745161651797 1.9725347e-05 2
1745161652551 1.9448076e-05 3
1745161653299 2.2607644e-05 4
1745161654056 2.069077e-05 5
1745161654815 2.0244977e-05 6
1745161655563 1.9901692e-05 7
1745161656315 1.9904788e-05 0
1745161657056 1.9883219e-05 1
1745161657806 1.961534e-05 2
1745161658550 2.2368778e-05 3
1745161659294 2.0036965e-05 4
1745161660051 1.9147474e-05 5
1745161660804 2.0177886e-05 6
1745161661550 2.0560068e-05 7
1745161662303 1.9524201e-05 0
1745161663051 1.9840098e-05 1
1745161663795 1.9101393e-05 2
1745161664542 1.9648798e-05 3
1745161665290 2.3078763e-05 4
1745161666038 1.9470794e-05 5
1745161666791 1.898318e-05 6
1745161667545 2.0417545e-05 7
1745161668301 1.8929479e-05 0
1745161669053 1.9203635e-05 1
1745161669803 1.986775e-05 2
1745161670557 1.9409823e-05 3
1745161671310 1.9535117e-05 4
1745161672060 1.9999845e-05 5
1745161672806 1.9061825e-05 6
1745161673555 1.8683899e-05 7
1745161674316 1.845242e-05 0
1745161675059 2.1582626e-05 1
1745161675809 1.9365523e-05 2
1745161676556 1.891971e-05 3
1745161677301 1.9531562e-05 4
1745161678055 1.9073354e-05 5
1745161678808 1.9230227e-05 6
1745161679570 1.9950054e-05 7
1745161680337 1.8555958e-05 0
1745161681086 2.1559958e-05 1
1745161681835 1.9213687e-05 2
1745161682586 1.922093e-05 3
1745161683340 1.8919465e-05 4
1745161684080 1.8634457e-05 5
1745161684835 1.8422254e-05 6
1745161685579 1.9042918e-05 7
1745161686342 1.8892297e-05 0
1745161687091 1.7844402e-05 1
1745161687844 1.8576968e-05 2
1745161688597 1.8477791e-05 3
1745161689344 1.934281e-05 4
1745161690092 1.9576411e-05 5
1745161690846 2.0315721e-05 6
1745161691596 1.8328241e-05 7
1745161692354 1.851076e-05 0
1745161693104 2.105457e-05 1
1745161693864 1.8465102e-05 2
1745161694614 1.7933478e-05 3
1745161695372 1.8855524e-05 4
1745161696123 1.8778781e-05 5
1745161696868 1.8485334e-05 6
1745161697611 1.8717868e-05 7
1745161698377 2.0761023e-05 0
1745161699137 1.825329e-05 1
1745161699886 1.8740257e-05 2
1745161700637 1.7703498e-05 3
1745161701473 1.8408089e-05 4
1745161702219 1.8178933e-05 5
1745161702969 1.78087e-05 6
1745161703719 1.9051364e-05 7
1745161704476 2.0202122e-05 0
1745161705220 1.8293065e-05 1
1745161705970 1.918782e-05 2
1745161706719 1.75397e-05 3
1745161707469 1.8359939e-05 4
1745161708220 1.775901e-05 5
1745161708966 1.7931708e-05 6
1745161709718 1.7331191e-05 7
1745161710481 1.7475679e-05 0
1745161711233 1.8212175e-05 1
1745161711979 2.0174266e-05 2
1745161712728 1.809431e-05 3
1745161713478 1.9052022e-05 4
1745161714230 1.7412895e-05 5
1745161714981 1.8125984e-05 6
1745161715736 1.650651e-05 7
1745161716496 1.7854081e-05 0
1745161717241 1.8460041e-05 1
1745161717992 1.7791359e-05 2
1745161718741 1.6751472e-05 3
1745161719498 1.9285366e-05 4
1745161720254 1.7349017e-05 5
1745161720999 1.7833612e-05 6
1745161721737 1.7584343e-05 7
1745161722503 1.7531038e-05 0
1745161723247 1.7612032e-05 1
1745161723993 1.7378752e-05 2
1745161724743 1.8151675e-05 3
1745161725490 1.7281012e-05 4
1745161726242 1.7402437e-05 5
1745161726990 1.9994244e-05 6
1745161727744 1.6389324e-05 7
1745161728502 1.665938e-05 0
1745161729254 1.6841372e-05 1
1745161730005 1.6845692e-05 2
1745161730747 1.7097393e-05 3
1745161731495 1.7036211e-05 4
1745161732251 1.8029985e-05 5
1745161732999 1.8211309e-05 6
1745161733753 1.6656517e-05 7
1745161734511 1.7311635e-05 0
1745161735269 1.749715e-05 1
1745161736022 1.6857985e-05 2
1745161736770 1.9427393e-05 3
1745161737533 1.7061351e-05 4
1745161738288 1.6498392e-05 5
1745161739039 1.6580478e-05 6
1745161739787 1.6283873e-05 7
1745161740550 1.7551185e-05 0
1745161741302 1.6563896e-05 1
1745161742058 1.9061143e-05 2
1745161742807 1.654066e-05 3
1745161743553 1.6619222e-05 4
1745161744299 1.6496571e-05 5
1745161745046 1.7042226e-05 6
1745161745794 1.68154e-05 7
1745161746544 1.6751519e-05 0
1745161747299 1.596732e-05 1
1745161748052 1.6734037e-05 2
1745161748797 1.8945088e-05 3
1745161749543 1.705893e-05 4
1745161750303 1.6835598e-05 5
1745161751050 1.678289e-05 6
1745161751796 1.6381715e-05 7
1745161752553 1.5780242e-05 0
1745161753303 1.611908e-05 1
1745161754059 1.9034398e-05 2
1745161754807 1.6878073e-05 3
1745161755555 1.6217435e-05 4
1745161756306 1.5993684e-05 5
1745161757064 1.6514086e-05 6
1745161757804 1.635132e-05 7
1745161758571 1.6451315e-05 0
1745161759319 1.822486e-05 1
1745161760065 1.5725685e-05 2
1745161760805 1.6631513e-05 3
1745161761555 1.6007765e-05 4
1745161762302 1.6066242e-05 5
1745161763057 1.5977628e-05 6
1745161763811 1.6672273e-05 7
1745161764564 1.6548289e-05 0
1745161765316 1.8089988e-05 1
1745161766070 1.6133099e-05 2
1745161766813 1.5847054e-05 3
1745161767563 1.6327578e-05 4
1745161768309 1.559562e-05 5
1745161769062 1.652505e-05 6
1745161769828 1.5627762e-05 7
1745161770588 1.5824964e-05 0
1745161771336 1.557952e-05 1
1745161772087 1.7763283e-05 2
1745161772833 1.6040054e-05 3
1745161773581 1.5667245e-05 4
1745161774372 1.5871454e-05 5
1745161775121 1.5664482e-05 6
1745161775886 1.5951557e-05 7
1745161776742 1.5497455e-05 0
1745161777484 1.5643716e-05 1
1745161778242 1.6155336e-05 2
1745161778987 1.523762e-05 3
1745161779730 1.5551404e-05 4
1745161780480 1.7754857e-05 5
1745161781236 1.568392e-05 6
1745161781977 1.5791817e-05 7
1745161782734 1.5579062e-05 0
1745161783479 1.5594602e-05 1
1745161784224 1.5185728e-05 2
1745161784965 1.5444033e-05 3
1745161785724 1.5000976e-05 4
1745161786475 1.5535306e-05 5
1745161787215 1.5761292e-05 6
1745161787958 1.5408834e-05 7
1745161788714 1.55918e-05 0
1745161789464 1.5154783e-05 1
1745161790205 1.807862e-05 2
1745161790950 1.5177527e-05 3
1745161791702 1.4763011e-05 4
1745161792446 1.5106622e-05 5
1745161793195 1.4690359e-05 6
1745161793945 1.5668835e-05 7
1745161794702 1.5064324e-05 0
1745161795450 1.45396825e-05 1
1745161796196 1.5336638e-05 2
1745161796945 1.4796373e-05 3
1745161797691 1.5084174e-05 4
1745161798435 1.5325259e-05 5
1745161799178 1.7917844e-05 6
1745161799923 1.4951269e-05 7
1745161800684 1.4702708e-05 0
1745161801425 1.4807095e-05 1
1745161802171 1.51227305e-05 2
1745161802910 1.4602689e-05 3
1745161803655 1.5001655e-05 4
1745161804398 1.7110791e-05 5
1745161805146 1.495435e-05 6
1745161805896 1.4497184e-05 7
1745161806654 1.4568881e-05 0
1745161807401 1.5193339e-05 1
1745161808153 1.5165225e-05 2
1745161808890 1.4746176e-05 3
1745161809642 1.46804505e-05 4
1745161810388 1.4799643e-05 5
1745161811126 1.4024131e-05 6
1745161811871 1.4484686e-05 7
1745161812629 1.4598749e-05 0
1745161813370 1.4495183e-05 1
1745161814110 1.4518239e-05 2
1745161814857 1.6841932e-05 3
1745161815600 1.4199959e-05 4
1745161816345 1.4917218e-05 5
1745161817092 1.4497279e-05 6
1745161817839 1.4331411e-05 7
1745161818595 1.4128087e-05 0
1745161819352 1.439254e-05 1
1745161820124 1.6448936e-05 2
1745161820891 1.4931833e-05 3
1745161821664 1.4603554e-05 4
1745161822436 1.4807053e-05 5
1745161823186 1.4084591e-05 6
1745161823929 1.42604495e-05 7
1745161824688 1.4443743e-05 0
1745161825435 1.3652002e-05 1
1745161826183 1.4460299e-05 2
1745161826927 1.43791485e-05 3
1745161827680 1.3966177e-05 4
1745161828424 1.6439455e-05 5
1745161829165 1.42827785e-05 6
1745161829914 1.41576e-05 7
1745161830666 1.4822956e-05 0
1745161831408 1.3615513e-05 1
1745161832150 1.7147548e-05 2
1745161832897 1.4487337e-05 3
1745161833648 1.3553839e-05 4
1745161834392 1.3711275e-05 5
1745161835131 1.385217e-05 6
1745161835879 1.37909965e-05 7
1745161836631 1.40724e-05 0
1745161837374 1.3526167e-05 1
1745161838119 1.3863201e-05 2
1745161838863 1.3677458e-05 3
1745161839612 1.4279925e-05 4
1745161840360 1.3863681e-05 5
1745161841106 1.4042594e-05 6
1745161841848 1.6321892e-05 7
1745161842597 1.3481995e-05 0
1745161843349 1.4034043e-05 1
1745161844096 1.3535335e-05 2
1745161844838 1.3965794e-05 3
1745161845598 1.3766226e-05 4
1745161846350 1.3744618e-05 5
1745161847095 1.394694e-05 6
1745161847839 1.33501435e-05 7
1745161848597 1.33674375e-05 0
1745161849347 1.3657511e-05 1
1745161850088 1.3495277e-05 2
1745161850832 1.3361605e-05 3
1745161851674 1.5758429e-05 4
1745161852418 1.38914875e-05 5
1745161853179 1.3786184e-05 6
1745161853923 1.3763542e-05 7
1745161854674 1.3376509e-05 0
1745161855420 1.3381597e-05 1
1745161856163 1.3459304e-05 2
1745161856909 1.5417396e-05 3
1745161857653 1.3306757e-05 4
1745161858395 1.3976126e-05 5
1745161859146 1.369775e-05 6
1745161859892 1.362539e-05 7
1745161860664 1.34269585e-05 0
1745161861408 1.3421403e-05 1
1745161862158 1.3438415e-05 2
1745161862905 1.3207886e-05 3
1745161863654 1.3472526e-05 4
1745161864394 1.5100931e-05 5
1745161865139 1.3864271e-05 6
1745161865875 1.3368588e-05 7
1745161866631 1.3427474e-05 0
1745161867375 1.3132086e-05 1
1745161868123 1.2859113e-05 2
1745161868865 1.3851364e-05 3
1745161869610 1.5405676e-05 4
1745161870360 1.31047045e-05 5
1745161871106 1.2859576e-05 6
1745161871855 1.3115757e-05 7
1745161872608 1.5007709e-05 0
1745161873354 1.2716191e-05 1
1745161874109 1.3028747e-05 2
1745161874851 1.3236402e-05 3
1745161875599 1.33581225e-05 4
1745161876341 1.2807682e-05 5
1745161877091 1.2971613e-05 6
1745161877829 1.3106503e-05 7
1745161878590 1.5157189e-05 0
1745161879337 1.3040923e-05 1
1745161880091 1.264616e-05 2
1745161880841 1.2872107e-05 3
1745161881586 1.2727987e-05 4
1745161882336 1.2838046e-05 5
1745161883081 1.3167602e-05 6
1745161883827 1.3011997e-05 7
1745161884589 1.2918888e-05 0
1745161885340 1.2754782e-05 1
1745161886081 1.3206018e-05 2
1745161886830 1.309096e-05 3
1745161887576 1.3116516e-05 4
1745161888317 1.4651564e-05 5
1745161889061 1.24889575e-05 6
1745161889808 1.1943903e-05 7
1745161890561 1.3056356e-05 0
1745161891324 1.2388001e-05 1
1745161892073 1.2496587e-05 2
1745161892824 1.2163085e-05 3
1745161893567 1.3030134e-05 4
1745161894310 1.2718579e-05 5
1745161895057 1.5197148e-05 6
1745161895806 1.2377037e-05 7
1745161896568 1.2580783e-05 0
1745161897311 1.25943025e-05 1
1745161898054 1.3898743e-05 2
1745161898805 1.2223371e-05 3
1745161899551 1.2672834e-05 4
1745161900300 1.2444588e-05 5
1745161901044 1.2908001e-05 6
1745161901788 1.2342647e-05 7
1745161902545 1.4114604e-05 0
1745161903288 1.2905456e-05 1
1745161904029 1.2556212e-05 2
1745161904776 1.2214536e-05 3
1745161905513 1.1821078e-05 4
1745161906249 1.2073235e-05 5
1745161906995 1.3144989e-05 6
1745161907739 1.21721605e-05 7
1745161908496 1.2558303e-05 0
1745161909240 1.4295012e-05 1
1745161909986 1.1910395e-05 2
1745161910729 1.2068726e-05 3
1745161911474 1.2812471e-05 4
1745161912229 1.2228764e-05 5
1745161912984 1.2241723e-05 6
1745161913727 1.2206162e-05 7
1745161914494 1.20056375e-05 0
1745161915242 1.23828495e-05 1
1745161915979 1.2365589e-05 2
1745161916719 1.18517455e-05 3
1745161917465 1.2024358e-05 4
1745161918213 1.2134257e-05 5
1745161918954 1.2360899e-05 6
1745161919700 1.2041035e-05 7
1745161920458 1.428661e-05 0
1745161921200 1.1864624e-05 1
1745161921941 1.2230766e-05 2
1745161922688 1.215544e-05 3
1745161923436 1.2032717e-05 4
1745161924180 1.2335229e-05 5
1745161924933 1.1623606e-05 6
1745161925672 1.1541469e-05 7
1745161926523 1.1537738e-05 0
1745161927263 1.2051649e-05 1
1745161928016 1.1443857e-05 2
1745161928764 1.3857951e-05 3
1745161929520 1.2111438e-05 4
1745161930262 1.2497193e-05 5
1745161931006 1.1535797e-05 6
1745161931754 1.1944071e-05 7
1745161932510 1.3743198e-05 0
1745161933257 1.1940384e-05 1
1745161934002 1.1584023e-05 2
1745161934739 1.1751168e-05 3
1745161935478 1.184033e-05 4
1745161936225 1.1861463e-05 5
1745161936974 1.1492402e-05 6
1745161937717 1.1368445e-05 7
1745161938475 1.1728457e-05 0
1745161939221 1.1967455e-05 1
1745161939971 1.1110896e-05 2
1745161940727 1.2151719e-05 3
1745161941470 1.4024692e-05 4
1745161942218 1.1385811e-05 5
1745161942960 1.11320205e-05 6
1745161943702 1.1807559e-05 7
1745161944460 1.37198385e-05 0
1745161945205 1.1049462e-05 1
1745161945956 1.1611489e-05 2
1745161946691 1.1364993e-05 3
1745161947437 1.1889551e-05 4
1745161948189 1.1871138e-05 5
1745161948929 1.1648373e-05 6
1745161949681 1.0903103e-05 7
1745161950436 1.1688045e-05 0
1745161951185 1.3010289e-05 1
1745161951929 1.1791066e-05 2
1745161952685 1.13957085e-05 3
1745161953442 1.1164736e-05 4
1745161954200 1.129744e-05 5
1745161954944 1.1537269e-05 6
1745161955694 1.1417439e-05 7
1745161956455 1.1146445e-05 0
1745161957205 1.1193357e-05 1
1745161957957 1.1365163e-05 2
1745161958700 1.3381983e-05 3
1745161959447 1.073527e-05 4
1745161960191 1.1807826e-05 5
1745161960939 1.1301685e-05 6
1745161961687 1.1408498e-05 7
1745161962449 1.1291464e-05 0
1745161963193 1.104437e-05 1
1745161963950 1.1730219e-05 2
1745161964698 1.099951e-05 3
1745161965464 1.13552705e-05 4
1745161966219 1.0935269e-05 5
1745161966969 1.1183682e-05 6
1745161967722 1.299493e-05 7
1745161968478 1.3062618e-05 0
1745161969225 1.0711197e-05 1
1745161969978 1.1549261e-05 2
1745161970730 1.1164429e-05 3
1745161971478 1.0840645e-05 4
1745161972220 1.0795617e-05 5
1745161972979 1.119744e-05 6
1745161973724 1.1139333e-05 7
1745161974483 1.1216878e-05 0
1745161975231 1.0923801e-05 1
1745161975981 1.2660602e-05 2
1745161976726 1.1001649e-05 3
1745161977472 1.0951418e-05 4
1745161978218 1.0706348e-05 5
1745161978967 1.0861035e-05 6
1745161979713 1.1253955e-05 7
1745161980473 1.08527465e-05 0
1745161981216 1.0660303e-05 1
1745161981962 1.0665602e-05 2
1745161982712 1.2691972e-05 3
1745161983464 1.0813283e-05 4
1745161984219 1.1106496e-05 5
1745161984965 1.1401652e-05 6
1745161985714 1.0425313e-05 7
1745161986473 1.0683781e-05 0
1745161987221 1.07290125e-05 1
1745161987969 1.0559675e-05 2
1745161988719 1.0543759e-05 3
1745161989460 1.0803813e-05 4
1745161990194 1.2201438e-05 5
1745161990936 1.0844777e-05 6
1745161991685 1.0821605e-05 7
1745161992444 1.075658e-05 0
1745161993188 1.0455598e-05 1
1745161993929 1.20525665e-05 2
1745161994676 1.1042113e-05 3
1745161995427 1.0655756e-05 4
1745161996175 1.0611681e-05 5
1745161996922 1.0550675e-05 6
1745161997673 1.0965075e-05 7
1745161998428 1.0587736e-05 0
1745161999174 1.0395918e-05 1
1745161999924 1.04690125e-05 2
1745162000673 1.2305189e-05 3
1745162001503 1.0392619e-05 4
1745162002244 1.0730269e-05 5
1745162002987 1.0383252e-05 6
1745162003739 1.0774516e-05 7
1745162004488 1.2489101e-05 0
1745162005236 1.0434305e-05 1
1745162005984 1.0755898e-05 2
1745162006745 1.0383462e-05 3
1745162007487 1.0318257e-05 4
1745162008228 1.0485774e-05 5
1745162008972 9.762066e-06 6
1745162009723 1.0351386e-05 7
1745162010479 1.0323219e-05 0
1745162011229 1.0534398e-05 1
1745162011971 1.0187907e-05 2
1745162012717 1.0596949e-05 3
1745162013468 1.0215726e-05 4
1745162014216 1.1701737e-05 5
1745162014957 1.0573521e-05 6
1745162015698 1.014328e-05 7
1745162016450 1.02248405e-05 0
1745162017195 1.0037276e-05 1
1745162017941 1.0700929e-05 2
1745162018684 9.869435e-06 3
1745162019431 1.02948725e-05 4
1745162020174 1.1984357e-05 5
1745162020917 1.0446397e-05 6
1745162021659 1.0292795e-05 7
1745162022413 1.034523e-05 0
1745162023163 1.0337996e-05 1
1745162023907 9.939001e-06 2
1745162024658 1.005005e-05 3
1745162025405 1.0170734e-05 4
1745162026150 1.0226273e-05 5
1745162026901 1.2041397e-05 6
1745162027649 9.76824e-06 7
1745162028413 9.5502e-06 0
1745162029158 1.0207462e-05 1
1745162029896 1.0427772e-05 2
1745162030633 9.927932e-06 3
1745162031378 1.0279035e-05 4
1745162032125 1.029761e-05 5
1745162032864 9.926535e-06 6
1745162033619 1.01616815e-05 7
1745162034383 1.0067457e-05 0
1745162035122 1.0353753e-05 1
1745162035862 1.1711818e-05 2
1745162036607 9.9097215e-06 3
1745162037357 9.692239e-06 4
1745162038102 9.570412e-06 5
1745162038844 1.0050554e-05 6
1745162039590 9.976372e-06 7
1745162040350 1.0133176e-05 0
1745162041103 9.9438685e-06 1
1745162041854 9.960292e-06 2
1745162042596 9.720177e-06 3
1745162043341 9.640146e-06 4
1745162044081 9.606714e-06 5
1745162044830 1.0005732e-05 6
1745162045582 9.941181e-06 7
1745162046342 9.951329e-06 0
1745162047096 9.490068e-06 1
1745162047848 9.938007e-06 2
1745162048596 9.751988e-06 3
1745162049341 9.842142e-06 4
1745162050097 9.97205e-06 5
1745162050835 9.521802e-06 6
1745162051576 9.505974e-06 7
1745162052343 9.666229e-06 0
1745162053086 9.448825e-06 1
1745162053835 9.548935e-06 2
1745162054580 1.1514459e-05 3
1745162055327 9.927192e-06 4
1745162056071 9.86563e-06 5
1745162056819 9.5269625e-06 6
1745162057561 9.33216e-06 7
1745162058324 9.90024e-06 0
1745162059063 9.340512e-06 1
1745162059812 9.732386e-06 2
1745162060553 1.0246856e-05 3
1745162061298 1.0872945e-05 4
1745162062046 9.652408e-06 5
1745162062793 9.269627e-06 6
1745162063541 9.588519e-06 7
1745162064293 9.3683375e-06 0
1745162065035 9.7488755e-06 1
1745162065778 1.1433695e-05 2
1745162066520 9.830977e-06 3
1745162067265 9.041632e-06 4
1745162068014 9.580689e-06 5
1745162068761 9.800388e-06 6
1745162069519 9.119262e-06 7
1745162070273 9.448999e-06 0
1745162071021 9.336125e-06 1
1745162071777 9.758501e-06 2
1745162072527 1.124751e-05 3
1745162073274 8.946625e-06 4
1745162074019 9.3458075e-06 5
1745162074794 9.3483095e-06 6
1745162075544 9.552325e-06 7
1745162076390 9.349379e-06 0
1745162077142 9.367856e-06 1
1745162077898 1.1020901e-05 2
1745162078641 9.135609e-06 3
1745162079382 9.541122e-06 4
1745162080134 9.06979e-06 5
1745162080886 9.293891e-06 6
1745162081631 8.99451e-06 7
1745162082389 9.312178e-06 0
1745162083135 9.455442e-06 1
1745162083891 9.243896e-06 2
1745162084637 9.038089e-06 3
1745162085394 8.912136e-06 4
1745162086138 9.420004e-06 5
1745162086882 9.075492e-06 6
1745162087636 9.470832e-06 7
1745162088389 9.4861525e-06 0
1745162089137 9.127909e-06 1
1745162089882 8.887986e-06 2
1745162090626 1.0743986e-05 3
1745162091377 9.210075e-06 4
1745162092125 8.903479e-06 5
1745162092871 9.107916e-06 6
1745162093614 9.408931e-06 7
1745162094372 8.914372e-06 0
1745162095112 9.234415e-06 1
1745162095850 9.224247e-06 2
1745162096608 9.37483e-06 3
1745162097349 9.159053e-06 4
1745162098098 8.8475235e-06 5
1745162098846 9.046e-06 6
1745162099602 1.0461841e-05 7
1745162100369 9.121386e-06 0
1745162101115 9.04352e-06 1
1745162101859 9.011025e-06 2
1745162102613 8.808855e-06 3
1745162103356 8.973948e-06 4
1745162104109 9.32224e-06 5
1745162104856 8.822335e-06 6
1745162105599 1.0598554e-05 7
1745162106355 8.763845e-06 0
1745162107095 8.9310215e-06 1
1745162107846 9.18341e-06 2
1745162108595 8.619334e-06 3
1745162109344 8.8905745e-06 4
1745162110097 1.0429219e-05 5
1745162110850 8.889335e-06 6
1745162111597 9.166987e-06 7
1745162112350 9.19103e-06 0
1745162113098 8.58624e-06 1
1745162113848 8.867517e-06 2
1745162114592 8.968875e-06 3
1745162115340 8.54274e-06 4
1745162116091 8.855779e-06 5
1745162116837 8.7462495e-06 6
1745162117586 1.0201351e-05 7
1745162118355 9.1156335e-06 0
1745162119095 8.703218e-06 1
1745162119842 8.941529e-06 2
1745162120587 8.086686e-06 3
1745162121341 8.889586e-06 4
1745162122089 8.555088e-06 5
1745162122832 8.8580555e-06 6
1745162123580 1.0732508e-05 7
1745162124336 1.0091822e-05 0
1745162125090 8.6251075e-06 1
1745162125830 8.889281e-06 2
1745162126574 8.243342e-06 3
1745162127324 8.8990555e-06 4
1745162128078 8.9137875e-06 5
1745162128823 8.659319e-06 6
1745162129567 8.814689e-06 7
1745162130327 8.499565e-06 0
1745162131066 8.16023e-06 1
1745162131814 8.8816905e-06 2
1745162132557 8.680111e-06 3
1745162133309 8.388652e-06 4
1745162134060 8.342066e-06 5
1745162134804 8.725406e-06 6
1745162135552 9.12827e-06 7
1745162136303 1.021248e-05 0
1745162137046 8.656456e-06 1
1745162137790 8.814775e-06 2
1745162138537 8.542721e-06 3
1745162139276 8.801679e-06 4
1745162140026 8.056287e-06 5
1745162140767 8.326791e-06 6
1745162141508 8.456047e-06 7
1745162142266 8.414088e-06 0
1745162143013 8.417066e-06 1
1745162143786 8.512871e-06 2
1745162144529 8.233214e-06 3
1745162145275 8.238406e-06 4
1745162146020 8.886282e-06 5
1745162146767 8.464271e-06 6
1745162147518 8.432485e-06 7
1745162148281 8.319439e-06 0
1745162149028 8.584955e-06 1
1745162149768 8.383318e-06 2
1745162150516 8.123926e-06 3
1745162151353 1.0091237e-05 4
1745162152098 8.574673e-06 5
1745162152845 7.986092e-06 6
1745162153595 8.275406e-06 7
1745162154349 8.594519e-06 0
1745162155108 8.304401e-06 1
1745162155857 8.380125e-06 2
1745162156601 9.901396e-06 3
1745162157347 8.262064e-06 4
1745162158094 8.336804e-06 5
1745162158835 8.193038e-06 6
1745162159581 7.841653e-06 7
1745162160341 8.427545e-06 0
1745162161089 8.1448825e-06 1
1745162161835 8.582976e-06 2
1745162162579 8.017378e-06 3
1745162163328 8.401966e-06 4
1745162164088 8.025704e-06 5
1745162164840 8.105547e-06 6
1745162165586 8.530847e-06 7
1745162166334 8.329976e-06 0
1745162167080 8.004447e-06 1
1745162167833 7.807373e-06 2
1745162168571 8.2473925e-06 3
1745162169328 8.273014e-06 4
1745162170072 8.365852e-06 5
1745162170821 8.1183325e-06 6
1745162171580 9.7788015e-06 7
1745162172348 8.592313e-06 0
1745162173095 8.494539e-06 1
1745162173859 9.427542e-06 2
1745162174609 8.110646e-06 3
1745162175354 8.29482e-06 4
1745162176112 8.216084e-06 5
1745162176869 7.833439e-06 6
1745162177616 7.75074e-06 7
1745162178383 9.452305e-06 0
1745162179127 8.116097e-06 1
1745162179873 8.182279e-06 2
1745162180619 7.74687e-06 3
1745162181366 8.266433e-06 4
1745162182117 7.668956e-06 5
1745162182867 7.905536e-06 6
1745162183613 7.911393e-06 7
1745162184373 8.033344e-06 0
1745162185119 9.63519e-06 1
1745162185869 8.017866e-06 2
1745162186621 8.052153e-06 3
1745162187365 7.894073e-06 4
1745162188113 7.95142e-06 5
1745162188867 7.957553e-06 6
1745162189619 7.905613e-06 7
1745162190379 8.266088e-06 0
1745162191133 9.445001e-06 1
1745162191884 7.673311e-06 2
1745162192644 7.867841e-06 3
1745162193391 8.0062355e-06 4
1745162194148 7.813538e-06 5
1745162194896 7.878548e-06 6
1745162195645 7.773635e-06 7
1745162196402 9.592237e-06 0
1745162197153 7.680652e-06 1
1745162197897 7.764992e-06 2
1745162198649 8.099723e-06 3
1745162199389 7.6151887e-06 4
1745162200142 7.5521816e-06 5
1745162200889 7.799689e-06 6
1745162201632 8.257296e-06 7
1745162202388 9.08661e-06 0
1745162203135 7.822294e-06 1
1745162203881 7.721176e-06 2
1745162204626 7.728629e-06 3
1745162205382 8.1306e-06 4
1745162206133 7.735082e-06 5
1745162206881 7.639188e-06 6
1745162207631 7.728893e-06 7
1745162208387 7.588115e-06 0
1745162209144 7.782103e-06 1
1745162209887 8.943012e-06 2
1745162210632 7.4800464e-06 3
1745162211389 8.252656e-06 4
1745162212129 7.558857e-06 5
1745162212876 7.849117e-06 6
1745162213628 7.5496796e-06 7
1745162214398 7.842611e-06 0
1745162215140 7.738095e-06 1
1745162215894 7.780292e-06 2
1745162216645 7.6155784e-06 3
1745162217395 7.995669e-06 4
1745162218139 7.713861e-06 5
1745162218888 7.5172275e-06 6
1745162219648 8.719729e-06 7
1745162220429 8.010564e-06 0
1745162221176 7.616155e-06 1
1745162221924 7.682884e-06 2
1745162222664 7.4739696e-06 3
1745162223415 8.686976e-06 4
1745162224161 7.1890095e-06 5
1745162224912 7.3739984e-06 6
1745162225661 7.614114e-06 7
1745162226510 7.464126e-06 0
1745162227252 7.6676815e-06 1
1745162227999 7.4754703e-06 2
1745162228742 8.913365e-06 3
1745162229488 7.428393e-06 4
1745162230240 7.3844735e-06 5
1745162230991 7.455836e-06 6
1745162231733 7.4524255e-06 7
1745162232500 7.663394e-06 0
1745162233244 8.642208e-06 1
1745162233994 7.5041307e-06 2
1745162234737 7.4730874e-06 3
1745162235496 7.4761465e-06 4
1745162236245 7.3412198e-06 5
1745162236993 7.652462e-06 6
1745162237747 7.267747e-06 7
1745162238504 7.351835e-06 0
1745162239252 7.225955e-06 1
1745162239991 7.309876e-06 2
1745162240743 8.77853e-06 3
1745162241487 7.4435775e-06 4
1745162242231 7.4093864e-06 5
1745162242986 7.5420194e-06 6
1745162243736 7.337459e-06 7
1745162244492 7.1186296e-06 0
1745162245239 7.683104e-06 1
1745162245983 7.3641277e-06 2
1745162246732 7.2172934e-06 3
1745162247474 7.2153284e-06 4
1745162248221 7.2014855e-06 5
1745162248971 7.6268907e-06 6
1745162249720 8.828384e-06 7
1745162250478 7.4176014e-06 0
1745162251233 7.3723154e-06 1
1745162251984 8.642795e-06 2
1745162252735 7.075982e-06 3
1745162253493 7.521764e-06 4
1745162254242 7.4379504e-06 5
1745162254985 7.265279e-06 6
1745162255732 7.215406e-06 7
1745162256486 7.279464e-06 0
1745162257232 7.011829e-06 1
1745162257982 7.4369677e-06 2
1745162258726 7.0516003e-06 3
1745162259469 8.493149e-06 4
1745162260224 7.027679e-06 5
1745162260976 7.170364e-06 6
1745162261718 7.3233e-06 7
1745162262479 7.207785e-06 0
1745162263230 7.0641577e-06 1
1745162263971 7.243818e-06 2
1745162264716 7.2984412e-06 3
1745162265465 8.255708e-06 4
1745162266213 7.306574e-06 5
1745162266958 7.0655037e-06 6
1745162267705 7.358576e-06 7
1745162268464 7.305388e-06 0
1745162269205 7.3350693e-06 1
1745162269954 7.0650544e-06 2
1745162270701 7.169483e-06 3
1745162271441 6.858127e-06 4
1745162272189 8.32195e-06 5
1745162272940 6.8511335e-06 6
1745162273687 6.9789508e-06 7
1745162274442 7.2875946e-06 0
1745162275188 8.054479e-06 1
1745162275936 6.9361467e-06 2
1745162276696 7.0851265e-06 3
1745162277449 6.8408394e-06 4
1745162278203 7.298943e-06 5
1745162278959 6.9851512e-06 6
1745162279707 7.0451183e-06 7
1745162280472 7.3488895e-06 0
1745162281219 8.450649e-06 1
1745162281970 6.875942e-06 2
1745162282716 7.0585756e-06 3
1745162283468 6.766047e-06 4
1745162284212 6.89409e-06 5
1745162284964 6.9009097e-06 6
1745162285707 6.863722e-06 7
1745162286466 6.758519e-06 0
1745162287210 8.375304e-06 1
1745162287963 7.0260903e-06 2
1745162288706 7.107436e-06 3
1745162289456 7.060634e-06 4
1745162290196 6.6861653e-06 5
1745162290961 6.945456e-06 6
1745162291712 6.766033e-06 7
1745162292462 6.7499955e-06 0
1745162293203 6.9417015e-06 1
1745162293954 6.9457965e-06 2
1745162294707 6.8488666e-06 3
1745162295449 6.855076e-06 4
1745162296198 6.6651705e-06 5
1745162296943 7.043144e-06 6
1745162297696 8.230158e-06 7
1745162298450 6.599595e-06 0
1745162299201 7.0124233e-06 1
1745162299944 7.066979e-06 2
1745162300689 6.754334e-06 3
1745162301524 6.562148e-06 4
1745162302278 8.354196e-06 5
1745162303024 6.8725403e-06 6
1745162303777 6.992841e-06 7
1745162304531 6.7686965e-06 0
1745162305271 6.730239e-06 1
1745162306019 6.877842e-06 2
1745162306765 6.4885458e-06 3
1745162307515 6.8846894e-06 4
1745162308262 8.018502e-06 5
1745162309008 6.8251893e-06 6
1745162309756 6.673425e-06 7
1745162310512 6.491655e-06 0
1745162311256 8.134684e-06 1
1745162312003 6.686193e-06 2
1745162312748 6.6885714e-06 3
1745162313498 6.6714438e-06 4
1745162314245 6.5586437e-06 5
1745162314990 6.75983e-06 6
1745162315731 7.0643428e-06 7
1745162316489 6.892808e-06 0
1745162317234 6.4871356e-06 1
1745162317973 6.485135e-06 2
1745162318715 6.5068643e-06 3
1745162319463 7.901535e-06 4
1745162320209 6.516097e-06 5
1745162320955 7.0489773e-06 6
1745162321706 6.7621036e-06 7
1745162322463 6.7114343e-06 0
1745162323214 7.636403e-06 1
1745162323961 6.476782e-06 2
1745162324709 7.0268857e-06 3
1745162325457 6.5205786e-06 4
1745162326207 6.3265443e-06 5
1745162326949 6.5462737e-06 6
1745162327697 6.8758204e-06 7
1745162328456 6.760032e-06 0
1745162329255 7.747961e-06 1
1745162330001 6.3236275e-06 2
1745162330755 6.759776e-06 3
1745162331501 6.413337e-06 4
1745162332248 6.2394956e-06 5
1745162332991 6.8056033e-06 6
1745162333741 6.473699e-06 7
1745162334505 6.3451034e-06 0
1745162335262 6.4202486e-06 1
1745162336001 6.570298e-06 2
1745162336747 7.6293136e-06 3
1745162337498 6.3287393e-06 4
1745162338243 6.859403e-06 5
1745162338992 6.3328116e-06 6
1745162339740 6.744448e-06 7
1745162340502 7.614228e-06 0
1745162341239 6.700092e-06 1
1745162341985 6.3576354e-06 2
1745162342727 6.2831023e-06 3
1745162343480 6.439137e-06 4
1745162344229 6.4757837e-06 5
1745162344978 6.7676915e-06 6
1745162345733 6.4010806e-06 7
1745162346494 7.79694e-06 0
1745162347242 6.2603895e-06 1
1745162347986 6.3060666e-06 2
1745162348728 6.509769e-06 3
1745162349476 6.457377e-06 4
1745162350226 6.255681e-06 5
1745162350970 6.464862e-06 6
1745162351723 6.430514e-06 7
1745162352488 6.447968e-06 0
1745162353236 6.3302377e-06 1
1745162353984 6.3831467e-06 2
1745162354750 6.3221605e-06 3
1745162355492 6.405684e-06 4
1745162356237 6.2888485e-06 5
1745162356984 7.445069e-06 6
1745162357728 6.4355536e-06 7
1745162358478 7.6132255e-06 0
1745162359228 6.090573e-06 1
1745162359987 6.1444525e-06 2
1745162360737 6.36872e-06 3
1745162361484 6.3208445e-06 4
1745162362229 6.479295e-06 5
1745162362976 6.264415e-06 6
1745162363724 6.5395766e-06 7
1745162364468 6.223424e-06 0
1745162365216 6.109531e-06 1
1745162365962 6.4324945e-06 2
1745162366702 7.4626387e-06 3
1745162367445 6.415154e-06 4
1745162368196 6.4851274e-06 5
1745162368942 6.1633523e-06 6
1745162369681 6.0531647e-06 7
1745162370449 6.14881e-06 0
1745162371197 6.2675545e-06 1
1745162371944 6.194113e-06 2
1745162372689 6.0816283e-06 3
1745162373428 6.279347e-06 4
1745162374171 6.3516127e-06 5
1745162374923 6.3184266e-06 6
1745162375664 7.1435147e-06 7
1745162376513 6.319224e-06 0
1745162377344 6.340063e-06 1
1745162378102 5.9647114e-06 2
1745162378844 6.0515717e-06 3
1745162379591 6.2139243e-06 4
1745162380329 7.2963503e-06 5
1745162381071 6.1020846e-06 6
1745162381815 6.1691553e-06 7
1745162382570 7.380813e-06 0
1745162383315 5.860099e-06 1
1745162384066 6.0052544e-06 2
1745162384801 6.184516e-06 3
1745162385549 6.246809e-06 4
1745162386292 5.992518e-06 5
1745162387034 6.272607e-06 6
1745162387776 6.137294e-06 7
1745162388530 6.2221657e-06 0
1745162389269 5.810718e-06 1
1745162390007 5.8419937e-06 2
1745162390757 5.8654296e-06 3
1745162391504 6.1626165e-06 4
1745162392243 6.3170496e-06 5
1745162392990 6.265334e-06 6
1745162393742 7.137381e-06 7
1745162394489 6.317999e-06 0
1745162395239 6.1404535e-06 1
1745162395991 6.009977e-06 2
1745162396736 5.912245e-06 3
1745162397481 6.128664e-06 4
1745162398225 5.7564152e-06 5
1745162398971 7.171132e-06 6
1745162399718 6.053028e-06 7
1745162400479 5.890993e-06 0
1745162401221 6.044888e-06 1
1745162401967 6.906176e-06 2
1745162402714 5.74566e-06 3
1745162403456 6.0244042e-06 4
1745162404196 6.1957994e-06 5
1745162404940 5.933211e-06 6
1745162405682 6.0287857e-06 7
1745162406438 6.168731e-06 0
1745162407183 5.8882006e-06 1
1745162407921 5.998528e-06 2
1745162408670 5.94622e-06 3
1745162409418 5.8016876e-06 4
1745162410167 6.981658e-06 5
1745162410927 6.188707e-06 6
1745162411679 5.7588923e-06 7
1745162412440 6.0436128e-06 0
1745162413181 5.9185886e-06 1
1745162413931 7.2851763e-06 2
1745162414678 5.885239e-06 3
1745162415421 5.8168916e-06 4
1745162416175 5.599601e-06 5
1745162416926 5.8659566e-06 6
1745162417681 5.833976e-06 7
1745162418434 5.8035503e-06 0
1745162419185 5.9901113e-06 1
1745162419926 5.6327913e-06 2
1745162420675 5.645913e-06 3
1745162421425 6.0917005e-06 4
1745162422171 5.926117e-06 5
1745162422916 5.7485477e-06 6
1745162423668 6.9812263e-06 7
1745162424427 5.693226e-06 0
1745162425163 5.978122e-06 1
1745162425905 5.7806556e-06 2
1745162426654 5.56969e-06 3
1745162427404 5.889878e-06 4
1745162428155 6.1366404e-06 5
1745162428907 6.8466743e-06 6
1745162429650 5.630664e-06 7
1745162430412 5.957181e-06 0
1745162431155 5.6396534e-06 1
1745162431896 5.8840164e-06 2
1745162432645 5.591358e-06 3
1745162433390 6.8703425e-06 4
1745162434137 5.728994e-06 5
1745162434887 5.621912e-06 6
1745162435630 5.4284433e-06 7
1745162436395 5.573143e-06 0
1745162437147 5.4806837e-06 1
1745162437883 5.8240116e-06 2
1745162438624 5.7163516e-06 3
1745162439378 5.9968165e-06 4
1745162440119 6.7085707e-06 5
1745162440864 5.7589386e-06 6
1745162441608 5.700654e-06 7
1745162442368 5.74954e-06 0
1745162443105 6.6514367e-06 1
1745162443847 5.7040916e-06 2
1745162444596 5.9504514e-06 3
1745162445345 5.5664827e-06 4
1745162446097 5.720688e-06 5
1745162446835 5.614555e-06 6
1745162447573 5.7433526e-06 7
1745162448328 5.5300693e-06 0
1745162449076 6.830225e-06 1
1745162449822 5.602976e-06 2
1745162450567 5.799357e-06 3
1745162451414 5.7901566e-06 4
1745162452151 5.6468716e-06 5
1745162452895 5.4969587e-06 6
1745162453647 5.47821e-06 7
1745162454395 5.5884816e-06 0
1745162455147 5.686037e-06 1
1745162455890 5.562936e-06 2
1745162456641 6.629596e-06 3
1745162457383 5.518266e-06 4
1745162458137 5.5080877e-06 5
1745162458877 5.4579846e-06 6
1745162459623 5.618847e-06 7
1745162460376 6.5309246e-06 0
1745162461126 5.4383795e-06 1
1745162461867 5.464682e-06 2
1745162462616 5.765382e-06 3
1745162463359 5.5139867e-06 4
1745162464108 5.773301e-06 5
1745162464847 5.376321e-06 6
1745162465600 5.476415e-06 7
1745162466353 5.789387e-06 0
1745162467103 5.4981633e-06 1
1745162467841 6.622948e-06 2
1745162468576 5.358149e-06 3
1745162469327 5.5234723e-06 4
1745162470082 5.4932116e-06 5
1745162470829 5.405752e-06 6
1745162471577 5.3312788e-06 7
1745162472329 5.6130903e-06 0
1745162473079 5.324688e-06 1
1745162473833 6.5349377e-06 2
1745162474575 5.4178035e-06 3
1745162475324 5.4371653e-06 4
1745162476075 5.294203e-06 5
1745162476821 5.465877e-06 6
1745162477572 5.5409255e-06 7
1745162478328 6.426485e-06 0
1745162479078 5.4649245e-06 1
1745162479834 5.380718e-06 2
1745162480577 5.595318e-06 3
1745162481325 5.593577e-06 4
1745162482074 5.2607857e-06 5
1745162482818 5.3256895e-06 6
1745162483563 5.5632795e-06 7
1745162484318 5.3918816e-06 0
1745162485057 5.1861025e-06 1
1745162485810 5.348652e-06 2
1745162486559 5.3074755e-06 3
1745162487312 5.548919e-06 4
1745162488058 5.313025e-06 5
1745162488807 5.3328918e-06 6
1745162489550 5.6907484e-06 7
1745162490306 5.5983683e-06 0
1745162491048 5.2255677e-06 1
1745162491807 6.4126975e-06 2
1745162492557 5.5473724e-06 3
1745162493302 5.34142e-06 4
1745162494048 5.2165265e-06 5
1745162494792 5.225488e-06 6
1745162495538 5.524842e-06 7
1745162496289 5.378784e-06 0
1745162497029 5.0765043e-06 1
1745162497779 5.3415215e-06 2
1745162498527 5.267108e-06 3
1745162499267 5.3883687e-06 4
1745162500006 5.312901e-06 5
1745162500753 6.578475e-06 6
1745162501505 5.2773066e-06 7
1745162502264 5.433662e-06 0
1745162503008 5.215056e-06 1
1745162503752 5.4794227e-06 2
1745162504503 5.0564327e-06 3
1745162505248 5.096514e-06 4
1745162505998 5.14092e-06 5
1745162506747 6.2204786e-06 6
1745162507504 5.530104e-06 7
1745162508253 5.1284123e-06 0
1745162509005 5.141329e-06 1
1745162509747 6.153928e-06 2
1745162510493 5.2934124e-06 3
1745162511238 5.3981557e-06 4
1745162511988 4.9255127e-06 5
1745162512735 5.499608e-06 6
1745162513485 5.329625e-06 7
1745162514240 4.958985e-06 0
1745162514988 4.9200466e-06 1
1745162515725 5.1550987e-06 2
1745162516467 5.37786e-06 3
1745162517212 5.4155944e-06 4
1745162517957 6.164115e-06 5
1745162518709 5.465723e-06 6
1745162519471 5.2592873e-06 7
1745162520225 5.3971758e-06 0
1745162520972 5.1156594e-06 1
1745162521718 5.2118667e-06 2
1745162522462 5.1101406e-06 3
1745162523204 4.980628e-06 4
1745162523949 6.312084e-06 5
1745162524697 5.0866583e-06 6
1745162525444 4.881814e-06 7
1745162526288 5.085705e-06 0
1745162527031 5.1181064e-06 1
1745162527782 5.0250987e-06 2
1745162528524 5.291187e-06 3
1745162529279 6.3133793e-06 4
1745162530027 5.0522044e-06 5
1745162530782 4.9651344e-06 6
1745162531533 5.1602206e-06 7
1745162532298 5.169682e-06 0
1745162533043 5.0910203e-06 1
1745162533790 5.258861e-06 2
1745162534544 4.98892e-06 3
1745162535299 5.1153934e-06 4
1745162536048 4.9914365e-06 5
1745162536796 4.863354e-06 6
1745162537539 6.1546616e-06 7
1745162538296 5.033058e-06 0
1745162539049 5.328045e-06 1
1745162539794 5.137843e-06 2
1745162540542 5.170841e-06 3
1745162541288 4.903156e-06 4
1745162542038 4.8612214e-06 5
1745162542783 4.987084e-06 6
1745162543527 5.847391e-06 7
1745162544274 5.0761796e-06 0
1745162545027 4.992781e-06 1
1745162545771 5.133893e-06 2
1745162546519 4.9025407e-06 3
1745162547261 5.0963054e-06 4
1745162548007 4.889769e-06 5
1745162548759 6.0505026e-06 6
1745162549505 5.0142517e-06 7
1745162550253 4.7848334e-06 0
1745162551004 5.048445e-06 1
1745162551745 4.7830467e-06 2
1745162552490 5.011298e-06 3
1745162553246 5.2704336e-06 4
1745162554002 4.9062e-06 5
1745162554760 6.1949445e-06 6
1745162555508 4.6172913e-06 7
1745162556266 5.180002e-06 0
1745162557022 4.790501e-06 1
1745162557759 4.938691e-06 2
1745162558510 6.0288075e-06 3
1745162559256 4.8356314e-06 4
1745162560006 4.9885675e-06 5
1745162560750 4.9967703e-06 6
1745162561493 4.7832386e-06 7
1745162562248 6.140294e-06 0
1745162562998 4.9620385e-06 1
1745162563743 4.993719e-06 2
1745162564491 4.9754e-06 3
1745162565244 4.771534e-06 4
1745162565996 4.6923824e-06 5
1745162566735 4.7570975e-06 6
1745162567482 5.05167e-06 7
1745162568241 5.0427593e-06 0
1745162568985 4.582108e-06 1
1745162569747 5.062743e-06 2
1745162570493 4.7590943e-06 3
1745162571239 5.7626203e-06 4
1745162571979 4.9035802e-06 5
1745162572725 5.0187873e-06 6
1745162573478 4.8890465e-06 7
1745162574234 5.779408e-06 0
1745162574979 4.701603e-06 1
1745162575719 4.7534104e-06 2
1745162576465 4.9997675e-06 3
1745162577203 4.7420854e-06 4
1745162577945 4.693382e-06 5
1745162578692 4.997005e-06 6
1745162579441 4.922465e-06 7
1745162580196 5.1676766e-06 0
1745162580940 4.957582e-06 1
1745162581680 4.714329e-06 2
1745162582425 5.6088606e-06 3
1745162583163 4.606822e-06 4
1745162583909 4.8405545e-06 5
1745162584662 4.729377e-06 6
1745162585408 4.687178e-06 7
1745162586160 4.7110875e-06 0
1745162586909 4.729817e-06 1
1745162587654 4.7669923e-06 2
1745162588397 4.482063e-06 3
1745162589140 4.760413e-06 4
1745162589881 6.0067364e-06 5
1745162590624 4.8166917e-06 6
1745162591370 4.701594e-06 7
1745162592128 4.805603e-06 0
1745162592878 5.8453056e-06 1
1745162593617 4.626546e-06 2
1745162594362 4.818893e-06 3
1745162595103 4.7245167e-06 4
1745162595849 4.6537016e-06 5
1745162596605 4.6046453e-06 6
1745162597348 4.9197115e-06 7
1745162598109 4.6361324e-06 0
1745162598858 4.672922e-06 1
1745162599608 4.699309e-06 2
1745162600366 5.6123254e-06 3
1745162601203 4.755231e-06 4
1745162601943 4.631201e-06 5
1745162602688 4.6478153e-06 6
1745162603437 4.7055796e-06 7
1745162604194 4.7772623e-06 0
1745162604939 4.68936e-06 1
1745162605679 4.7329468e-06 2
1745162606423 4.6702244e-06 3
1745162607169 4.579561e-06 4
1745162607919 5.6644453e-06 5
1745162608669 4.4957214e-06 6
1745162609416 4.662776e-06 7
1745162610175 4.787958e-06 0
1745162610940 5.452319e-06 1
1745162611688 4.6766195e-06 2
1745162612429 4.776799e-06 3
1745162613169 4.6442765e-06 4
1745162613913 4.5941865e-06 5
1745162614658 4.5987363e-06 6
1745162615408 4.638576e-06 7
1745162616161 4.5132797e-06 0
1745162616911 5.4818433e-06 1
1745162617660 4.6004034e-06 2
1745162618436 4.526398e-06 3
1745162619172 4.489526e-06 4
1745162619919 4.70163e-06 5
1745162620678 4.607668e-06 6
1745162621423 4.6925898e-06 7
1745162622180 4.4831386e-06 0
1745162622921 4.491811e-06 1
1745162623666 5.368799e-06 2
1745162624410 4.6569e-06 3
1745162625153 4.532292e-06 4
1745162625897 4.6868895e-06 5
1745162626646 4.766544e-06 6
1745162627379 4.498876e-06 7
1745162628139 4.5575457e-06 0
1745162628885 4.581623e-06 1
1745162629629 4.5539136e-06 2
1745162630364 4.71757e-06 3
1745162631124 4.5594225e-06 4
1745162631862 5.3926956e-06 5
1745162632609 4.30321e-06 6
1745162633351 4.5363395e-06 7
1745162634108 4.5717907e-06 0
1745162634854 4.5811717e-06 1
1745162635598 4.4357434e-06 2
1745162636342 4.4736726e-06 3
1745162637088 4.3736586e-06 4
1745162637848 4.6441874e-06 5
1745162638597 4.5177444e-06 6
1745162639346 5.3535905e-06 7
1745162640100 4.439741e-06 0
1745162640865 4.375632e-06 1
1745162641634 4.6649234e-06 2
1745162642377 5.3865697e-06 3
1745162643118 4.5443458e-06 4
1745162643861 4.533419e-06 5
1745162644609 4.4792855e-06 6
1745162645351 4.327264e-06 7
1745162646111 4.4637336e-06 0
1745162646862 4.760508e-06 1
1745162647604 4.5593356e-06 2
1745162648352 4.4775393e-06 3
1745162649091 4.2734737e-06 4
1745162649836 4.3536065e-06 5
1745162650580 4.399587e-06 6
1745162651321 5.211075e-06 7
1745162652091 4.4857165e-06 0
1745162652840 4.489709e-06 1
1745162653585 4.3753407e-06 2
1745162654341 5.308108e-06 3
1745162655081 4.2634783e-06 4
1745162655834 4.314157e-06 5
1745162656579 4.4141957e-06 6
1745162657325 4.353709e-06 7
1745162658079 4.3541036e-06 0
1745162658819 4.344748e-06 1
1745162659558 5.3907143e-06 2
1745162660296 4.281314e-06 3
1745162661034 4.3331474e-06 4
1745162661779 4.271743e-06 5
1745162662526 4.566205e-06 6
1745162663268 4.407341e-06 7
1745162664023 4.406924e-06 0
1745162664763 4.3302957e-06 1
1745162665509 4.320122e-06 2
1745162666256 4.254801e-06 3
1745162666999 4.465564e-06 4
1745162667750 5.2698315e-06 5
1745162668495 4.2949005e-06 6
1745162669238 4.372897e-06 7
1745162669986 4.3864784e-06 0
1745162670728 5.1238526e-06 1
1745162671474 4.3148234e-06 2
1745162672219 4.3395034e-06 3
1745162672964 4.4646436e-06 4
1745162673708 4.427138e-06 5
1745162674451 4.2289257e-06 6
1745162675203 4.2133474e-06 7
