1745160874458 1.4614534 0
1745160875234 1.4666349 1
1745160875864 1.4337348 2
1745160876484 1.41119 3
1745160877106 1.4012496 4
1745160877728 1.4096824 5
1745160878346 1.4183187 6
1745160878962 1.4097588 7
1745160879587 1.3846526 0
1745160880207 1.3684901 1
1745160880828 1.3745892 2
1745160881472 1.3854789 3
1745160882098 1.3779861 4
1745160882736 1.3854222 5
1745160883433 1.3957946 6
1745160884315 1.4044282 7
1745160885152 1.4321895 0
1745160885907 1.4378037 1
1745160886633 1.4364951 2
1745160887286 1.4480624 3
1745160887930 1.4128878 4
1745160888597 1.3897821 5
1745160889235 1.369344 6
1745160889871 1.3655629 7
1745160890515 1.3826644 0
1745160891247 1.3877666 1
1745160892089 1.409622 2
1745160893027 1.4413764 3
1745160893828 1.4542468 4
1745160894559 1.4511034 5
1745160895295 1.451924 6
1745160896034 1.4407475 7
1745160896786 1.432076 0
1745160897547 1.4515555 1
1745160898291 1.4740995 2
1745160899042 1.472733 3
1745160899783 1.4680884 4
1745160900534 1.4494011 5
1745160901283 1.4281965 6
1745160902054 1.40676 7
1745160902830 1.4014266 0
1745160903578 1.4189911 1
1745160904334 1.4758718 2
1745160905083 1.5056833 3
1745160905836 1.5019741 4
1745160906583 1.4622068 5
1745160907321 1.4239118 6
1745160908060 1.4022727 7
1745160908814 1.3870766 0
1745160909562 1.3722446 1
1745160910302 1.3601458 2
1745160911049 1.3540686 3
1745160911792 1.360396 4
1745160912533 1.3785567 5
1745160913280 1.4059352 6
1745160914020 1.4489658 7
1745160914779 1.4827676 0
1745160915557 1.484745 1
1745160916345 1.4612362 2
1745160917124 1.4482436 3
1745160917898 1.4248364 4
1745160918674 1.4054048 5
1745160919426 1.3959868 6
1745160920175 1.4098346 7
1745160920926 1.432812 0
1745160921677 1.4348859 1
1745160922422 1.4321963 2
1745160923168 1.414532 3
1745160923919 1.4077959 4
1745160924678 1.4153464 5
1745160925433 1.4287205 6
1745160926190 1.4385254 7
1745160926947 1.4343129 0
1745160927699 1.4229665 1
1745160928447 1.3972428 2
1745160929195 1.3725793 3
1745160929940 1.3536215 4
1745160930688 1.3458992 5
1745160931442 1.3425758 6
1745160932194 1.3477194 7
1745160932953 1.3767865 0
1745160933700 1.4126186 1
1745160934455 1.4446971 2
1745160935211 1.4678292 3
1745160935966 1.4754862 4
1745160936713 1.469563 5
1745160937457 1.4591463 6
1745160938206 1.4476712 7
1745160938958 1.4403266 0
1745160939709 1.4321812 1
1745160940450 1.4160519 2
1745160941207 1.4062262 3
1745160941955 1.4112186 4
1745160942715 1.4163322 5
1745160943471 1.4258333 6
1745160944222 1.4412961 7
1745160944980 1.4342244 0
1745160945728 1.4209254 1
1745160946467 1.403333 2
1745160947234 1.3899201 3
1745160948176 1.3819779 4
1745160948926 1.3860141 5
1745160949678 1.3933139 6
1745160950441 1.4107288 7
1745160951204 1.4248426 0
1745160951954 1.4352517 1
1745160952700 1.4436759 2
1745160953453 1.444978 3
1745160954208 1.4430507 4
1745160954954 1.4590824 5
1745160955705 1.4624968 6
1745160956461 1.4537787 7
1745160957228 1.4360423 0
1745160957977 1.4146532 1
1745160958728 1.3987405 2
1745160959477 1.392236 3
1745160960229 1.3938899 4
1745160960973 1.397083 5
1745160961718 1.3916738 6
1745160962463 1.3885561 7
1745160963221 1.3918138 0
1745160963965 1.392518 1
1745160964712 1.3954755 2
1745160965470 1.3978218 3
1745160966221 1.3985155 4
1745160966974 1.3943095 5
1745160967713 1.3909345 6
1745160968481 1.3791671 7
1745160969251 1.3639632 0
1745160969994 1.3630049 1
1745160970750 1.3749752 2
1745160971496 1.4008639 3
1745160972247 1.4238209 4
1745160972991 1.436708 5
1745160973742 1.4380589 6
1745160974488 1.450746 7
1745160975266 1.4569712 0
1745160976017 1.4536645 1
1745160976773 1.4564509 2
1745160977525 1.4523735 3
1745160978273 1.4420552 4
1745160979028 1.4276197 5
1745160979780 1.4136395 6
1745160980529 1.4047201 7
1745160981292 1.3979752 0
1745160982039 1.4008564 1
1745160982783 1.4001641 2
1745160983530 1.4004847 3
1745160984282 1.3894011 4
1745160985039 1.3852997 5
1745160985789 1.379694 6
1745160986545 1.3792708 7
1745160987301 1.3736672 0
1745160988039 1.3662363 1
1745160988792 1.3590977 2
1745160989541 1.3507652 3
1745160990304 1.3466487 4
1745160991051 1.3415153 5
1745160991844 1.3399153 6
1745160992582 1.345258 7
1745160993347 1.3789766 0
1745160994096 1.4261372 1
1745160994852 1.4632742 2
1745160995598 1.5018194 3
1745160996340 1.4998038 4
1745160997102 1.4811957 5
1745160997854 1.4377936 6
1745160998607 1.4100287 7
1745160999363 1.4155986 0
1745161000122 1.4290327 1
1745161000866 1.4347018 2
1745161001610 1.4277389 3
1745161002357 1.426995 4
1745161003105 1.4297378 5
1745161003858 1.4296627 6
1745161004616 1.4223871 7
1745161005379 1.4143476 0
1745161006132 1.404571 1
1745161006878 1.3919508 2
1745161007631 1.3759788 3
1745161008377 1.3715336 4
1745161009129 1.375386 5
1745161009877 1.3801761 6
1745161010629 1.3990985 7
1745161011389 1.4139471 0
1745161012145 1.4222578 1
1745161012901 1.4252923 2
1745161013652 1.4099538 3
1745161014402 1.3938807 4
1745161015155 1.385004 5
1745161015913 1.3887444 6
1745161016677 1.3967099 7
1745161017437 1.4118998 0
1745161018193 1.4264219 1
1745161018937 1.4421585 2
1745161019713 1.4618285 3
1745161020499 1.4685872 4
1745161021327 1.4644514 5
1745161022133 1.4556063 6
1745161022885 1.4426887 7
1745161023739 1.4271281 0
1745161024501 1.4087946 1
1745161025258 1.3859298 2
1745161026010 1.37151 3
1745161026766 1.3586668 4
1745161027522 1.3583914 5
1745161028277 1.3589745 6
1745161029037 1.3523741 7
1745161029798 1.3510976 0
1745161030543 1.342994 1
1745161031290 1.3466532 2
1745161032039 1.3797839 3
1745161032787 1.4157577 4
1745161033541 1.4370096 5
1745161034295 1.432223 6
1745161035044 1.41401 7
1745161035803 1.4091398 0
1745161036551 1.4069028 1
1745161037300 1.4025863 2
1745161038047 1.4001834 3
1745161038804 1.3959122 4
1745161039553 1.3986571 5
1745161040302 1.428946 6
1745161041050 1.4331622 7
1745161041805 1.4321978 0
1745161042556 1.4247552 1
1745161043307 1.4167995 2
1745161044054 1.4022357 3
1745161044806 1.3888783 4
1745161045555 1.3835661 5
1745161046303 1.3841645 6
1745161047052 1.3845701 7
1745161047820 1.390567 0
1745161048567 1.401844 1
1745161049321 1.4142673 2
1745161050074 1.4331428 3
1745161050818 1.4453676 4
1745161051573 1.4523425 5
1745161052327 1.4455261 6
1745161053071 1.4332078 7
1745161053832 1.4266796 0
1745161054576 1.4076753 1
1745161055325 1.3905575 2
1745161056072 1.3914988 3
1745161056827 1.3944521 4
1745161057576 1.4052423 5
1745161058326 1.4126968 6
1745161059068 1.4080358 7
1745161059822 1.4105322 0
1745161060566 1.4113371 1
1745161061316 1.4086676 2
1745161062062 1.4187369 3
1745161062810 1.4370525 4
1745161063557 1.4432306 5
1745161064307 1.4434087 6
1745161065059 1.4308112 7
1745161065820 1.4108496 0
1745161066570 1.396525 1
1745161067319 1.3852441 2
1745161068074 1.3799682 3
1745161068817 1.377571 4
1745161069569 1.3774579 5
1745161070320 1.3696651 6
1745161071072 1.3626237 7
1745161071833 1.359259 0
1745161072572 1.3611417 1
1745161073324 1.3714087 2
1745161074069 1.3748518 3
1745161074809 1.3806938 4
1745161075573 1.3865085 5
1745161076329 1.3965278 6
1745161077076 1.4048026 7
1745161077835 1.4132763 0
1745161078591 1.4160241 1
1745161079342 1.4104861 2
1745161080090 1.403288 3
1745161080844 1.4039462 4
1745161081594 1.4102693 5
1745161082337 1.4155185 6
1745161083083 1.4232769 7
1745161083842 1.4284593 0
1745161084591 1.4315454 1
1745161085335 1.4335861 2
1745161086084 1.4278371 3
1745161086825 1.4167478 4
1745161087582 1.4109974 5
1745161088332 1.4007096 6
1745161089077 1.397651 7
1745161089826 1.3911688 0
1745161090573 1.3860066 1
1745161091319 1.3843513 2
1745161092072 1.381082 3
1745161092830 1.376097 4
1745161093577 1.3711984 5
1745161094324 1.3686669 6
1745161095064 1.3690052 7
1745161095837 1.3680456 0
1745161096588 1.3701602 1
1745161097346 1.3705888 2
1745161098089 1.3826647 3
1745161098933 1.3877492 4
1745161099682 1.3906473 5
1745161100428 1.3949829 6
1745161101176 1.3988626 7
1745161101933 1.3974888 0
1745161102678 1.3965375 1
1745161103426 1.3947122 2
1745161104173 1.3922093 3
1745161104925 1.3781513 4
1745161105693 1.3796623 5
1745161106447 1.375752 6
1745161107188 1.368792 7
1745161107950 1.3595295 0
1745161108697 1.3564681 1
1745161109439 1.3582362 2
1745161110194 1.3650258 3
1745161110964 1.3789239 4
1745161111715 1.3916987 5
1745161112460 1.4030457 6
1745161113205 1.4096029 7
1745161113977 1.4025915 0
1745161114736 1.3898654 1
1745161115488 1.3702774 2
1745161116239 1.3434126 3
1745161116987 1.3159254 4
1745161117748 1.2903931 5
1745161118492 1.2892087 6
1745161119237 1.314036 7
1745161119999 1.3549604 0
1745161120737 1.3982308 1
1745161121484 1.4066019 2
1745161122229 1.3960137 3
1745161122980 1.3751338 4
1745161123740 1.3593531 5
1745161124484 1.3519883 6
1745161125231 1.3449003 7
1745161125995 1.3629385 0
1745161126746 1.3748286 1
1745161127488 1.3778822 2
1745161128245 1.4265289 3
1745161128992 1.4631101 4
1745161129747 1.4402962 5
1745161130494 1.420845 6
1745161131235 1.3953221 7
1745161131985 1.3742106 0
1745161132732 1.3474476 1
1745161133477 1.32835 2
1745161134223 1.3147494 3
1745161134972 1.3027772 4
1745161135725 1.3073149 5
1745161136474 1.3144934 6
1745161137228 1.3342936 7
1745161137990 1.3655282 0
1745161138746 1.3901695 1
1745161139493 1.398446 2
1745161140243 1.3985882 3
1745161141002 1.3976753 4
1745161141752 1.3927321 5
1745161142501 1.3860259 6
1745161143254 1.3910239 7
1745161144017 1.4117503 0
1745161144777 1.4389172 1
1745161145543 1.4563857 2
1745161146296 1.4640718 3
1745161147046 1.4623381 4
1745161147793 1.4504161 5
1745161148544 1.4339511 6
1745161149289 1.4116752 7
1745161150048 1.3908508 0
1745161150795 1.3760618 1
1745161151555 1.364052 2
1745161152302 1.3613846 3
1745161153054 1.3713741 4
1745161153802 1.37292 5
1745161154554 1.3794153 6
1745161155304 1.3927473 7
1745161156077 1.394836 0
1745161156834 1.3933399 1
1745161157587 1.3937137 2
1745161158336 1.3875299 3
1745161159088 1.3868551 4
1745161159836 1.391165 5
1745161160597 1.398917 6
1745161161351 1.4052725 7
1745161162109 1.4150845 0
1745161162862 1.4347944 1
1745161163615 1.44702 2
1745161164359 1.4402311 3
1745161165117 1.4402366 4
1745161165862 1.4290612 5
1745161166619 1.414789 6
1745161167370 1.3986962 7
1745161168132 1.3890991 0
1745161168882 1.3819515 1
1745161169630 1.379102 2
1745161170382 1.3766148 3
1745161171132 1.3731945 4
1745161171890 1.3677523 5
1745161172638 1.3623253 6
1745161173393 1.3721755 7
1745161174254 1.3797562 0
1745161175011 1.3906488 1
1745161175768 1.4017978 2
1745161176517 1.4094812 3
1745161177260 1.4084167 4
1745161178015 1.4123199 5
1745161178767 1.409641 6
1745161179512 1.4099927 7
1745161180276 1.4052763 0
1745161181030 1.393414 1
1745161181782 1.3857851 2
1745161182547 1.3965836 3
1745161183296 1.4065982 4
1745161184053 1.404436 5
1745161184808 1.4217169 6
1745161185573 1.4233084 7
1745161186335 1.4322892 0
1745161187083 1.4352775 1
1745161187835 1.4311466 2
1745161188595 1.4180511 3
1745161189348 1.4073157 4
1745161190095 1.3897467 5
1745161190848 1.3740809 6
1745161191602 1.3658614 7
1745161192364 1.3682032 0
1745161193117 1.3810093 1
1745161193870 1.3911932 2
1745161194633 1.4033841 3
1745161195386 1.4072436 4
1745161196139 1.4047778 5
1745161196887 1.3988435 6
1745161197641 1.3923388 7
1745161198399 1.3908179 0
1745161199144 1.3903604 1
1745161199893 1.3872408 2
1745161200655 1.3916798 3
1745161201406 1.3930893 4
1745161202155 1.3926642 5
1745161202901 1.3846141 6
1745161203653 1.3811564 7
1745161204422 1.375468 0
1745161205176 1.3761144 1
1745161205930 1.3780684 2
1745161206680 1.3801258 3
1745161207445 1.388212 4
1745161208193 1.3987951 5
1745161208938 1.4146134 6
1745161209695 1.4191546 7
1745161210461 1.4198401 0
1745161211222 1.4102554 1
1745161211979 1.3979502 2
1745161212735 1.3853037 3
1745161213484 1.3754206 4
1745161214230 1.3764338 5
1745161214978 1.3874934 6
1745161215728 1.3965988 7
1745161216494 1.4056425 0
1745161217247 1.4156797 1
1745161218018 1.415343 2
1745161218772 1.4237127 3
1745161219519 1.4283056 4
1745161220268 1.4299799 5
1745161221015 1.4223409 6
1745161221768 1.4126594 7
1745161222528 1.4070404 0
1745161223275 1.404491 1
1745161224033 1.4029502 2
1745161224793 1.4156566 3
1745161225545 1.4144511 4
1745161226295 1.4157308 5
1745161227045 1.4041433 6
1745161227793 1.3969816 7
1745161228559 1.3830597 0
1745161229312 1.3796933 1
1745161230059 1.3797498 2
1745161230810 1.3849387 3
1745161231574 1.3933754 4
1745161232331 1.3921764 5
1745161233079 1.3899105 6
1745161233819 1.3885036 7
1745161234580 1.3838748 0
1745161235330 1.3804805 1
1745161236075 1.3785203 2
1745161236826 1.3771219 3
1745161237586 1.3771038 4
1745161238346 1.38058 5
1745161239101 1.3819383 6
1745161239839 1.3797474 7
1745161240599 1.3794401 0
1745161241356 1.3826785 1
1745161242113 1.3780507 2
1745161242866 1.375944 3
1745161243624 1.3717203 4
1745161244375 1.3690624 5
1745161245123 1.3665597 6
1745161245870 1.3610477 7
1745161246631 1.3559422 0
1745161247385 1.3497008 1
1745161248133 1.3502855 2
1745161248883 1.3533468 3
1745161249727 1.3565795 4
1745161250481 1.3603435 5
1745161251234 1.3557906 6
1745161251985 1.3553145 7
1745161252754 1.352663 0
1745161253518 1.361877 1
1745161254266 1.3666663 2
1745161255023 1.3809316 3
1745161255769 1.4002149 4
1745161256520 1.4273385 5
1745161257274 1.4606179 6
1745161258027 1.477577 7
1745161258789 1.4997451 0
1745161259544 1.4898133 1
1745161260297 1.4618509 2
1745161261046 1.4336889 3
1745161261793 1.4099467 4
1745161262549 1.3891168 5
1745161263300 1.371074 6
1745161264049 1.3601619 7
1745161264814 1.3540492 0
1745161265573 1.3570259 1
1745161266319 1.3585424 2
1745161267073 1.3596442 3
1745161267824 1.361516 4
1745161268583 1.3608336 5
1745161269337 1.3705578 6
1745161270090 1.3758205 7
1745161270851 1.3864596 0
1745161271608 1.3936211 1
1745161272374 1.4068791 2
1745161273128 1.4140241 3
1745161273875 1.4095569 4
1745161274630 1.4098467 5
1745161275383 1.4049543 6
1745161276134 1.4004045 7
1745161276892 1.3934424 0
1745161277641 1.38221 1
1745161278394 1.3759366 2
1745161279141 1.369214 3
1745161279897 1.364497 4
1745161280655 1.3710197 5
1745161281401 1.38297 6
1745161282156 1.3895252 7
1745161282924 1.4001589 0
1745161283675 1.4049166 1
1745161284415 1.4207014 2
1745161285159 1.4212484 3
1745161285911 1.4187242 4
1745161286656 1.4174845 5
1745161287402 1.4136839 6
1745161288159 1.4026864 7
1745161288923 1.401298 0
1745161289679 1.4049513 1
1745161290438 1.4068837 2
1745161291185 1.4058588 3
1745161291939 1.4002423 4
1745161292688 1.3955669 5
1745161293441 1.3908265 6
1745161294196 1.3847964 7
1745161294958 1.3790014 0
1745161295703 1.3713896 1
1745161296457 1.3686453 2
1745161297209 1.3628198 3
1745161297961 1.3699868 4
1745161298712 1.3703717 5
1745161299463 1.3650483 6
1745161300220 1.3743308 7
1745161300979 1.3633388 0
1745161301736 1.3678514 1
1745161302490 1.3785563 2
1745161303236 1.3837065 3
1745161303999 1.3975759 4
1745161304750 1.4006157 5
1745161305494 1.3974843 6
1745161306246 1.3901739 7
1745161307015 1.3827934 0
1745161307758 1.3887396 1
1745161308508 1.4078431 2
1745161309256 1.4224584 3
1745161310000 1.429222 4
1745161310758 1.4169399 5
1745161311508 1.397668 6
1745161312257 1.3853625 7
1745161313018 1.3839347 0
1745161313766 1.3893785 1
1745161314505 1.3964789 2
1745161315253 1.4033924 3
1745161316001 1.4102516 4
1745161316748 1.4121115 5
1745161317496 1.4125283 6
1745161318251 1.4024273 7
1745161319009 1.3894367 0
1745161319779 1.3823022 1
1745161320559 1.3802598 2
1745161321346 1.382175 3
1745161322104 1.3780077 4
1745161322859 1.376082 5
1745161323623 1.3758781 6
1745161324376 1.3809137 7
1745161325235 1.3893517 0
1745161325987 1.3995891 1
1745161326733 1.4067407 2
1745161327486 1.4128325 3
1745161328228 1.4217534 4
1745161328981 1.4254441 5
1745161329728 1.4291945 6
1745161330484 1.428518 7
1745161331244 1.4247898 0
1745161332002 1.4191754 1
1745161332758 1.4145005 2
1745161333512 1.40901 3
1745161334268 1.4060057 4
1745161335011 1.4059279 5
1745161335757 1.4059274 6
1745161336511 1.4054328 7
1745161337278 1.4045854 0
1745161338037 1.3979094 1
1745161338794 1.3922088 2
1745161339550 1.3885678 3
1745161340306 1.3837805 4
1745161341054 1.3822968 5
1745161341800 1.3798923 6
1745161342552 1.379956 7
1745161343317 1.3813899 0
1745161344067 1.3838522 1
1745161344818 1.3853588 2
1745161345568 1.3833609 3
1745161346318 1.3804038 4
1745161347063 1.3808692 5
1745161347810 1.3800814 6
1745161348558 1.3803273 7
1745161349324 1.3800199 0
1745161350081 1.3809607 1
1745161350832 1.382704 2
1745161351579 1.3825486 3
1745161352330 1.3858652 4
1745161353077 1.3907462 5
1745161353824 1.3953068 6
1745161354569 1.3959442 7
1745161355334 1.393774 0
1745161356082 1.3908376 1
1745161356838 1.3862834 2
1745161357595 1.3827305 3
1745161358353 1.3815849 4
1745161359122 1.381182 5
1745161359867 1.387243 6
1745161360625 1.3944094 7
1745161361388 1.4033229 0
1745161362139 1.4047995 1
1745161362882 1.4013551 2
1745161363631 1.3922775 3
1745161364387 1.383213 4
1745161365137 1.378722 5
1745161365897 1.3770595 6
1745161366646 1.3808424 7
1745161367407 1.3876745 0
1745161368158 1.3917102 1
1745161368910 1.393893 2
1745161369665 1.3899026 3
1745161370420 1.3837405 4
1745161371173 1.3809798 5
1745161371918 1.3793709 6
1745161372667 1.3807347 7
1745161373429 1.3820137 0
1745161374179 1.3853022 1
1745161374931 1.3893794 2
1745161375682 1.3904066 3
1745161376432 1.3925776 4
1745161377184 1.3946254 5
1745161377932 1.3983622 6
1745161378693 1.3984461 7
1745161379445 1.4020169 0
1745161380205 1.402612 1
1745161380954 1.4022121 2
1745161381707 1.4009755 3
1745161382463 1.400414 4
1745161383216 1.3972714 5
1745161383970 1.3954799 6
1745161384713 1.3938227 7
1745161385470 1.3914886 0
1745161386222 1.390702 1
1745161386971 1.3890684 2
1745161387718 1.39122 3
1745161388467 1.3900932 4
1745161389214 1.391545 5
1745161389965 1.3922701 6
1745161390714 1.3905842 7
1745161391474 1.3927608 0
1745161392226 1.3900323 1
1745161392977 1.3894542 2
1745161393717 1.3889525 3
1745161394475 1.3916216 4
1745161395232 1.3929057 5
1745161395994 1.3928113 6
1745161396740 1.3921461 7
1745161397507 1.3862355 0
1745161398267 1.3807688 1
1745161399007 1.3772051 2
1745161399757 1.3699305 3
1745161400605 1.3669732 4
1745161401366 1.3685377 5
1745161402121 1.3757782 6
1745161402870 1.3861477 7
1745161403641 1.3907994 0
1745161404401 1.3910574 1
1745161405157 1.3900347 2
1745161405906 1.3872075 3
1745161406656 1.3834583 4
1745161407408 1.3798982 5
1745161408159 1.3796964 6
1745161408908 1.3835965 7
1745161409667 1.3838038 0
1745161410413 1.3857088 1
1745161411164 1.3892651 2
1745161411915 1.3908417 3
1745161412665 1.392486 4
1745161413419 1.3962009 5
1745161414172 1.3982685 6
1745161414933 1.3959513 7
1745161415683 1.3949794 0
1745161416437 1.3949313 1
1745161417193 1.3958602 2
1745161417951 1.3929622 3
1745161418709 1.3902643 4
1745161419450 1.3820286 5
1745161420195 1.3755217 6
1745161420947 1.3700459 7
1745161421708 1.3679067 0
1745161422457 1.3692889 1
1745161423207 1.3708005 2
1745161423956 1.3736296 3
1745161424702 1.3765992 4
1745161425441 1.3770995 5
1745161426185 1.37784 6
1745161426938 1.381582 7
1745161427710 1.3912885 0
1745161428455 1.3994939 1
1745161429203 1.4027424 2
1745161429943 1.397081 3
1745161430693 1.3904845 4
1745161431437 1.3828468 5
1745161432182 1.3783509 6
1745161432929 1.3757467 7
1745161433685 1.3735906 0
1745161434428 1.3710942 1
1745161435169 1.369466 2
1745161435916 1.3681138 3
1745161436667 1.3722279 4
1745161437411 1.3740399 5
1745161438161 1.3743273 6
1745161438905 1.3756909 7
1745161439665 1.3759692 0
1745161440412 1.3832772 1
1745161441166 1.3894992 2
1745161441921 1.3956542 3
1745161442663 1.3953912 4
1745161443417 1.3926373 5
1745161444165 1.3853658 6
1745161444920 1.3834436 7
1745161445669 1.3816563 0
1745161446420 1.376964 1
1745161447156 1.3755486 2
1745161447902 1.3726465 3
1745161448647 1.3835168 4
1745161449393 1.3919451 5
1745161450138 1.39773 6
1745161450890 1.40079 7
1745161451651 1.4007692 0
1745161452394 1.398839 1
1745161453144 1.3931192 2
1745161453902 1.386148 3
1745161454647 1.3783889 4
1745161455396 1.3729532 5
1745161456141 1.3657798 6
1745161456887 1.365761 7
1745161457645 1.3668733 0
1745161458392 1.3763905 1
1745161459142 1.3824344 2
1745161459899 1.386989 3
1745161460650 1.3934624 4
1745161461400 1.3999021 5
1745161462149 1.3957831 6
1745161462902 1.3883499 7
1745161463660 1.3795948 0
1745161464400 1.3645864 1
1745161465145 1.3579874 2
1745161465894 1.370497 3
1745161466643 1.3835685 4
1745161467394 1.4022417 5
1745161468137 1.4154108 6
1745161468885 1.4211144 7
1745161469655 1.4166338 0
1745161470403 1.4051437 1
1745161471156 1.3921683 2
1745161471908 1.3806489 3
1745161472661 1.3717183 4
1745161473410 1.3658955 5
1745161474166 1.3722484 6
1745161474904 1.3808339 7
1745161475762 1.3876305 0
1745161476506 1.391959 1
1745161477255 1.3943079 2
1745161478008 1.3973277 3
1745161478759 1.4013388 4
1745161479506 1.4068 5
1745161480271 1.4068389 6
1745161481015 1.4042962 7
1745161481780 1.3991647 0
1745161482522 1.3910389 1
1745161483271 1.3807149 2
1745161484019 1.3726294 3
1745161484776 1.3700156 4
1745161485521 1.3716469 5
1745161486269 1.3805048 6
1745161487015 1.3872192 7
1745161487772 1.3919795 0
1745161488521 1.3869476 1
1745161489271 1.3727788 2
1745161490022 1.3627317 3
1745161490777 1.3580415 4
1745161491524 1.363198 5
1745161492274 1.3753963 6
1745161493023 1.3882751 7
1745161493778 1.397888 0
1745161494525 1.4024987 1
1745161495275 1.4029713 2
1745161496032 1.40336 3
1745161496772 1.3966032 4
1745161497523 1.3879652 5
1745161498270 1.3747654 6
1745161499014 1.3659276 7
1745161499769 1.3614805 0
1745161500522 1.3558713 1
1745161501267 1.3577452 2
1745161502011 1.3633664 3
1745161502754 1.3620052 4
1745161503513 1.3671651 5
1745161504259 1.3716002 6
1745161505006 1.3796421 7
1745161505758 1.3865001 0
1745161506507 1.3908765 1
1745161507254 1.392536 2
1745161508013 1.391191 3
1745161508765 1.3836017 4
1745161509526 1.37152 5
1745161510274 1.3592782 6
1745161511022 1.3486657 7
1745161511777 1.3376343 0
1745161512531 1.3277342 1
1745161513273 1.3261402 2
1745161514025 1.3299506 3
1745161514773 1.3488259 4
1745161515536 1.3651766 5
1745161516285 1.3527483 6
1745161517037 1.3302987 7
1745161517790 1.3443601 0
1745161518541 1.3808919 1
1745161519292 1.407742 2
1745161520040 1.4113376 3
1745161520792 1.4069276 4
1745161521541 1.3941681 5
1745161522300 1.3728776 6
1745161523043 1.3631699 7
1745161523801 1.3694937 0
1745161524550 1.3940723 1
1745161525306 1.4232574 2
1745161526056 1.4319041 3
1745161526805 1.4219317 4
1745161527556 1.4016703 5
1745161528303 1.3759615 6
1745161529058 1.357635 7
1745161529842 1.3489759 0
1745161530598 1.3567796 1
1745161531349 1.3680522 2
1745161532092 1.3680282 3
1745161532844 1.3705105 4
1745161533585 1.3744481 5
1745161534331 1.3811796 6
1745161535078 1.3848314 7
1745161535833 1.3843136 0
1745161536583 1.3868663 1
1745161537339 1.3855659 2
1745161538085 1.3867395 3
1745161538830 1.3927579 4
1745161539577 1.4031429 5
1745161540329 1.4001534 6
1745161541072 1.3830013 7
1745161541829 1.3806953 0
1745161542579 1.3841811 1
1745161543329 1.3955252 2
1745161544079 1.3994915 3
1745161544838 1.3986017 4
1745161545586 1.3893585 5
1745161546335 1.39039 6
1745161547082 1.3889489 7
1745161547837 1.3901188 0
1745161548583 1.3885255 1
1745161549332 1.384577 2
1745161550082 1.3747683 3
1745161550917 1.3694534 4
1745161551672 1.3574219 5
1745161552421 1.3627589 6
1745161553173 1.3561585 7
1745161553936 1.3634334 0
1745161554687 1.3643701 1
1745161555428 1.3584619 2
1745161556181 1.3601854 3
1745161556926 1.3683755 4
1745161557671 1.3790791 5
1745161558414 1.3881984 6
1745161559163 1.3937395 7
1745161559922 1.4107058 0
1745161560670 1.4108405 1
1745161561422 1.4011929 2
1745161562168 1.3915892 3
1745161562915 1.3782514 4
1745161563659 1.3712536 5
1745161564400 1.376111 6
1745161565160 1.3880105 7
1745161565920 1.3941221 0
1745161566678 1.3923482 1
1745161567422 1.3739159 2
1745161568173 1.3481729 3
1745161568918 1.3481026 4
1745161569660 1.3716409 5
1745161570411 1.413613 6
1745161571155 1.453154 7
1745161571913 1.470273 0
1745161572662 1.4571617 1
1745161573417 1.4220026 2
1745161574174 1.3975377 3
1745161574927 1.3781513 4
1745161575676 1.3645587 5
1745161576419 1.3630667 6
1745161577168 1.3666077 7
1745161577928 1.3678987 0
1745161578674 1.3607986 1
1745161579420 1.3364406 2
1745161580167 1.3234736 3
1745161580918 1.3229203 4
1745161581669 1.3410459 5
1745161582435 1.3818657 6
1745161583185 1.433317 7
1745161583962 1.469568 0
1745161584716 1.4932766 1
1745161585471 1.481817 2
1745161586222 1.4368628 3
1745161586984 1.3893976 4
1745161587729 1.3513896 5
1745161588473 1.3308668 6
1745161589217 1.3614054 7
1745161589984 1.4277692 0
1745161590730 1.4992945 1
1745161591481 1.4786363 2
1745161592227 1.4085437 3
1745161592987 1.3812444 4
1745161593734 1.3715777 5
1745161594485 1.3655801 6
1745161595232 1.3642855 7
1745161595996 1.3653269 0
1745161596754 1.374546 1
1745161597505 1.3888752 2
1745161598249 1.406333 3
1745161599006 1.4079694 4
1745161599754 1.405251 5
1745161600508 1.4003236 6
1745161601245 1.393153 7
1745161602006 1.3939393 0
1745161602757 1.3934715 1
1745161603512 1.4038124 2
1745161604263 1.414453 3
1745161605020 1.4086127 4
1745161605778 1.3941321 5
1745161606524 1.3834181 6
1745161607277 1.3831005 7
1745161608044 1.3867935 0
1745161608794 1.3966796 1
1745161609538 1.3986714 2
1745161610292 1.389859 3
1745161611038 1.3805978 4
1745161611787 1.3812699 5
1745161612541 1.387411 6
1745161613285 1.3987792 7
1745161614048 1.4075269 0
1745161614801 1.4190469 1
1745161615550 1.4160159 2
1745161616302 1.4102001 3
1745161617055 1.4017999 4
1745161617809 1.3980553 5
1745161618566 1.3937271 6
1745161619311 1.3927665 7
1745161620067 1.3925617 0
1745161620823 1.3946886 1
1745161621589 1.3976793 2
1745161622329 1.3913772 3
1745161623082 1.3918352 4
1745161623835 1.3871273 5
1745161624582 1.3823769 6
1745161625322 1.3876991 7
1745161626168 1.3873186 0
1745161627012 1.3889637 1
1745161627762 1.394644 2
1745161628507 1.3938817 3
1745161629264 1.4001702 4
1745161630018 1.4040153 5
1745161630774 1.3965354 6
1745161631518 1.3948524 7
1745161632285 1.3953795 0
1745161633046 1.3961818 1
1745161633789 1.3966328 2
1745161634533 1.3930885 3
1745161635277 1.3865702 4
1745161636034 1.3790982 5
1745161636783 1.3747362 6
1745161637537 1.3725054 7
1745161638298 1.3657905 0
1745161639043 1.3611531 1
1745161639796 1.3568344 2
1745161640539 1.3591275 3
1745161641283 1.3621606 4
1745161642026 1.36585 5
1745161642776 1.3744059 6
1745161643517 1.3757699 7
1745161644284 1.3825932 0
1745161645031 1.3855803 1
1745161645790 1.3821714 2
1745161646533 1.3831047 3
1745161647285 1.3836281 4
1745161648032 1.381497 5
1745161648790 1.3835094 6
1745161649541 1.3870277 7
1745161650294 1.3841763 0
1745161651040 1.3817712 1
1745161651796 1.3841486 2
1745161652548 1.382405 3
1745161653297 1.3871163 4
1745161654054 1.3796583 5
1745161654812 1.3864086 6
1745161655561 1.3856251 7
1745161656313 1.3877776 0
1745161657054 1.3893263 1
1745161657802 1.3803728 2
1745161658549 1.3794118 3
1745161659290 1.371229 4
1745161660049 1.3680506 5
1745161660802 1.3670368 6
1745161661546 1.3578644 7
1745161662299 1.3500961 0
1745161663047 1.356284 1
1745161663793 1.3771899 2
1745161664540 1.4054527 3
1745161665286 1.4016869 4
1745161666036 1.3882484 5
1745161666786 1.3803506 6
1745161667540 1.3748798 7
1745161668299 1.3759385 0
1745161669049 1.3786954 1
1745161669801 1.3797481 2
1745161670553 1.3821542 3
1745161671308 1.3880737 4
1745161672056 1.3890269 5
1745161672804 1.397346 6
1745161673553 1.3933136 7
1745161674312 1.3891613 0
1745161675057 1.3847027 1
1745161675805 1.3897898 2
1745161676554 1.3967998 3
1745161677300 1.3959234 4
1745161678051 1.4033446 5
1745161678802 1.4043248 6
1745161679568 1.4028491 7
1745161680335 1.3864837 0
1745161681081 1.3964599 1
1745161681833 1.4014776 2
1745161682582 1.4049037 3
1745161683339 1.4130617 4
1745161684078 1.4183384 5
1745161684831 1.422075 6
1745161685577 1.4245937 7
1745161686340 1.4182693 0
1745161687089 1.4172636 1
1745161687840 1.4130121 2
1745161688595 1.4082096 3
1745161689342 1.394231 4
1745161690088 1.3704736 5
1745161690844 1.3463264 6
1745161691592 1.3329024 7
1745161692350 1.328923 0
1745161693102 1.3414056 1
1745161693862 1.3549352 2
1745161694611 1.3632197 3
1745161695368 1.3731012 4
1745161696121 1.3813763 5
1745161696866 1.3873727 6
1745161697609 1.3931189 7
1745161698376 1.3858546 0
1745161699135 1.3785183 1
1745161699884 1.3704932 2
1745161700633 1.3654611 3
1745161701471 1.3641901 4
1745161702217 1.3693042 5
1745161702967 1.3754454 6
1745161703715 1.3848974 7
1745161704472 1.3959912 0
1745161705218 1.4061458 1
1745161705966 1.4111674 2
1745161706717 1.4117272 3
1745161707467 1.4077108 4
1745161708216 1.3925865 5
1745161708962 1.3795636 6
1745161709716 1.3715174 7
1745161710479 1.3750454 0
1745161711231 1.3839633 1
1745161711977 1.4065812 2
1745161712724 1.4244368 3
1745161713476 1.4214456 4
1745161714227 1.4060841 5
1745161714979 1.3792288 6
1745161715732 1.3643074 7
1745161716494 1.3579652 0
1745161717237 1.3577197 1
1745161717990 1.3624179 2
1745161718739 1.3635011 3
1745161719494 1.3717494 4
1745161720245 1.3848047 5
1745161720995 1.3907164 6
1745161721735 1.3943634 7
1745161722499 1.3938981 0
1745161723245 1.3953738 1
1745161723991 1.39582 2
1745161724741 1.3945689 3
1745161725486 1.3962482 4
1745161726240 1.40573 5
1745161726988 1.4104545 6
1745161727740 1.4043404 7
1745161728498 1.4048607 0
1745161729252 1.3906718 1
1745161730001 1.3784027 2
1745161730743 1.3645589 3
1745161731493 1.3552213 4
1745161732249 1.3474467 5
1745161732997 1.3559277 6
1745161733749 1.3696702 7
1745161734507 1.3966556 0
1745161735267 1.4034429 1
1745161736020 1.4066657 2
1745161736768 1.4026854 3
1745161737527 1.39943 4
1745161738284 1.3949904 5
1745161739034 1.4014041 6
1745161739785 1.3946431 7
1745161740546 1.3908157 0
1745161741298 1.3839977 1
1745161742056 1.3775022 2
1745161742805 1.3726265 3
1745161743550 1.3792363 4
1745161744297 1.3929869 5
1745161745044 1.4002907 6
1745161745792 1.4006605 7
1745161746542 1.3957689 0
1745161747297 1.3953123 1
1745161748050 1.389548 2
1745161748795 1.3793564 3
1745161749541 1.3669574 4
1745161750299 1.3653219 5
1745161751048 1.3766522 6
1745161751794 1.3832691 7
1745161752549 1.3882452 0
1745161753301 1.3991532 1
1745161754055 1.4096875 2
1745161754803 1.4196951 3
1745161755553 1.4131505 4
1745161756300 1.3967931 5
1745161757054 1.3758559 6
1745161757802 1.3562546 7
1745161758567 1.3486979 0
1745161759315 1.3560746 1
1745161760063 1.3693069 2
1745161760804 1.391758 3
1745161761553 1.4038453 4
1745161762301 1.4139407 5
1745161763055 1.4176564 6
1745161763809 1.4138205 7
1745161764563 1.4097375 0
1745161765314 1.4057307 1
1745161766066 1.3997163 2
1745161766811 1.3926256 3
1745161767561 1.3845032 4
1745161768307 1.3743815 5
1745161769058 1.3647097 6
1745161769824 1.3565106 7
1745161770586 1.347006 0
1745161771333 1.3402548 1
1745161772086 1.3452418 2
1745161772829 1.3547399 3
1745161773576 1.3588425 4
1745161774368 1.3812411 5
1745161775117 1.39622 6
1745161775880 1.4087174 7
1745161776740 1.4170971 0
1745161777482 1.42165 1
1745161778238 1.4180348 2
1745161778984 1.4145781 3
1745161779728 1.4075351 4
1745161780478 1.4125601 5
1745161781234 1.4204986 6
1745161781975 1.4221237 7
1745161782730 1.4224205 0
1745161783476 1.4166658 1
1745161784220 1.4098439 2
1745161784961 1.4009242 3
1745161785722 1.3845297 4
1745161786473 1.3740773 5
1745161787212 1.369086 6
1745161787954 1.3659724 7
1745161788712 1.3691354 0
1745161789460 1.3723936 1
1745161790201 1.3710678 2
1745161790946 1.3739979 3
1745161791700 1.3689458 4
1745161792442 1.3805277 5
1745161793191 1.3869648 6
1745161793943 1.3837306 7
1745161794700 1.3894615 0
1745161795448 1.3730351 1
1745161796193 1.3681794 2
1745161796941 1.3684864 3
1745161797685 1.3799176 4
1745161798431 1.3848655 5
1745161799176 1.3920279 6
1745161799921 1.3899829 7
1745161800680 1.3877175 0
1745161801423 1.3886912 1
1745161802169 1.3893112 2
1745161802908 1.3883781 3
1745161803651 1.391757 4
1745161804395 1.3885903 5
1745161805142 1.3884592 6
1745161805894 1.3803618 7
1745161806650 1.3835504 0
1745161807399 1.3823981 1
1745161808151 1.3956118 2
1745161808888 1.4223864 3
1745161809638 1.4257805 4
1745161810384 1.4260114 5
1745161811124 1.4100811 6
1745161811867 1.4017243 7
1745161812627 1.3993849 0
1745161813366 1.4002435 1
1745161814108 1.3985074 2
1745161814853 1.3990538 3
1745161815598 1.3922389 4
1745161816342 1.3903422 5
1745161817090 1.3872015 6
1745161817837 1.3837931 7
1745161818593 1.3818064 0
1745161819346 1.3841531 1
1745161820120 1.3880792 2
1745161820887 1.3867558 3
1745161821659 1.3860451 4
1745161822434 1.3806102 5
1745161823184 1.3784795 6
1745161823925 1.375097 7
1745161824684 1.3746469 0
1745161825433 1.371618 1
1745161826181 1.3688968 2
1745161826925 1.3667524 3
1745161827677 1.3658699 4
1745161828420 1.3651831 5
1745161829163 1.3634926 6
1745161829910 1.3689625 7
1745161830664 1.3718863 0
1745161831404 1.378731 1
1745161832148 1.3787048 2
1745161832895 1.3849702 3
1745161833645 1.389524 4
1745161834390 1.394789 5
1745161835129 1.3912587 6
1745161835877 1.4004486 7
1745161836628 1.3985949 0
1745161837372 1.4030075 1
1745161838117 1.4041232 2
1745161838859 1.4067004 3
1745161839609 1.398433 4
1745161840356 1.3907099 5
1745161841104 1.3859518 6
1745161841845 1.3817503 7
1745161842596 1.3795133 0
1745161843347 1.3803185 1
1745161844092 1.3784423 2
1745161844832 1.3790646 3
1745161845594 1.3766787 4
1745161846344 1.3737106 5
1745161847091 1.3726995 6
1745161847837 1.3761219 7
1745161848595 1.3737301 0
1745161849345 1.3769461 1
1745161850084 1.3696713 2
1745161850830 1.3701777 3
1745161851670 1.374443 4
1745161852416 1.3779263 5
1745161853177 1.3803948 6
1745161853921 1.3842348 7
1745161854672 1.3805817 0
1745161855416 1.3806293 1
1745161856161 1.3748349 2
1745161856907 1.3710059 3
1745161857651 1.366952 4
1745161858393 1.3651929 5
1745161859144 1.3663357 6
1745161859890 1.368828 7
1745161860653 1.3713812 0
1745161861406 1.3702939 1
1745161862156 1.368345 2
1745161862903 1.363816 3
1745161863652 1.3701999 4
1745161864392 1.3799995 5
1745161865135 1.3860347 6
1745161865873 1.3917744 7
1745161866627 1.3895845 0
1745161867373 1.3750694 1
1745161868121 1.3694091 2
1745161868863 1.3679025 3
1745161869608 1.3719047 4
1745161870356 1.3797004 5
1745161871104 1.3862638 6
1745161871852 1.402703 7
1745161872606 1.4058633 0
1745161873352 1.3966696 1
1745161874105 1.3844113 2
1745161874847 1.3668919 3
1745161875597 1.3524542 4
1745161876339 1.3456113 5
1745161877089 1.3439298 6
1745161877828 1.3558834 7
1745161878588 1.3685552 0
1745161879333 1.3771892 1
1745161880087 1.3862749 2
1745161880839 1.3969963 3
1745161881584 1.3911495 4
1745161882334 1.38747 5
1745161883079 1.3918664 6
1745161883825 1.3984295 7
1745161884587 1.3948331 0
1745161885336 1.394274 1
1745161886079 1.4049481 2
1745161886828 1.4002371 3
1745161887574 1.393358 4
1745161888315 1.3804564 5
1745161889057 1.3610578 6
1745161889804 1.3551778 7
1745161890559 1.3607457 0
1745161891322 1.3705993 1
1745161892071 1.3587209 2
1745161892820 1.3580372 3
1745161893563 1.3679914 4
1745161894308 1.3813436 5
1745161895055 1.3862545 6
1745161895803 1.38289 7
1745161896566 1.3819835 0
1745161897309 1.3774152 1
1745161898050 1.3891456 2
1745161898802 1.4037459 3
1745161899550 1.4140365 4
1745161900298 1.4177972 5
1745161901040 1.4187481 6
1745161901786 1.4145187 7
1745161902539 1.407093 0
1745161903284 1.4042764 1
1745161904025 1.3962672 2
1745161904770 1.3952963 3
1745161905511 1.3923435 4
1745161906247 1.3875945 5
1745161906991 1.3887646 6
1745161907737 1.3979051 7
1745161908494 1.4000027 0
1745161909238 1.4030447 1
1745161909984 1.3904338 2
1745161910725 1.374948 3
1745161911472 1.3577348 4
1745161912227 1.3449278 5
1745161912982 1.3366387 6
1745161913725 1.343049 7
1745161914492 1.3605223 0
1745161915240 1.3810041 1
1745161915975 1.4057883 2
1745161916715 1.4161351 3
1745161917463 1.4262397 4
1745161918209 1.4307642 5
1745161918952 1.422498 6
1745161919696 1.4202231 7
1745161920456 1.408998 0
1745161921196 1.4049507 1
1745161921937 1.3980379 2
1745161922684 1.386333 3
1745161923434 1.3805611 4
1745161924177 1.3814255 5
1745161924931 1.3825884 6
1745161925668 1.3858608 7
1745161926519 1.3940254 0
1745161927261 1.3997633 1
1745161928014 1.4048188 2
1745161928759 1.4063005 3
1745161929516 1.4002128 4
1745161930260 1.3936788 5
1745161931004 1.3796624 6
1745161931752 1.3674965 7
1745161932506 1.3694484 0
1745161933251 1.375675 1
1745161934000 1.3831676 2
1745161934735 1.3965592 3
1745161935476 1.4083645 4
1745161936223 1.4135196 5
1745161936970 1.4121258 6
1745161937715 1.4102008 7
1745161938473 1.4076548 0
1745161939217 1.4042389 1
1745161939969 1.4029961 2
1745161940725 1.4028542 3
1745161941468 1.3983469 4
1745161942214 1.3943172 5
1745161942956 1.3875797 6
1745161943700 1.3811994 7
1745161944458 1.377269 0
1745161945203 1.3763266 1
1745161945953 1.3769498 2
1745161946689 1.3753116 3
1745161947435 1.3787713 4
1745161948187 1.3826641 5
1745161948927 1.3819337 6
1745161949680 1.382833 7
1745161950432 1.3833992 0
1745161951183 1.3854547 1
1745161951923 1.3880049 2
1745161952680 1.3961607 3
1745161953440 1.4023774 4
1745161954196 1.3991458 5
1745161954940 1.3944066 6
1745161955690 1.3914356 7
1745161956452 1.3937125 0
1745161957203 1.4000385 1
1745161957955 1.4035603 2
1745161958698 1.4041121 3
1745161959445 1.4017284 4
1745161960187 1.3964312 5
1745161960937 1.3923613 6
1745161961685 1.389005 7
1745161962445 1.3855101 0
1745161963191 1.3841351 1
1745161963948 1.3847247 2
1745161964696 1.3918433 3
1745161965458 1.3918593 4
1745161966215 1.3914059 5
1745161966966 1.3948388 6
1745161967720 1.3908329 7
1745161968476 1.3905464 0
1745161969221 1.3860066 1
1745161969976 1.3818259 2
1745161970725 1.3829055 3
1745161971476 1.3866913 4
1745161972216 1.3888086 5
1745161972977 1.3910484 6
1745161973722 1.3948028 7
1745161974481 1.3959925 0
1745161975229 1.3938856 1
1745161975975 1.3940301 2
1745161976724 1.392599 3
1745161977470 1.3920803 4
1745161978214 1.3883331 5
1745161978963 1.3880568 6
1745161979709 1.3885883 7
1745161980471 1.386956 0
1745161981214 1.3900988 1
1745161981958 1.3899564 2
1745161982708 1.3856672 3
1745161983460 1.3875121 4
1745161984215 1.388402 5
1745161984961 1.3871124 6
1745161985712 1.3886044 7
1745161986471 1.3891381 0
1745161987217 1.3930349 1
1745161987967 1.3869135 2
1745161988715 1.38783 3
1745161989456 1.3847735 4
1745161990193 1.3835242 5
1745161990934 1.3844955 6
1745161991683 1.3856065 7
1745161992442 1.3858871 0
1745161993184 1.3894205 1
1745161993927 1.3901865 2
1745161994673 1.390263 3
1745161995425 1.3902538 4
1745161996173 1.3914096 5
1745161996918 1.3872331 6
1745161997670 1.3839799 7
1745161998426 1.3809557 0
1745161999172 1.378835 1
1745161999922 1.3814313 2
1745162000670 1.3868773 3
1745162001499 1.3910553 4
1745162002242 1.3909358 5
1745162002985 1.3936615 6
1745162003735 1.390413 7
1745162004484 1.3918073 0
1745162005232 1.390039 1
1745162005981 1.3892729 2
1745162006741 1.3921819 3
1745162007484 1.3900502 4
1745162008226 1.3880671 5
1745162008966 1.3889353 6
1745162009721 1.382601 7
1745162010477 1.3766235 0
1745162011225 1.3714619 1
1745162011969 1.3675907 2
1745162012713 1.366 3
1745162013466 1.374357 4
1745162014212 1.3764799 5
1745162014955 1.3829126 6
1745162015694 1.3822641 7
1745162016448 1.3883207 0
1745162017193 1.3901131 1
1745162017937 1.387429 2
1745162018682 1.3896716 3
1745162019426 1.3905499 4
1745162020170 1.3913124 5
1745162020915 1.3854878 6
1745162021655 1.3768358 7
1745162022411 1.3700266 0
1745162023161 1.3689322 1
1745162023905 1.3732083 2
1745162024654 1.3853837 3
1745162025401 1.3939288 4
1745162026147 1.4032543 5
1745162026896 1.408705 6
1745162027647 1.4103781 7
1745162028411 1.4100618 0
1745162029154 1.4020138 1
1745162029894 1.3908019 2
1745162030631 1.3844349 3
1745162031374 1.3800292 4
1745162032123 1.3816178 5
1745162032862 1.3858933 6
1745162033615 1.3803226 7
1745162034379 1.3852835 0
1745162035118 1.3854231 1
1745162035860 1.3837898 2
1745162036604 1.3872492 3
1745162037353 1.3873842 4
1745162038100 1.3920491 5
1745162038842 1.3933065 6
1745162039587 1.3951459 7
1745162040348 1.3966708 0
1745162041101 1.398971 1
1745162041848 1.4014641 2
1745162042594 1.3927345 3
1745162043337 1.38684 4
1745162044079 1.3856716 5
1745162044828 1.381594 6
1745162045579 1.3785121 7
1745162046340 1.3763862 0
1745162047094 1.3730001 1
1745162047846 1.3679379 2
1745162048592 1.3674288 3
1745162049337 1.3766302 4
1745162050093 1.3836253 5
1745162050832 1.3934188 6
1745162051574 1.4083686 7
1745162052337 1.4054008 0
1745162053084 1.4020256 1
1745162053829 1.3925086 2
1745162054578 1.3884871 3
1745162055323 1.3920081 4
1745162056068 1.3934746 5
1745162056815 1.397948 6
1745162057559 1.4036791 7
1745162058320 1.4036564 0
1745162059061 1.4001932 1
1745162059808 1.3991847 2
1745162060550 1.3944116 3
1745162061294 1.3919778 4
1745162062042 1.389812 5
1745162062791 1.389854 6
1745162063537 1.3907385 7
1745162064291 1.3890076 0
1745162065033 1.3918147 1
1745162065776 1.3886147 2
1745162066518 1.3900609 3
1745162067263 1.3860681 4
1745162068010 1.3862975 5
1745162068759 1.3842468 6
1745162069514 1.3794454 7
1745162070271 1.3795456 0
1745162071019 1.3776813 1
1745162071771 1.3754301 2
1745162072523 1.3821334 3
1745162073272 1.389319 4
1745162074017 1.396197 5
1745162074791 1.3998971 6
1745162075540 1.4028649 7
1745162076388 1.3977009 0
1745162077138 1.3935959 1
1745162077895 1.3925688 2
1745162078637 1.3951167 3
1745162079380 1.3924992 4
1745162080130 1.390509 5
1745162080884 1.3918245 6
1745162081629 1.3915501 7
1745162082387 1.3941362 0
1745162083133 1.3953732 1
1745162083889 1.3919823 2
1745162084633 1.3889456 3
1745162085391 1.3837106 4
1745162086137 1.3804553 5
1745162086878 1.3767247 6
1745162087634 1.3826218 7
1745162088387 1.3856642 0
1745162089133 1.3874749 1
1745162089880 1.3893483 2
1745162090624 1.3876064 3
1745162091374 1.3898599 4
1745162092122 1.3952699 5
1745162092869 1.3997291 6
1745162093610 1.4009848 7
1745162094370 1.4016023 0
1745162095108 1.4008478 1
1745162095846 1.3986971 2
1745162096604 1.3939258 3
1745162097347 1.3856983 4
1745162098096 1.3844597 5
1745162098840 1.3794595 6
1745162099600 1.3793607 7
1745162100367 1.3749781 0
1745162101111 1.3779124 1
1745162101857 1.3798658 2
1745162102609 1.3835201 3
1745162103355 1.3876703 4
1745162104107 1.4001755 5
1745162104854 1.3988726 6
1745162105597 1.4014738 7
1745162106353 1.3977362 0
1745162107093 1.3910272 1
1745162107844 1.3892455 2
1745162108593 1.3891699 3
1745162109342 1.3865166 4
1745162110093 1.3810849 5
1745162110846 1.3769623 6
1745162111595 1.3778908 7
1745162112348 1.3849828 0
1745162113094 1.3886466 1
1745162113844 1.3931894 2
1745162114588 1.392761 3
1745162115338 1.3899612 4
1745162116086 1.3856096 5
1745162116835 1.3814645 6
1745162117585 1.3835621 7
1745162118353 1.3893011 0
1745162119093 1.3964925 1
1745162119840 1.400162 2
1745162120585 1.3969083 3
1745162121337 1.3967891 4
1745162122087 1.3914976 5
1745162122830 1.388191 6
1745162123578 1.38601 7
1745162124332 1.3889508 0
1745162125086 1.3928905 1
1745162125828 1.3952233 2
1745162126571 1.3967086 3
1745162127320 1.3914362 4
1745162128074 1.3860648 5
1745162128821 1.3828206 6
1745162129561 1.377987 7
1745162130325 1.379264 0
1745162131064 1.3845816 1
1745162131813 1.3928349 2
1745162132555 1.395303 3
1745162133305 1.3953906 4
1745162134058 1.3922937 5
1745162134801 1.3856008 6
1745162135551 1.3840207 7
1745162136301 1.3774333 0
1745162137040 1.3787546 1
1745162137786 1.3845093 2
1745162138536 1.3885121 3
1745162139274 1.3951936 4
1745162140024 1.3924577 5
1745162140765 1.3970585 6
1745162141506 1.3953452 7
1745162142262 1.3907651 0
1745162143011 1.3841164 1
1745162143782 1.3784115 2
1745162144524 1.3784289 3
1745162145273 1.3792832 4
1745162146016 1.3853884 5
1745162146765 1.3894594 6
1745162147516 1.3974166 7
1745162148279 1.4002693 0
1745162149026 1.3954823 1
1745162149766 1.3887806 2
1745162150512 1.3789407 3
1745162151351 1.3764329 4
1745162152094 1.3807025 5
1745162152841 1.3825387 6
1745162153593 1.3861802 7
1745162154347 1.3909144 0
1745162155106 1.3917196 1
1745162155853 1.3896163 2
1745162156597 1.3888036 3
1745162157345 1.3857977 4
1745162158090 1.3854976 5
1745162158833 1.3838418 6
1745162159579 1.3835207 7
1745162160339 1.388603 0
1745162161087 1.3892965 1
1745162161833 1.3949426 2
1745162162575 1.3952057 3
1745162163326 1.395095 4
1745162164087 1.3910329 5
1745162164834 1.3838569 6
1745162165584 1.3802174 7
1745162166332 1.3794463 0
1745162167077 1.3836397 1
1745162167831 1.382827 2
1745162168567 1.386903 3
1745162169326 1.3888233 4
1745162170070 1.3893576 5
1745162170817 1.384974 6
1745162171576 1.3853656 7
1745162172346 1.3844329 0
1745162173093 1.3852441 1
1745162173855 1.3821605 2
1745162174607 1.3810043 3
1745162175352 1.381364 4
1745162176110 1.3814054 5
1745162176866 1.3816191 6
1745162177614 1.3844036 7
1745162178381 1.3909886 0
1745162179125 1.3900785 1
1745162179871 1.3857727 2
1745162180617 1.3805575 3
1745162181362 1.3813095 4
1745162182115 1.3812163 5
1745162182865 1.3856802 6
1745162183610 1.388432 7
1745162184367 1.3895581 0
1745162185117 1.3872712 1
1745162185867 1.3843275 2
1745162186619 1.3803203 3
1745162187363 1.3821992 4
1745162188109 1.3817317 5
1745162188863 1.3824008 6
1745162189615 1.3845737 7
1745162190377 1.3839183 0
1745162191129 1.3817726 1
1745162191880 1.3872207 2
1745162192642 1.3861496 3
1745162193389 1.3856072 4
1745162194142 1.3872064 5
1745162194894 1.3871772 6
1745162195643 1.3861747 7
1745162196400 1.3837008 0
1745162197151 1.3817155 1
1745162197894 1.381048 2
1745162198647 1.3787165 3
1745162199387 1.3811245 4
1745162200140 1.3807201 5
1745162200885 1.3856437 6
1745162201630 1.3870178 7
1745162202386 1.3881168 0
1745162203133 1.3866578 1
1745162203879 1.3858736 2
1745162204624 1.383177 3
1745162205377 1.3742816 4
1745162206129 1.3752607 5
1745162206879 1.3858902 6
1745162207629 1.393199 7
1745162208383 1.3987069 0
1745162209140 1.3935277 1
1745162209885 1.3855233 2
1745162210628 1.3771999 3
1745162211387 1.3722448 4
1745162212127 1.3726442 5
1745162212872 1.3783267 6
1745162213626 1.3825394 7
1745162214396 1.3860176 0
1745162215136 1.3924203 1
1745162215888 1.3942277 2
1745162216641 1.3895566 3
1745162217393 1.3829532 4
1745162218135 1.3798528 5
1745162218886 1.3817005 6
1745162219646 1.3853126 7
1745162220423 1.3895597 0
1745162221172 1.3919508 1
1745162221920 1.3915188 2
1745162222662 1.3904951 3
1745162223411 1.3892703 4
1745162224159 1.3851035 5
1745162224908 1.3797958 6
1745162225659 1.3762156 7
1745162226508 1.3790419 0
1745162227250 1.3865315 1
1745162227996 1.392596 2
1745162228740 1.3908656 3
1745162229484 1.3859562 4
1745162230236 1.3844576 5
1745162230987 1.3815334 6
1745162231731 1.380003 7
1745162232498 1.380529 0
1745162233242 1.3821101 1
1745162233990 1.3853478 2
1745162234735 1.3873067 3
1745162235494 1.3881595 4
1745162236243 1.3840468 5
1745162236991 1.3812873 6
1745162237746 1.3823593 7
1745162238500 1.3849514 0
1745162239246 1.3872976 1
1745162239989 1.3877952 2
1745162240739 1.3858463 3
1745162241485 1.3846914 4
1745162242230 1.3873405 5
1745162242982 1.3939734 6
1745162243734 1.3982896 7
1745162244490 1.3969593 0
1745162245235 1.387466 1
1745162245981 1.3695989 2
1745162246728 1.3625898 3
1745162247472 1.3768425 4
1745162248219 1.403236 5
1745162248968 1.411305 6
1745162249717 1.403707 7
1745162250476 1.3883669 0
1745162251227 1.3796961 1
1745162251982 1.3781192 2
1745162252731 1.3789704 3
1745162253490 1.3784014 4
1745162254238 1.3792284 5
1745162254983 1.377343 6
1745162255728 1.3760016 7
1745162256484 1.3713479 0
1745162257231 1.3742756 1
1745162257980 1.3805894 2
1745162258724 1.3984851 3
1745162259466 1.414322 4
1745162260222 1.4192204 5
1745162260974 1.4141169 6
1745162261716 1.4010642 7
1745162262478 1.391865 0
1745162263228 1.3842239 1
1745162263969 1.379006 2
1745162264714 1.3789754 3
1745162265461 1.3837109 4
1745162266211 1.388571 5
1745162266956 1.3883722 6
1745162267702 1.3849181 7
1745162268460 1.3782333 0
1745162269203 1.3738391 1
1745162269950 1.3776995 2
1745162270697 1.3796937 3
1745162271439 1.3852218 4
1745162272187 1.3953204 5
1745162272936 1.3957386 6
1745162273685 1.3966186 7
1745162274440 1.3917719 0
1745162275184 1.3860434 1
1745162275934 1.3862686 2
1745162276691 1.395539 3
1745162277447 1.3990998 4
1745162278201 1.4016696 5
1745162278955 1.3911114 6
1745162279705 1.3836336 7
1745162280470 1.3771288 0
1745162281215 1.3727896 1
1745162281966 1.3778546 2
1745162282714 1.3835678 3
1745162283466 1.3854342 4
1745162284211 1.3920033 5
1745162284960 1.3968563 6
1745162285703 1.4042056 7
1745162286464 1.4060299 0
1745162287208 1.4018319 1
1745162287961 1.396148 2
1745162288704 1.3952241 3
1745162289450 1.3961748 4
1745162290194 1.396483 5
1745162290959 1.395364 6
1745162291708 1.3942392 7
1745162292458 1.3948367 0
1745162293199 1.3915 1
1745162293950 1.3923066 2
1745162294701 1.3954573 3
1745162295447 1.3951117 4
1745162296196 1.3942868 5
1745162296941 1.3937495 6
1745162297693 1.3910263 7
1745162298447 1.394516 0
1745162299197 1.395987 1
1745162299942 1.3982384 2
1745162300685 1.3996363 3
1745162301522 1.3961885 4
1745162302276 1.3914676 5
1745162303022 1.3830249 6
1745162303774 1.3766459 7
1745162304529 1.3799117 0
1745162305269 1.3807421 1
1745162306013 1.3903182 2
1745162306761 1.3929621 3
1745162307513 1.3948066 4
1745162308258 1.3957007 5
1745162309006 1.3967228 6
1745162309754 1.3937222 7
1745162310510 1.3912542 0
1745162311252 1.3904043 1
1745162311999 1.3887947 2
1745162312746 1.386259 3
1745162313494 1.3866328 4
1745162314240 1.3841202 5
1745162314988 1.3882675 6
1745162315729 1.388409 7
1745162316485 1.3967159 0
1745162317232 1.3950438 1
1745162317971 1.3957529 2
1745162318713 1.3905947 3
1745162319461 1.3843265 4
1745162320205 1.3788186 5
1745162320953 1.3747308 6
1745162321704 1.3745627 7
1745162322461 1.3781902 0
1745162323212 1.3790686 1
1745162323959 1.3788495 2
1745162324707 1.3810987 3
1745162325455 1.3859025 4
1745162326205 1.3854603 5
1745162326947 1.3849009 6
1745162327695 1.3862749 7
1745162328454 1.3836641 0
1745162329249 1.3796654 1
1745162329997 1.380459 2
1745162330753 1.3834634 3
1745162331499 1.3884842 4
1745162332246 1.3974501 5
1745162332988 1.3984575 6
1745162333737 1.3941835 7
1745162334500 1.38682 0
1745162335260 1.3794241 1
1745162335997 1.3785417 2
1745162336746 1.3755512 3
1745162337497 1.3822517 4
1745162338242 1.383484 5
1745162338990 1.3855982 6
1745162339738 1.3841786 7
1745162340500 1.3833677 0
1745162341237 1.380157 1
1745162341979 1.3804605 2
1745162342725 1.3804265 3
1745162343476 1.3786376 4
1745162344224 1.3829396 5
1745162344976 1.3798673 6
1745162345731 1.3798095 7
1745162346490 1.3842068 0
1745162347240 1.3849587 1
1745162347984 1.3943835 2
1745162348726 1.3958793 3
1745162349472 1.396562 4
1745162350223 1.3951337 5
1745162350968 1.3939703 6
1745162351719 1.3905201 7
1745162352482 1.3879476 0
1745162353234 1.3872793 1
1745162353980 1.3854547 2
1745162354748 1.3856012 3
1745162355488 1.3848631 4
1745162356235 1.3823607 5
1745162356980 1.3861921 6
1745162357724 1.3924689 7
1745162358474 1.394397 0
1745162359223 1.3967075 1
1745162359982 1.3940508 2
1745162360735 1.3909712 3
1745162361482 1.3876326 4
1745162362227 1.3901315 5
1745162362974 1.3916268 6
1745162363720 1.3906848 7
1745162364466 1.3884401 0
1745162365214 1.3888572 1
1745162365960 1.3869365 2
1745162366698 1.3872125 3
1745162367443 1.3875089 4
1745162368194 1.3895335 5
1745162368940 1.3895826 6
1745162369677 1.3903258 7
1745162370447 1.3896441 0
1745162371193 1.3873506 1
1745162371942 1.3881359 2
1745162372687 1.3891761 3
1745162373426 1.3904352 4
1745162374169 1.390657 5
1745162374921 1.3911417 6
1745162375662 1.3926325 7
1745162376510 1.3938274 0
1745162377340 1.3942966 1
1745162378100 1.3940566 2
1745162378842 1.3915385 3
1745162379589 1.3877816 4
1745162380327 1.3845696 5
1745162381069 1.3789654 6
1745162381811 1.376132 7
1745162382564 1.3766077 0
1745162383313 1.3753767 1
1745162384064 1.3753517 2
1745162384797 1.3780937 3
1745162385547 1.3818486 4
1745162386290 1.3861251 5
1745162387032 1.3901975 6
1745162387774 1.3967574 7
1745162388526 1.4013239 0
1745162389267 1.4046199 1
1745162390003 1.4031441 2
1745162390753 1.3989663 3
1745162391503 1.3926835 4
1745162392239 1.3890162 5
1745162392988 1.3911204 6
1745162393740 1.3937037 7
1745162394485 1.3958321 0
1745162395235 1.3993821 1
1745162395989 1.400373 2
1745162396732 1.3948363 3
1745162397477 1.3871647 4
1745162398223 1.3807434 5
1745162398969 1.3744929 6
1745162399715 1.3736494 7
1745162400475 1.3718141 0
1745162401219 1.3724077 1
1745162401965 1.3755083 2
1745162402712 1.3788068 3
1745162403454 1.3840781 4
1745162404194 1.3877766 5
1745162404936 1.3932902 6
1745162405678 1.3968545 7
1745162406434 1.397521 0
1745162407181 1.3981798 1
1745162407919 1.3978298 2
1745162408668 1.3952713 3
1745162409416 1.3925858 4
1745162410165 1.3890169 5
1745162410921 1.3883345 6
1745162411677 1.3867395 7
1745162412438 1.3860725 0
1745162413179 1.3886573 1
1745162413927 1.3893015 2
1745162414674 1.3924125 3
1745162415419 1.3922753 4
1745162416173 1.3921374 5
1745162416923 1.3889258 6
1745162417678 1.3853714 7
1745162418432 1.3837262 0
1745162419182 1.3827302 1
1745162419922 1.3800511 2
1745162420671 1.3794088 3
1745162421421 1.3806367 4
1745162422169 1.3811588 5
1745162422910 1.384196 6
1745162423666 1.3852184 7
1745162424425 1.388007 0
1745162425161 1.3877301 1
1745162425903 1.387747 2
1745162426652 1.3882792 3
1745162427400 1.388087 4
1745162428153 1.3862416 5
1745162428903 1.3873262 6
1745162429646 1.3860823 7
1745162430408 1.3857291 0
1745162431151 1.3845793 1
1745162431894 1.3821914 2
1745162432642 1.3842039 3
1745162433386 1.3841189 4
1745162434135 1.3917149 5
1745162434883 1.392029 6
1745162435628 1.3909931 7
1745162436389 1.3875378 0
1745162437141 1.3831866 1
1745162437881 1.382129 2
1745162438620 1.3821676 3
1745162439374 1.3841548 4
1745162440115 1.3862563 5
1745162440862 1.3860309 6
1745162441606 1.3829861 7
1745162442362 1.3839538 0
1745162443104 1.3853831 1
1745162443845 1.3869954 2
1745162444594 1.3884037 3
1745162445343 1.3923267 4
1745162446095 1.3955142 5
1745162446831 1.3965001 6
1745162447569 1.3990977 7
1745162448324 1.3996446 0
1745162449074 1.3993671 1
1745162449820 1.3958173 2
1745162450565 1.3913965 3
1745162451412 1.3858235 4
1745162452149 1.3834517 5
1745162452893 1.3851129 6
1745162453644 1.3857316 7
1745162454393 1.3856933 0
1745162455143 1.3845584 1
1745162455887 1.384166 2
1745162456639 1.3829045 3
1745162457381 1.3818358 4
1745162458135 1.3817115 5
1745162458875 1.3814373 6
1745162459619 1.3848362 7
1745162460372 1.3868811 0
1745162461124 1.3887372 1
1745162461865 1.389679 2
1745162462612 1.3914233 3
1745162463357 1.3914325 4
1745162464106 1.3925567 5
1745162464845 1.3906109 6
1745162465597 1.3911306 7
1745162466347 1.3913023 0
1745162467099 1.3909165 1
1745162467839 1.3894997 2
1745162468574 1.3875244 3
1745162469325 1.3842778 4
1745162470078 1.3825054 5
1745162470827 1.3800082 6
1745162471573 1.3798538 7
1745162472325 1.3815719 0
1745162473077 1.3818908 1
1745162473830 1.385119 2
1745162474571 1.3865954 3
1745162475320 1.389888 4
1745162476071 1.3907671 5
1745162476819 1.3911854 6
1745162477568 1.3923144 7
1745162478326 1.392556 0
1745162479074 1.3947585 1
1745162479831 1.3908235 2
1745162480573 1.3857358 3
1745162481321 1.381702 4
1745162482070 1.3803396 5
1745162482816 1.3787066 6
1745162483559 1.3788064 7
1745162484316 1.3806529 0
1745162485055 1.3810561 1
1745162485806 1.3901377 2
1745162486555 1.398072 3
1745162487310 1.4012182 4
1745162488054 1.3992887 5
1745162488805 1.3899157 6
1745162489546 1.3865714 7
1745162490303 1.3831747 0
1745162491046 1.3861239 1
1745162491805 1.389603 2
1745162492555 1.3923438 3
1745162493300 1.3942965 4
1745162494046 1.3920853 5
1745162494790 1.3898021 6
1745162495534 1.386164 7
1745162496287 1.3882315 0
1745162497027 1.3856926 1
1745162497775 1.3884984 2
1745162498523 1.3838816 3
1745162499263 1.3844376 4
1745162500004 1.3831064 5
1745162500751 1.3853714 6
1745162501503 1.3832839 7
1745162502261 1.3866522 0
1745162503004 1.3895594 1
1745162503750 1.3892021 2
1745162504501 1.3883712 3
1745162505246 1.3871032 4
1745162505996 1.3828061 5
1745162506745 1.384499 6
1745162507498 1.3876853 7
1745162508251 1.3988867 0
1745162509000 1.3989725 1
1745162509745 1.3960407 2
1745162510491 1.3905457 3
1745162511236 1.3823543 4
1745162511985 1.378053 5
1745162512733 1.3759426 6
1745162513481 1.373034 7
1745162514238 1.3715081 0
1745162514984 1.3799112 1
1745162515721 1.3938739 2
1745162516463 1.4181056 3
1745162517210 1.4247873 4
1745162517955 1.4194224 5
1745162518705 1.4032805 6
1745162519469 1.3913743 7
1745162520221 1.3872529 0
1745162520970 1.385179 1
1745162521716 1.3828269 2
1745162522460 1.3811059 3
1745162523200 1.3785406 4
1745162523945 1.3863845 5
1745162524695 1.3917578 6
1745162525443 1.3966405 7
1745162526286 1.3984375 0
1745162527027 1.3954859 1
1745162527778 1.39219 2
1745162528520 1.3890024 3
1745162529277 1.3874563 4
1745162530023 1.3863287 5
1745162530780 1.3878434 6
1745162531531 1.3902988 7
1745162532294 1.3952327 0
1745162533041 1.397159 1
1745162533788 1.3976531 2
1745162534542 1.3964797 3
1745162535295 1.3939362 4
1745162536046 1.3920557 5
1745162536794 1.3905137 6
1745162537535 1.388138 7
1745162538294 1.387939 0
1745162539047 1.3852785 1
1745162539792 1.3835543 2
1745162540540 1.3832972 3
1745162541286 1.3872495 4
1745162542036 1.3885224 5
1745162542781 1.386621 6
1745162543521 1.385776 7
1745162544272 1.3854642 0
1745162545025 1.3857157 1
1745162545767 1.3868256 2
1745162546517 1.3869507 3
1745162547259 1.3826954 4
1745162548003 1.3805776 5
1745162548755 1.3829124 6
1745162549503 1.3857195 7
1745162550251 1.3885531 0
1745162551002 1.3912394 1
1745162551743 1.3932515 2
1745162552489 1.3966372 3
1745162553244 1.3979445 4
1745162553998 1.3979017 5
1745162554758 1.3966644 6
1745162555507 1.3954302 7
1745162556264 1.3939214 0
1745162557016 1.3927128 1
1745162557758 1.392179 2
1745162558508 1.3932142 3
1745162559254 1.3928471 4
1745162560002 1.3900005 5
1745162560748 1.3873754 6
1745162561490 1.384814 7
1745162562246 1.3822438 0
1745162562996 1.3829939 1
1745162563742 1.3849721 2
1745162564489 1.3858469 3
1745162565240 1.3861966 4
1745162565994 1.3844302 5
1745162566733 1.382474 6
1745162567480 1.378674 7
1745162568237 1.3762208 0
1745162568981 1.3801689 1
1745162569745 1.3880391 2
1745162570491 1.3975806 3
1745162571237 1.4061035 4
1745162571977 1.408611 5
1745162572723 1.4026897 6
1745162573476 1.3984278 7
1745162574232 1.392508 0
1745162574977 1.3885627 1
1745162575715 1.3870642 2
1745162576461 1.3866085 3
1745162577201 1.3879933 4
1745162577943 1.3891383 5
1745162578690 1.3863842 6
1745162579435 1.3851631 7
1745162580194 1.384474 0
1745162580938 1.3819933 1
1745162581678 1.3819005 2
1745162582423 1.3855865 3
1745162583161 1.3871555 4
1745162583905 1.3909291 5
1745162584660 1.3917263 6
1745162585406 1.3944852 7
1745162586156 1.3927178 0
1745162586903 1.3902247 1
1745162587652 1.3863375 2
1745162588393 1.3838553 3
1745162589138 1.386344 4
1745162589876 1.3902966 5
1745162590622 1.3907049 6
1745162591368 1.3884718 7
1745162592124 1.3846416 0
1745162592876 1.3818051 1
1745162593614 1.3777256 2
1745162594360 1.3754997 3
1745162595101 1.3823779 4
1745162595847 1.390703 5
1745162596603 1.3942199 6
1745162597344 1.3955615 7
1745162598105 1.3933792 0
1745162598854 1.3921032 1
1745162599606 1.3903114 2
1745162600364 1.387835 3
1745162601201 1.3900201 4
1745162601941 1.3905232 5
1745162602686 1.394034 6
1745162603435 1.399276 7
1745162604192 1.3961399 0
1745162604932 1.3947749 1
1745162605677 1.3904941 2
1745162606421 1.3849185 3
1745162607163 1.3836157 4
1745162607917 1.3809018 5
1745162608667 1.3827046 6
1745162609414 1.3836825 7
1745162610173 1.3876042 0
1745162610938 1.3877813 1
1745162611686 1.3897531 2
1745162612425 1.3875927 3
1745162613165 1.3884988 4
1745162613911 1.389502 5
1745162614654 1.3899843 6
1745162615406 1.3897436 7
1745162616159 1.3866073 0
1745162616910 1.3867414 1
1745162617656 1.3873305 2
1745162618432 1.3884337 3
1745162619170 1.3880818 4
1745162619917 1.3879583 5
1745162620674 1.3834646 6
1745162621421 1.3819513 7
1745162622178 1.3799319 0
1745162622919 1.3759186 1
1745162623664 1.3796024 2
1745162624408 1.3885863 3
1745162625149 1.3905525 4
1745162625895 1.3933668 5
1745162626643 1.3973649 6
1745162627375 1.3979192 7
1745162628135 1.3915169 0
1745162628883 1.387758 1
1745162629625 1.3845217 2
1745162630362 1.3848591 3
1745162631118 1.3857341 4
1745162631860 1.391325 5
1745162632607 1.394589 6
1745162633349 1.392144 7
1745162634106 1.3882306 0
1745162634850 1.3852632 1
1745162635594 1.3816113 2
1745162636340 1.3822875 3
1745162637086 1.3843324 4
1745162637845 1.3868892 5
1745162638595 1.3885345 6
1745162639342 1.3885288 7
1745162640098 1.3922608 0
1745162640863 1.3933384 1
1745162641632 1.3963876 2
1745162642375 1.3961562 3
1745162643114 1.3957084 4
1745162643859 1.3942096 5
1745162644607 1.3924425 6
1745162645349 1.390711 7
1745162646105 1.3907299 0
1745162646858 1.3904428 1
1745162647602 1.3891096 2
1745162648350 1.387496 3
1745162649087 1.3863018 4
1745162649833 1.3852805 5
1745162650578 1.3839519 6
1745162651319 1.3829193 7
1745162652089 1.3815458 0
1745162652838 1.3797119 1
1745162653583 1.382378 2
1745162654339 1.3890802 3
1745162655077 1.3951161 4
1745162655832 1.3982847 5
1745162656575 1.3992947 6
1745162657321 1.3968186 7
1745162658075 1.3946521 0
1745162658817 1.3952068 1
1745162659556 1.3929819 2
1745162660293 1.3922563 3
1745162661032 1.391152 4
1745162661775 1.3895042 5
1745162662524 1.3857336 6
1745162663266 1.3857114 7
1745162664020 1.3843933 0
1745162664761 1.3845096 1
1745162665507 1.3856499 2
1745162666254 1.3882872 3
1745162666997 1.3883362 4
1745162667746 1.3885947 5
1745162668493 1.388261 6
1745162669236 1.3880485 7
1745162669984 1.3856025 0
1745162670726 1.3858714 1
1745162671472 1.383915 2
1745162672215 1.3845115 3
1745162672960 1.3833499 4
1745162673706 1.3877656 5
1745162674447 1.3893709 6
1745162675201 1.390979 7
