1745160874460 3.4383652 0
1745160875236 4.45114 1
1745160875866 5.3906364 2
1745160876486 6.2226667 3
1745160877108 6.9318695 4
1745160877730 7.5405803 5
1745160878346 8.072414 6
1745160878964 8.5531845 7
1745160879589 9.037177 0
1745160880209 9.434213 1
1745160880830 9.739002 2
1745160881474 9.994348 3
1745160882099 10.381703 4
1745160882736 10.719546 5
1745160883435 10.916038 6
1745160884317 11.189698 7
1745160885155 11.436467 0
1745160885909 11.681557 1
1745160886636 11.827253 2
1745160887288 11.966491 3
1745160887932 12.30755 4
1745160888599 12.554053 5
1745160889237 12.766915 6
1745160889873 12.950494 7
1745160890517 13.09994 0
1745160891248 13.323496 1
1745160892090 13.468774 2
1745160893029 13.488825 3
1745160893829 13.512275 4
1745160894561 13.627561 5
1745160895296 13.701209 6
1745160896036 13.792499 7
1745160896788 14.087194 0
1745160897548 14.310581 1
1745160898293 14.482383 2
1745160899043 14.649134 3
1745160899784 14.702945 4
1745160900537 14.715014 5
1745160901285 14.789053 6
1745160902056 14.953407 7
1745160902831 15.135641 0
1745160903579 15.2681465 1
1745160904336 15.151067 2
1745160905085 14.961088 3
1745160905838 14.78388 4
1745160906585 14.791593 5
1745160907323 14.920958 6
1745160908061 15.148005 7
1745160908815 15.381764 0
1745160909563 15.566556 1
1745160910303 15.676952 2
1745160911051 15.741262 3
1745160911793 15.73483 4
1745160912534 15.7208 5
1745160913281 15.627514 6
1745160914022 15.435742 7
1745160914782 15.208781 0
1745160915560 15.033165 1
1745160916348 14.966917 2
1745160917126 14.925205 3
1745160917900 14.973493 4
1745160918676 15.079664 5
1745160919428 15.263711 6
1745160920176 15.286581 7
1745160920929 15.215223 0
1745160921679 15.124244 1
1745160922424 14.968857 2
1745160923169 14.891401 3
1745160923922 14.765263 4
1745160924680 14.616816 5
1745160925436 14.509169 6
1745160926191 14.373212 7
1745160926948 14.283717 0
1745160927701 14.256595 1
1745160928449 14.403146 2
1745160929197 14.683855 3
1745160929941 15.023103 4
1745160930690 15.302624 5
1745160931444 15.52733 6
1745160932195 15.733582 7
1745160932955 15.759798 0
1745160933701 15.675117 1
1745160934456 15.468968 2
1745160935213 15.234405 3
1745160935967 15.04047 4
1745160936714 14.928528 5
1745160937458 14.901015 6
1745160938207 14.94693 7
1745160938960 15.024475 0
1745160939710 15.228317 1
1745160940453 15.489525 2
1745160941210 15.6678505 3
1745160941957 15.750585 4
1745160942717 15.716431 5
1745160943473 15.60389 6
1745160944223 15.354555 7
1745160944982 15.123371 0
1745160945730 14.917613 1
1745160946468 14.759479 2
1745160947235 14.656509 3
1745160948177 14.687147 4
1745160948927 14.744123 5
1745160949679 14.830509 6
1745160950444 14.901703 7
1745160951205 15.000651 0
1745160951955 15.094287 1
1745160952703 15.1613035 2
1745160953455 15.191047 3
1745160954209 15.133547 4
1745160954956 14.900281 5
1745160955706 14.6773405 6
1745160956463 14.510689 7
1745160957229 14.425197 0
1745160957978 14.40312 1
1745160958729 14.399065 2
1745160959478 14.354419 3
1745160960230 14.225178 4
1745160960975 14.095936 5
1745160961720 13.980575 6
1745160962465 13.887796 7
1745160963223 13.764541 0
1745160963966 13.628888 1
1745160964715 13.477562 2
1745160965472 13.333855 3
1745160966222 13.24586 4
1745160966975 13.246154 5
1745160967715 13.266061 6
1745160968483 13.353157 7
1745160969253 13.515297 0
1745160969996 13.645239 1
1745160970751 13.768524 2
1745160971499 13.80457 3
1745160972248 13.819399 4
1745160972992 13.783084 5
1745160973744 13.814618 6
1745160974489 13.83725 7
1745160975268 13.883267 0
1745160976018 13.92141 1
1745160976775 13.935968 2
1745160977526 13.98775 3
1745160978276 14.00174 4
1745160979030 14.069956 5
1745160979782 14.153614 6
1745160980531 14.254343 7
1745160981294 14.383902 0
1745160982040 14.399312 1
1745160982785 14.333284 2
1745160983532 14.229694 3
1745160984285 14.153276 4
1745160985041 14.085576 5
1745160985791 14.036048 6
1745160986546 13.988356 7
1745160987302 13.979488 0
1745160988040 14.020487 1
1745160988793 14.094232 2
1745160989542 14.220961 3
1745160990306 14.35256 4
1745160991053 14.520748 5
1745160991845 14.735109 6
1745160992584 14.974903 7
1745160993349 15.128042 0
1745160994098 15.160331 1
1745160994854 15.151966 2
1745160995599 15.035549 3
1745160996343 14.936162 4
1745160997103 14.961627 5
1745160997856 15.194326 6
1745160998609 15.511572 7
1745160999365 15.750665 0
1745161000123 15.853256 1
1745161000868 15.768841 2
1745161001611 15.624383 3
1745161002358 15.495774 4
1745161003107 15.386838 5
1745161003859 15.277151 6
1745161004618 15.189864 7
1745161005380 15.138724 0
1745161006134 15.090986 1
1745161006879 15.100175 2
1745161007633 15.197807 3
1745161008379 15.29245 4
1745161009131 15.45016 5
1745161009878 15.652922 6
1745161010630 15.769874 7
1745161011390 15.870589 0
1745161012146 15.924385 1
1745161012903 15.924441 2
1745161013653 15.998334 3
1745161014404 16.087715 4
1745161015158 16.165518 5
1745161015914 16.155363 6
1745161016678 16.146135 7
1745161017438 16.051683 0
1745161018196 15.881161 1
1745161018940 15.699185 2
1745161019715 15.458281 3
1745161020502 15.273818 4
1745161021329 15.136856 5
1745161022134 15.012242 6
1745161022887 14.885325 7
1745161023741 14.814552 0
1745161024502 14.86756 1
1745161025260 15.002069 2
1745161026012 15.132227 3
1745161026768 15.335127 4
1745161027524 15.523831 5
1745161028279 15.709956 6
1745161029038 15.897185 7
1745161029800 16.08941 0
1745161030545 16.331432 1
1745161031292 16.501661 2
1745161032040 16.455069 3
1745161032789 16.30846 4
1745161033542 16.107569 5
1745161034297 15.964848 6
1745161035045 15.929491 7
1745161035805 15.969724 0
1745161036552 16.043985 1
1745161037302 16.125772 2
1745161038048 16.194817 3
1745161038805 16.312609 4
1745161039555 16.412783 5
1745161040304 16.44355 6
1745161041051 16.48377 7
1745161041806 16.454369 0
1745161042557 16.387854 1
1745161043308 16.251177 2
1745161044056 16.151022 3
1745161044807 16.122625 4
1745161045556 16.112865 5
1745161046305 16.111465 6
1745161047053 16.104628 7
1745161047821 16.096788 0
1745161048569 16.118717 1
1745161049324 16.135387 2
1745161050075 16.101982 3
1745161050821 16.063114 4
1745161051574 16.000969 5
1745161052329 15.955637 6
1745161053072 15.898395 7
1745161053833 15.843656 0
1745161054577 15.841208 1
1745161055327 15.877805 2
1745161056073 15.842918 3
1745161056831 15.792331 4
1745161057578 15.681124 5
1745161058328 15.541031 6
1745161059069 15.433144 7
1745161059823 15.30399 0
1745161060567 15.2079315 1
1745161061317 15.168005 2
1745161062064 15.105014 3
1745161062812 14.971448 4
1745161063558 14.853281 5
1745161064308 14.689824 6
1745161065060 14.576764 7
1745161065822 14.547003 0
1745161066572 14.531375 1
1745161067321 14.497157 2
1745161068076 14.451337 3
1745161068818 14.395896 4
1745161069571 14.304691 5
1745161070323 14.276393 6
1745161071073 14.286483 7
1745161071835 14.342339 0
1745161072574 14.386968 1
1745161073327 14.391956 2
1745161074070 14.39002 3
1745161074810 14.365956 4
1745161075575 14.315904 5
1745161076330 14.276187 6
1745161077078 14.225967 7
1745161077836 14.128448 0
1745161078592 14.029065 1
1745161079343 13.9455385 2
1745161080092 13.901252 3
1745161080846 13.815146 4
1745161081595 13.686911 5
1745161082339 13.554498 6
1745161083084 13.38015 7
1745161083844 13.177731 0
1745161084594 12.985891 1
1745161085336 12.810575 2
1745161086085 12.657177 3
1745161086827 12.558575 4
1745161087584 12.488123 5
1745161088334 12.4295225 6
1745161089079 12.396974 7
1745161089827 12.388942 0
1745161090574 12.381306 1
1745161091320 12.395552 2
1745161092075 12.423814 3
1745161092833 12.456906 4
1745161093578 12.527618 5
1745161094326 12.63705 6
1745161095066 12.726339 7
1745161095839 12.854367 0
1745161096590 12.9347105 1
1745161097347 12.994852 2
1745161098091 13.033767 3
1745161098935 13.07665 4
1745161099683 13.060115 5
1745161100429 13.004768 6
1745161101177 12.984663 7
1745161101934 12.972621 0
1745161102680 12.929502 1
1745161103428 12.882051 2
1745161104175 12.828642 3
1745161104926 12.799869 4
1745161105695 12.757768 5
1745161106449 12.812946 6
1745161107189 12.929069 7
1745161107951 13.072928 0
1745161108699 13.245249 1
1745161109442 13.418927 2
1745161110195 13.523801 3
1745161110966 13.515552 4
1745161111717 13.441401 5
1745161112462 13.306441 6
1745161113206 13.229512 7
1745161113978 13.199358 0
1745161114737 13.212067 1
1745161115490 13.313323 2
1745161116240 13.58736 3
1745161116988 13.983668 4
1745161117751 14.462669 5
1745161118493 14.874065 6
1745161119238 15.137431 7
1745161120000 15.266765 0
1745161120738 15.188975 1
1745161121485 15.142247 2
1745161122230 15.202795 3
1745161122983 15.308498 4
1745161123741 15.466 5
1745161124486 15.652967 6
1745161125233 15.863344 7
1745161125996 16.082588 0
1745161126749 16.28063 1
1745161127489 16.449005 2
1745161128247 16.375479 3
1745161128995 16.116325 4
1745161129749 15.977222 5
1745161130495 15.8815775 6
1745161131237 15.950862 7
1745161131987 16.164297 0
1745161132733 16.485825 1
1745161133478 16.820683 2
1745161134224 17.105515 3
1745161134973 17.411436 4
1745161135726 17.599697 5
1745161136476 17.732925 6
1745161137230 17.70336 7
1745161137991 17.526854 0
1745161138747 17.266891 1
1745161139495 17.058352 2
1745161140245 16.83996 3
1745161141004 16.663864 4
1745161141754 16.559032 5
1745161142503 16.52055 6
1745161143255 16.460783 7
1745161144019 16.296473 0
1745161144780 16.092707 1
1745161145545 15.825885 2
1745161146298 15.510962 3
1745161147048 15.255489 4
1745161147794 15.06967 5
1745161148547 14.920837 6
1745161149291 14.874416 7
1745161150049 14.880903 0
1745161150798 14.967198 1
1745161151557 15.181083 2
1745161152303 15.395532 3
1745161153055 15.519462 4
1745161153803 15.566524 5
1745161154560 15.516474 6
1745161155307 15.348303 7
1745161156078 15.17257 0
1745161156836 15.038887 1
1745161157590 14.940342 2
1745161158338 14.853858 3
1745161159089 14.777356 4
1745161159838 14.733628 5
1745161160599 14.682321 6
1745161161352 14.627735 7
1745161162110 14.564288 0
1745161162864 14.411026 1
1745161163617 14.251228 2
1745161164360 14.173927 3
1745161165119 14.108812 4
1745161165863 14.121178 5
1745161166620 14.156024 6
1745161167373 14.230899 7
1745161168133 14.302974 0
1745161168883 14.437885 1
1745161169631 14.542309 2
1745161170384 14.668739 3
1745161171134 14.762838 4
1745161171891 14.841169 5
1745161172640 14.919337 6
1745161173395 14.943563 7
1745161174256 14.900976 0
1745161175014 14.780931 1
1745161175770 14.647646 2
1745161176518 14.497787 3
1745161177262 14.368955 4
1745161178017 14.297551 5
1745161178768 14.257316 6
1745161179514 14.28354 7
1745161180278 14.331291 0
1745161181032 14.449905 1
1745161181783 14.62843 2
1745161182549 14.829442 3
1745161183298 14.970202 4
1745161184054 15.13458 5
1745161184811 15.1924925 6
1745161185575 15.23134 7
1745161186336 15.183917 0
1745161187085 15.1160555 1
1745161187837 15.091018 2
1745161188597 15.093428 3
1745161189350 15.144788 4
1745161190096 15.232754 5
1745161190850 15.358598 6
1745161191605 15.504416 7
1745161192367 15.595297 0
1745161193118 15.596123 1
1745161193873 15.561272 2
1745161194636 15.423388 3
1745161195387 15.305675 4
1745161196140 15.144719 5
1745161196889 14.960668 6
1745161197643 14.772651 7
1745161198400 14.58051 0
1745161199145 14.364377 1
1745161199895 14.185261 2
1745161200657 13.996774 3
1745161201407 13.829777 4
1745161202156 13.68369 5
1745161202902 13.595673 6
1745161203655 13.499344 7
1745161204424 13.45359 0
1745161205177 13.427234 1
1745161205931 13.405568 2
1745161206682 13.373392 3
1745161207447 13.313232 4
1745161208195 13.21078 5
1745161208940 13.063948 6
1745161209696 12.896875 7
1745161210462 12.768882 0
1745161211224 12.696208 1
1745161211981 12.662672 2
1745161212737 12.715097 3
1745161213485 12.7961 4
1745161214231 12.898683 5
1745161214980 12.879517 6
1745161215729 12.824185 7
1745161216495 12.723505 0
1745161217249 12.555969 1
1745161218019 12.396685 2
1745161218774 12.272177 3
1745161219520 12.220176 4
1745161220269 12.227291 5
1745161221017 12.299359 6
1745161221770 12.427291 7
1745161222529 12.546077 0
1745161223277 12.679998 1
1745161224035 12.771525 2
1745161224794 12.763927 3
1745161225546 12.793489 4
1745161226297 12.769299 5
1745161227046 12.770081 6
1745161227795 12.712338 7
1745161228561 12.697748 0
1745161229313 12.630322 1
1745161230060 12.529431 2
1745161230812 12.41235 3
1745161231575 12.270243 4
1745161232332 12.118341 5
1745161233080 11.978064 6
1745161233821 11.852973 7
1745161234582 11.766939 0
1745161235332 11.672396 1
1745161236077 11.575317 2
1745161236828 11.482028 3
1745161237588 11.391222 4
1745161238348 11.250139 5
1745161239102 11.064168 6
1745161239841 10.892035 7
1745161240601 10.743902 0
1745161241359 10.5702095 1
1745161242114 10.446163 2
1745161242868 10.334939 3
1745161243625 10.265913 4
1745161244377 10.1927185 5
1745161245125 10.187984 6
1745161245871 10.238102 7
1745161246632 10.365096 0
1745161247386 10.503048 1
1745161248135 10.613785 2
1745161248884 10.670595 3
1745161249729 10.711012 4
1745161250482 10.705587 5
1745161251235 10.712476 6
1745161251988 10.687362 7
1745161252755 10.693832 0
1745161253519 10.639969 1
1745161254269 10.5824 2
1745161255024 10.508339 3
1745161255770 10.478948 4
1745161256523 10.366234 5
1745161257276 10.180102 6
1745161258029 9.960845 7
1745161258790 9.679535 0
1745161259545 9.43648 1
1745161260298 9.285774 2
1745161261047 9.242407 3
1745161261795 9.276867 4
1745161262551 9.402603 5
1745161263302 9.565673 6
1745161264051 9.744645 7
1745161264815 9.896367 0
1745161265575 10.004506 1
1745161266320 10.097703 2
1745161267075 10.177554 3
1745161267827 10.258996 4
1745161268584 10.3657465 5
1745161269339 10.415441 6
1745161270092 10.460638 7
1745161270852 10.485979 0
1745161271609 10.521678 1
1745161272377 10.51276 2
1745161273129 10.455557 3
1745161273876 10.431291 4
1745161274633 10.394207 5
1745161275384 10.3746605 6
1745161276135 10.365462 7
1745161276893 10.385757 0
1745161277643 10.476348 1
1745161278395 10.542853 2
1745161279142 10.585515 3
1745161279898 10.59363 4
1745161280657 10.606116 5
1745161281403 10.566504 6
1745161282157 10.495427 7
1745161282925 10.39165 0
1745161283676 10.307831 1
1745161284418 10.182415 2
1745161285161 10.106806 3
1745161285912 10.015502 4
1745161286657 9.977846 5
1745161287404 9.997373 6
1745161288160 10.059593 7
1745161288925 10.095117 0
1745161289681 10.102006 1
1745161290439 10.124035 2
1745161291187 10.098888 3
1745161291941 10.06188 4
1745161292689 10.043105 5
1745161293442 10.006084 6
1745161294198 9.986135 7
1745161294959 9.986684 0
1745161295705 10.009871 1
1745161296459 10.026535 2
1745161297211 10.037449 3
1745161297964 10.043039 4
1745161298713 10.056114 5
1745161299464 10.050952 6
1745161300221 10.004701 7
1745161300980 10.028504 0
1745161301737 9.996016 1
1745161302491 9.957939 2
1745161303237 9.967568 3
1745161304000 9.955084 4
1745161304751 9.925961 5
1745161305496 9.922002 6
1745161306247 9.972293 7
1745161307016 10.022392 0
1745161307760 10.007489 1
1745161308510 9.941052 2
1745161309258 9.850044 3
1745161310002 9.757742 4
1745161310759 9.800211 5
1745161311510 9.861087 6
1745161312259 9.932978 7
1745161313020 9.956634 0
1745161313767 9.973001 1
1745161314507 9.911039 2
1745161315254 9.797452 3
1745161316002 9.674923 4
1745161316749 9.561298 5
1745161317498 9.451836 6
1745161318253 9.421713 7
1745161319010 9.445345 0
1745161319782 9.454173 1
1745161320561 9.434726 2
1745161321348 9.403911 3
1745161322105 9.384174 4
1745161322860 9.361788 5
1745161323624 9.345334 6
1745161324378 9.302656 7
1745161325237 9.218159 0
1745161325988 9.106116 1
1745161326734 8.987951 2
1745161327488 8.852154 3
1745161328230 8.685345 4
1745161328982 8.494905 5
1745161329729 8.289311 6
1745161330485 8.112531 7
1745161331247 7.992982 0
1745161332004 7.9121704 1
1745161332759 7.8469925 2
1745161333513 7.7983565 3
1745161334270 7.7788286 4
1745161335012 7.754178 5
1745161335759 7.7140856 6
1745161336513 7.6288056 7
1745161337279 7.5433517 0
1745161338039 7.5170527 1
1745161338795 7.4854026 2
1745161339551 7.474327 3
1745161340308 7.4718294 4
1745161341056 7.4912734 5
1745161341802 7.5020647 6
1745161342553 7.5006075 7
1745161343319 7.5038004 0
1745161344068 7.508763 1
1745161344819 7.507763 2
1745161345571 7.5146775 3
1745161346319 7.542416 4
1745161347065 7.543335 5
1745161347811 7.5316763 6
1745161348560 7.5227633 7
1745161349327 7.5332394 0
1745161350082 7.5156612 1
1745161350834 7.4685426 2
1745161351580 7.4355774 3
1745161352331 7.381226 4
1745161353078 7.323495 5
1745161353826 7.2642083 6
1745161354572 7.230397 7
1745161355336 7.204294 0
1745161356083 7.2007856 1
1745161356840 7.21003 2
1745161357597 7.2383738 3
1745161358356 7.257955 4
1745161359123 7.247132 5
1745161359868 7.192378 6
1745161360627 7.1075625 7
1745161361390 6.975129 0
1745161362141 6.850777 1
1745161362883 6.7496996 2
1745161363633 6.693576 3
1745161364389 6.7005286 4
1745161365138 6.713311 5
1745161365899 6.7295027 6
1745161366648 6.721407 7
1745161367408 6.67003 0
1745161368159 6.600752 1
1745161368912 6.524415 2
1745161369667 6.482656 3
1745161370421 6.488261 4
1745161371175 6.501545 5
1745161371920 6.527451 6
1745161372668 6.5343337 7
1745161373431 6.526205 0
1745161374181 6.5163555 1
1745161374932 6.5171723 2
1745161375684 6.5235453 3
1745161376436 6.553376 4
1745161377186 6.5606694 5
1745161377933 6.5656137 6
1745161378694 6.5630307 7
1745161379447 6.5295854 0
1745161380206 6.4846363 1
1745161380955 6.4608364 2
1745161381708 6.447275 3
1745161382464 6.4357886 4
1745161383217 6.416526 5
1745161383972 6.381773 6
1745161384714 6.357184 7
1745161385472 6.3303185 0
1745161386224 6.2999706 1
1745161386972 6.2704287 2
1745161387720 6.241207 3
1745161388468 6.231471 4
1745161389216 6.212543 5
1745161389967 6.1919003 6
1745161390716 6.183289 7
1745161391476 6.1441436 0
1745161392227 6.1221166 1
1745161392979 6.080558 2
1745161393718 6.046087 3
1745161394477 6.010775 4
1745161395233 5.9875135 5
1745161395996 5.975171 6
1745161396741 5.9826984 7
1745161397509 6.0000815 0
1745161398269 6.0406666 1
1745161399010 6.09122 2
1745161399759 6.1865807 3
1745161400606 6.281542 4
1745161401367 6.3706665 5
1745161402123 6.425374 6
1745161402871 6.428123 7
1745161403642 6.4181085 0
1745161404402 6.3772936 1
1745161405158 6.323131 2
1745161405908 6.288099 3
1745161406657 6.3003664 4
1745161407410 6.3310313 5
1745161408160 6.351073 6
1745161408910 6.3639917 7
1745161409668 6.4071255 0
1745161410415 6.4401617 1
1745161411166 6.4763813 2
1745161411916 6.5017 3
1745161412667 6.5369654 4
1745161413420 6.5912976 5
1745161414173 6.6068377 6
1745161414934 6.592685 7
1745161415684 6.5562596 0
1745161416438 6.5015864 1
1745161417196 6.4242806 2
1745161417952 6.3518715 3
1745161418711 6.267032 4
1745161419452 6.197201 5
1745161420197 6.1443105 6
1745161420949 6.126481 7
1745161421710 6.1135697 0
1745161422457 6.111281 1
1745161423209 6.11099 2
1745161423958 6.1412883 3
1745161424702 6.2247314 4
1745161425443 6.325756 5
1745161426187 6.4131947 6
1745161426939 6.484291 7
1745161427712 6.494501 0
1745161428455 6.440773 1
1745161429205 6.365651 2
1745161429943 6.299497 3
1745161430695 6.209232 4
1745161431439 6.167569 5
1745161432184 6.165551 6
1745161432931 6.1601324 7
1745161433687 6.1578045 0
1745161434429 6.1716785 1
1745161435171 6.1777563 2
1745161435918 6.1953707 3
1745161436669 6.184901 4
1745161437411 6.1685266 5
1745161438161 6.145954 6
1745161438907 6.1580615 7
1745161439669 6.185073 0
1745161440412 6.192025 1
1745161441170 6.1697946 2
1745161441921 6.0764832 3
1745161442665 5.9674463 4
1745161443417 5.8881507 5
1745161444167 5.8955135 6
1745161444922 5.9554157 7
1745161445671 6.056914 0
1745161446422 6.2063413 1
1745161447156 6.331626 2
1745161447904 6.4439526 3
1745161448649 6.467226 4
1745161449395 6.409284 5
1745161450140 6.3144016 6
1745161450892 6.178713 7
1745161451653 6.0692353 0
1745161452396 6.0067945 1
1745161453146 5.997909 2
1745161453904 6.021693 3
1745161454649 6.0942073 4
1745161455398 6.202483 5
1745161456145 6.3492923 6
1745161456889 6.4866657 7
1745161457647 6.6021113 0
1745161458394 6.650353 1
1745161459142 6.7019715 2
1745161459901 6.708279 3
1745161460652 6.6604633 4
1745161461402 6.596716 5
1745161462152 6.597103 6
1745161462904 6.623943 7
1745161463664 6.6466727 0
1745161464402 6.75457 1
1745161465145 6.9015274 2
1745161465896 6.9840775 3
1745161466645 7.0438 4
1745161467396 7.0317006 5
1745161468139 6.9864116 6
1745161468885 6.9467244 7
1745161469657 6.934411 0
1745161470405 6.939988 1
1745161471160 6.9993114 2
1745161471910 7.0618043 3
1745161472663 7.123966 4
1745161473412 7.1989865 5
1745161474166 7.249948 6
1745161474906 7.260734 7
1745161475764 7.231918 0
1745161476508 7.1872587 1
1745161477256 7.160192 2
1745161478010 7.1126337 3
1745161478759 7.031653 4
1745161479508 6.908058 5
1745161480271 6.815928 6
1745161481017 6.761861 7
1745161481782 6.7742214 0
1745161482522 6.8723702 1
1745161483272 6.9958024 2
1745161484021 7.1232963 3
1745161484778 7.2462506 4
1745161485523 7.3447256 5
1745161486271 7.360386 6
1745161487017 7.3281736 7
1745161487774 7.277314 0
1745161488525 7.261738 1
1745161489271 7.3492165 2
1745161490024 7.467331 3
1745161490779 7.612796 4
1745161491526 7.733689 5
1745161492274 7.77979 6
1745161493023 7.7863326 7
1745161493780 7.7343206 0
1745161494527 7.6328936 1
1745161495277 7.5451303 2
1745161496034 7.439989 3
1745161496774 7.3779316 4
1745161497525 7.375997 5
1745161498272 7.467701 6
1745161499016 7.56705 7
1745161499771 7.677964 0
1745161500524 7.8030305 1
1745161501267 7.9006863 2
1745161502011 7.94675 3
1745161502756 8.040894 4
1745161503515 8.057437 5
1745161504261 8.044025 6
1745161505006 8.00953 7
1745161505760 7.941195 0
1745161506509 7.865822 1
1745161507256 7.7899933 2
1745161508013 7.7328677 3
1745161508767 7.727315 4
1745161509528 7.76445 5
1745161510274 7.82107 6
1745161511026 7.958974 7
1745161511778 8.181019 0
1745161512533 8.429154 1
1745161513275 8.670508 2
1745161514029 8.886917 3
1745161514777 8.987889 4
1745161515537 9.039886 5
1745161516287 9.099307 6
1745161517039 9.306262 7
1745161517792 9.413041 0
1745161518541 9.37597 1
1745161519294 9.2134905 2
1745161520042 9.113796 3
1745161520794 8.982963 4
1745161521543 8.920619 5
1745161522301 9.065219 6
1745161523043 9.242114 7
1745161523801 9.397447 0
1745161524552 9.418469 1
1745161525308 9.365289 2
1745161526058 9.25885 3
1745161526806 9.216343 4
1745161527558 9.232688 5
1745161528303 9.310127 6
1745161529062 9.460601 7
1745161529842 9.584172 0
1745161530600 9.633551 1
1745161531349 9.613617 2
1745161532094 9.501438 3
1745161532845 9.347266 4
1745161533587 9.248811 5
1745161534333 9.155821 6
1745161535080 9.094789 7
1745161535835 9.115543 0
1745161536585 9.1424885 1
1745161537339 9.180675 2
1745161538085 9.208626 3
1745161538830 9.206572 4
1745161539579 9.113475 5
1745161540330 8.982274 6
1745161541074 8.984271 7
1745161541831 9.014692 0
1745161542581 9.001697 1
1745161543331 8.922379 2
1745161544081 8.812158 3
1745161544840 8.7024975 4
1745161545586 8.657366 5
1745161546337 8.606604 6
1745161547084 8.569549 7
1745161547837 8.569392 0
1745161548585 8.58353 1
1745161549334 8.5919485 2
1745161550084 8.670433 3
1745161550919 8.768965 4
1745161551672 8.881372 5
1745161552423 8.906552 6
1745161553173 8.980534 7
1745161553936 8.952393 0
1745161554687 8.943413 1
1745161555430 8.931979 2
1745161556183 8.963218 3
1745161556928 8.914882 4
1745161557673 8.845911 5
1745161558416 8.726293 6
1745161559165 8.645874 7
1745161559924 8.532954 0
1745161560674 8.485365 1
1745161561424 8.491668 2
1745161562170 8.630587 3
1745161562917 8.853527 4
1745161563659 9.01325 5
1745161564404 9.117034 6
1745161565162 9.178762 7
1745161565922 9.203799 0
1745161566678 9.134502 1
1745161567422 9.116539 2
1745161568173 9.210882 3
1745161568919 9.367897 4
1745161569664 9.520401 5
1745161570411 9.592118 6
1745161571157 9.620437 7
1745161571915 9.59364 0
1745161572662 9.58304 1
1745161573419 9.678648 2
1745161574176 9.776602 3
1745161574929 9.861799 4
1745161575676 9.943589 5
1745161576421 9.997154 6
1745161577170 10.011473 7
1745161577929 10.055791 0
1745161578676 10.14899 1
1745161579422 10.240935 2
1745161580169 10.42368 3
1745161580920 10.642179 4
1745161581671 10.806653 5
1745161582437 10.860994 6
1745161583185 10.817837 7
1745161583966 10.719693 0
1745161584718 10.522967 1
1745161585473 10.426003 2
1745161586224 10.516944 3
1745161586986 10.852103 4
1745161587731 11.295006 5
1745161588475 11.8158045 6
1745161589219 12.040762 7
1745161589984 12.112398 0
1745161590730 11.96547 1
1745161591481 11.919625 2
1745161592229 11.941244 3
1745161592988 11.994279 4
1745161593736 12.023438 5
1745161594487 12.073301 6
1745161595234 12.089311 7
1745161595998 12.091719 0
1745161596756 12.078377 1
1745161597507 11.988663 2
1745161598251 11.803909 3
1745161599008 11.640739 4
1745161599754 11.477356 5
1745161600508 11.325026 6
1745161601247 11.250189 7
1745161602008 11.232072 0
1745161602759 11.232908 1
1745161603514 11.203615 2
1745161604265 11.147507 3
1745161605022 11.094261 4
1745161605778 11.071891 5
1745161606525 11.125555 6
1745161607279 11.189448 7
1745161608046 11.206207 0
1745161608796 11.166843 1
1745161609540 11.132076 2
1745161610294 11.072593 3
1745161611042 10.99588 4
1745161611789 10.904234 5
1745161612543 10.81687 6
1745161613287 10.666561 7
1745161614048 10.507576 0
1745161614803 10.364325 1
1745161615552 10.204879 2
1745161616302 10.050319 3
1745161617055 9.911762 4
1745161617811 9.799801 5
1745161618569 9.702815 6
1745161619313 9.609797 7
1745161620069 9.548388 0
1745161620825 9.508714 1
1745161621591 9.486082 2
1745161622331 9.502468 3
1745161623084 9.529462 4
1745161623837 9.556519 5
1745161624584 9.603093 6
1745161625324 9.607079 7
1745161626169 9.5913105 0
1745161627014 9.552389 1
1745161627764 9.491422 2
1745161628509 9.424883 3
1745161629264 9.345824 4
1745161630020 9.27148 5
1745161630776 9.189733 6
1745161631520 9.084643 7
1745161632287 9.000357 0
1745161633048 8.934302 1
1745161633791 8.844286 2
1745161634537 8.805947 3
1745161635279 8.778912 4
1745161636034 8.75654 5
1745161636785 8.732091 6
1745161637539 8.6958885 7
1745161638300 8.68934 0
1745161639045 8.662693 1
1745161639798 8.6805525 2
1745161640543 8.701318 3
1745161641285 8.712777 4
1745161642028 8.706871 5
1745161642778 8.664184 6
1745161643519 8.635702 7
1745161644286 8.5912485 0
1745161645031 8.561271 1
1745161645792 8.536324 2
1745161646535 8.498177 3
1745161647287 8.495252 4
1745161648032 8.5057745 5
1745161648792 8.48897 6
1745161649545 8.45954 7
1745161650296 8.48841 0
1745161651044 8.530435 1
1745161651796 8.535729 2
1745161652548 8.539298 3
1745161653297 8.510538 4
1745161654054 8.494664 5
1745161654813 8.421663 6
1745161655563 8.326364 7
1745161656315 8.214238 0
1745161657056 8.0898 1
1745161657804 8.056354 2
1745161658550 8.05955 3
1745161659292 8.084776 4
1745161660051 8.115929 5
1745161660804 8.171878 6
1745161661548 8.216489 7
1745161662301 8.272509 0
1745161663049 8.343897 1
1745161663795 8.383275 2
1745161664542 8.374677 3
1745161665288 8.358426 4
1745161666038 8.378262 5
1745161666789 8.328677 6
1745161667542 8.316446 7
1745161668301 8.325289 0
1745161669051 8.321787 1
1745161669803 8.3410015 2
1745161670555 8.361351 3
1745161671310 8.340833 4
1745161672058 8.361463 5
1745161672804 8.3441 6
1745161673553 8.433148 7
1745161674314 8.513301 0
1745161675057 8.632989 1
1745161675807 8.724905 2
1745161676556 8.820205 3
1745161677301 8.901304 4
1745161678053 8.900087 5
1745161678804 8.8981695 6
1745161679570 8.947236 7
1745161680337 8.978257 0
1745161681083 8.980777 1
1745161681835 8.964556 2
1745161682584 8.939642 3
1745161683339 8.833756 4
1745161684078 8.783769 5
1745161684833 8.717784 6
1745161685579 8.645523 7
1745161686342 8.57388 0
1745161687091 8.425252 1
1745161687842 8.325377 2
1745161688597 8.27669 3
1745161689342 8.315772 4
1745161690090 8.487723 5
1745161690846 8.696544 6
1745161691594 8.8573675 7
1745161692352 9.00172 0
1745161693104 9.023112 1
1745161693864 8.944018 2
1745161694612 8.842769 3
1745161695370 8.777453 4
1745161696121 8.70994 5
1745161696866 8.61537 6
1745161697609 8.502159 7
1745161698376 8.341641 0
1745161699137 8.20031 1
1745161699886 8.1508465 2
1745161700635 8.125477 3
1745161701471 8.167239 4
1745161702219 8.229207 5
1745161702969 8.27547 6
1745161703717 8.32069 7
1745161704474 8.321851 0
1745161705218 8.3122425 1
1745161705968 8.321434 2
1745161706719 8.278442 3
1745161707469 8.237679 4
1745161708218 8.201332 5
1745161708964 8.182918 6
1745161709718 8.154836 7
1745161710481 8.1151 0
1745161711231 8.1070595 1
1745161711979 8.058275 2
1745161712726 7.982788 3
1745161713478 7.9935837 4
1745161714229 8.0016165 5
1745161714981 8.099747 6
1745161715734 8.200266 7
1745161716494 8.3073225 0
1745161717239 8.396785 1
1745161717990 8.495574 2
1745161718739 8.598149 3
1745161719496 8.664633 4
1745161720254 8.694296 5
1745161720997 8.675115 6
1745161721737 8.680698 7
1745161722501 8.649887 0
1745161723245 8.619125 1
1745161723993 8.585297 2
1745161724743 8.558455 3
1745161725488 8.533206 4
1745161726240 8.4883375 5
1745161726988 8.404031 6
1745161727742 8.337647 7
1745161728500 8.297676 0
1745161729254 8.325119 1
1745161730003 8.393331 2
1745161730745 8.516277 3
1745161731493 8.614193 4
1745161732251 8.717365 5
1745161732997 8.756626 6
1745161733751 8.736443 7
1745161734509 8.6055565 0
1745161735269 8.486108 1
1745161736022 8.393492 2
1745161736770 8.310029 3
1745161737529 8.313797 4
1745161738286 8.331009 5
1745161739037 8.34514 6
1745161739785 8.357514 7
1745161740548 8.344067 0
1745161741300 8.359387 1
1745161742056 8.403462 2
1745161742807 8.4545765 3
1745161743552 8.449988 4
1745161744299 8.364594 5
1745161745044 8.281811 6
1745161745792 8.165936 7
1745161746544 8.100514 0
1745161747299 8.063939 1
1745161748052 8.035759 2
1745161748797 8.08098 3
1745161749543 8.200216 4
1745161750301 8.279278 5
1745161751050 8.231863 6
1745161751796 8.150776 7
1745161752551 8.048808 0
1745161753303 7.946563 1
1745161754057 7.855335 2
1745161754807 7.7568893 3
1745161755553 7.7400255 4
1745161756304 7.8140564 5
1745161757056 7.988581 6
1745161757804 8.173849 7
1745161758569 8.354858 0
1745161759317 8.473132 1
1745161760063 8.5371 2
1745161760804 8.495349 3
1745161761553 8.392584 4
1745161762302 8.239444 5
1745161763057 8.059986 6
1745161763811 7.9784136 7
1745161764563 7.9006686 0
1745161765314 7.825542 1
1745161766068 7.793749 2
1745161766813 7.8065157 3
1745161767563 7.849731 4
1745161768309 7.9424715 5
1745161769060 8.004523 6
1745161769826 8.077884 7
1745161770586 8.161817 0
1745161771335 8.214265 1
1745161772087 8.246395 2
1745161772831 8.259498 3
1745161773580 8.27174 4
1745161774370 8.150042 5
1745161775119 8.066513 6
1745161775882 8.031352 7
1745161776742 7.9947453 0
1745161777482 7.933505 1
1745161778240 8.060679 2
1745161778986 8.22518 3
1745161779730 8.352534 4
1745161780480 8.3525505 5
1745161781236 8.296178 6
1745161781977 8.24824 7
1745161782732 8.128106 0
1745161783478 8.053719 1
1745161784222 7.9639745 2
1745161784963 7.940605 3
1745161785722 7.9907045 4
1745161786475 8.00296 5
1745161787213 8.05201 6
1745161787956 8.116258 7
1745161788714 8.134026 0
1745161789462 8.118626 1
1745161790203 8.099819 2
1745161790948 8.041679 3
1745161791700 8.071739 4
1745161792444 8.032275 5
1745161793193 8.00895 6
1745161793945 7.987252 7
1745161794700 7.888115 0
1745161795448 7.8639135 1
1745161796195 7.876088 2
1745161796943 7.938728 3
1745161797689 7.931095 4
1745161798433 7.928198 5
1745161799178 7.911399 6
1745161799923 7.9219747 7
1745161800682 7.9170504 0
1745161801425 7.879737 1
1745161802169 7.8332424 2
1745161802910 7.8188286 3
1745161803653 7.7623334 4
1745161804397 7.768222 5
1745161805144 7.7370443 6
1745161805894 7.7845597 7
1745161806652 7.8384056 0
1745161807401 7.9001513 1
1745161808151 7.9122643 2
1745161808890 7.82001 3
1745161809640 7.8094893 4
1745161810386 7.7748876 5
1745161811124 7.8266797 6
1745161811869 7.9070168 7
1745161812629 7.989633 0
1745161813368 8.037497 1
1745161814108 8.007691 2
1745161814855 7.9199724 3
1745161815600 7.839571 4
1745161816344 7.7561364 5
1745161817090 7.661184 6
1745161817839 7.5961723 7
1745161818593 7.531571 0
1745161819350 7.469126 1
1745161820122 7.3987036 2
1745161820889 7.3593616 3
1745161821663 7.3012853 4
1745161822436 7.2790613 5
1745161823184 7.1971545 6
1745161823927 7.1600547 7
1745161824686 7.0976267 0
1745161825435 7.033258 1
1745161826181 7.010713 2
1745161826927 6.97394 3
1745161827680 6.9547734 4
1745161828422 6.957567 5
1745161829165 6.9670043 6
1745161829912 6.9354115 7
1745161830666 6.900547 0
1745161831406 6.835592 1
1745161832148 6.7935286 2
1745161832895 6.729418 3
1745161833646 6.6646905 4
1745161834390 6.602742 5
1745161835129 6.5900793 6
1745161835877 6.573402 7
1745161836629 6.568541 0
1745161837372 6.5408115 1
1745161838119 6.484776 2
1745161838861 6.384473 3
1745161839612 6.3239684 4
1745161840358 6.3143773 5
1745161841106 6.3537135 6
1745161841847 6.437444 7
1745161842597 6.5120664 0
1745161843349 6.56696 1
1745161844094 6.623294 2
1745161844836 6.6569266 3
1745161845596 6.712326 4
1745161846348 6.7545304 5
1745161847093 6.787778 6
1745161847839 6.7720046 7
1745161848597 6.7378426 0
1745161849347 6.713511 1
1745161850086 6.6977262 2
1745161850830 6.655385 3
1745161851672 6.630514 4
1745161852416 6.574431 5
1745161853177 6.536381 6
1745161853923 6.514879 7
1745161854674 6.503826 0
1745161855418 6.5380116 1
1745161856161 6.6535883 2
1745161856909 6.7382717 3
1745161857653 6.830386 4
1745161858395 6.902208 5
1745161859144 6.9327173 6
1745161859890 6.949667 7
1745161860664 6.9787674 0
1745161861408 7.0141344 1
1745161862158 7.0553923 2
1745161862905 7.1923094 3
1745161863652 7.2506075 4
1745161864394 7.2979 5
1745161865137 7.3366427 6
1745161865875 7.2811103 7
1745161866629 7.211948 0
1745161867375 7.2138405 1
1745161868121 7.2188983 2
1745161868865 7.240719 3
1745161869610 7.2954087 4
1745161870358 7.3540664 5
1745161871106 7.306233 6
1745161871854 7.2470827 7
1745161872608 7.149342 0
1745161873352 7.060575 1
1745161874107 7.0491166 2
1745161874849 7.108216 3
1745161875597 7.2386494 4
1745161876341 7.39299 5
1745161877091 7.5769577 6
1745161877829 7.6744766 7
1745161878590 7.6957226 0
1745161879335 7.692332 1
1745161880089 7.6858616 2
1745161880841 7.6116524 3
1745161881584 7.62069 4
1745161882336 7.6843925 5
1745161883079 7.7205024 6
1745161883827 7.758278 7
1745161884589 7.8385315 0
1745161885338 7.93974 1
1745161886079 8.0442915 2
1745161886830 8.129318 3
1745161887574 8.1731205 4
1745161888315 8.244053 5
1745161889059 8.360677 6
1745161889806 8.445563 7
1745161890559 8.482792 0
1745161891324 8.5207615 1
1745161892071 8.63225 2
1745161892822 8.66026 3
1745161893567 8.635604 4
1745161894310 8.550234 5
1745161895057 8.496788 6
1745161895804 8.458965 7
1745161896568 8.476913 0
1745161897309 8.554226 1
1745161898052 8.521191 2
1745161898804 8.438187 3
1745161899551 8.365776 4
1745161900300 8.317704 5
1745161901042 8.347145 6
1745161901788 8.43556 7
1745161902543 8.526447 0
1745161903286 8.593725 1
1745161904026 8.679125 2
1745161904774 8.7660055 3
1745161905511 8.794539 4
1745161906247 8.843979 5
1745161906993 8.809303 6
1745161907737 8.669387 7
1745161908496 8.519902 0
1745161909238 8.404272 1
1745161909984 8.431149 2
1745161910727 8.561482 3
1745161911474 8.834365 4
1745161912227 9.130479 5
1745161912984 9.433382 6
1745161913727 9.626522 7
1745161914492 9.6868 0
1745161915240 9.6754675 1
1745161915977 9.496975 2
1745161916717 9.286928 3
1745161917465 9.049446 4
1745161918211 8.772691 5
1745161918954 8.593636 6
1745161919698 8.395628 7
1745161920458 8.301921 0
1745161921198 8.219528 1
1745161921939 8.222078 2
1745161922686 8.253439 3
1745161923434 8.320333 4
1745161924178 8.374055 5
1745161924931 8.39278 6
1745161925670 8.364078 7
1745161926521 8.298883 0
1745161927263 8.1816225 1
1745161928014 7.97147 2
1745161928761 7.780566 3
1745161929518 7.568918 4
1745161930260 7.427514 5
1745161931006 7.376893 6
1745161931752 7.3961678 7
1745161932508 7.44286 0
1745161933255 7.5025063 1
1745161934002 7.5382776 2
1745161934737 7.546332 3
1745161935476 7.518417 4
1745161936223 7.459257 5
1745161936972 7.412998 6
1745161937717 7.331376 7
1745161938475 7.215122 0
1745161939219 7.171552 1
1745161939971 7.088068 2
1745161940725 7.0410433 3
1745161941468 6.9861774 4
1745161942216 6.922104 5
1745161942958 6.86677 6
1745161943702 6.8315225 7
1745161944460 6.8009906 0
1745161945203 6.7650084 1
1745161945955 6.749856 2
1745161946691 6.737148 3
1745161947437 6.718391 4
1745161948187 6.6973753 5
1745161948929 6.693024 6
1745161949680 6.6518593 7
1745161950434 6.6364164 0
1745161951185 6.60686 1
1745161951925 6.5825634 2
1745161952682 6.5566607 3
1745161953440 6.5215716 4
1745161954198 6.513972 5
1745161954942 6.5317707 6
1745161955692 6.525778 7
1745161956453 6.470862 0
1745161957203 6.3846436 1
1745161957957 6.2770834 2
1745161958700 6.192375 3
1745161959445 6.1102815 4
1745161960189 6.048719 5
1745161960939 6.0174294 6
1745161961687 5.992188 7
1745161962447 6.0219984 0
1745161963193 6.0632963 1
1745161963950 6.108185 2
1745161964698 6.0845966 3
1745161965462 6.0622807 4
1745161966217 5.995037 5
1745161966968 5.878611 6
1745161967722 5.848485 7
1745161968476 5.774952 0
1745161969223 5.749143 1
1745161969978 5.757604 2
1745161970728 5.749568 3
1745161971478 5.754089 4
1745161972218 5.7369213 5
1745161972977 5.703482 6
1745161973722 5.646399 7
1745161974483 5.590949 0
1745161975229 5.576161 1
1745161975979 5.600596 2
1745161976726 5.6182985 3
1745161977470 5.6693115 4
1745161978218 5.7177505 5
1745161978965 5.71145 6
1745161979711 5.74209 7
1745161980473 5.700182 0
1745161981216 5.641253 1
1745161981960 5.573197 2
1745161982710 5.548496 3
1745161983462 5.5036616 4
1745161984217 5.4877753 5
1745161984963 5.496824 6
1745161985714 5.4932046 7
1745161986471 5.5074706 0
1745161987219 5.4760895 1
1745161987967 5.4840064 2
1745161988717 5.485059 3
1745161989458 5.5019255 4
1745161990194 5.5233803 5
1745161990934 5.540955 6
1745161991683 5.557275 7
1745161992442 5.5202475 0
1745161993186 5.4823184 1
1745161993927 5.4453516 2
1745161994675 5.3981605 3
1745161995425 5.3480988 4
1745161996175 5.3319654 5
1745161996920 5.3500614 6
1745161997672 5.382421 7
1745161998428 5.4372663 0
1745161999172 5.4954405 1
1745161999922 5.5383897 2
1745162000673 5.5812087 3
1745162001501 5.5786786 4
1745162002244 5.5834107 5
1745162002987 5.554276 6
1745162003737 5.5640726 7
1745162004486 5.564322 0
1745162005234 5.5758486 1
1745162005982 5.544648 2
1745162006743 5.508203 3
1745162007486 5.4770308 4
1745162008228 5.4497848 5
1745162008968 5.3767467 6
1745162009723 5.4054418 7
1745162010477 5.4156623 0
1745162011227 5.4755073 1
1745162011971 5.569457 2
1745162012715 5.64514 3
1745162013468 5.6803064 4
1745162014214 5.6820292 5
1745162014957 5.675249 6
1745162015696 5.6776624 7
1745162016448 5.668333 0
1745162017195 5.68048 1
1745162017939 5.7163157 2
1745162018682 5.6588044 3
1745162019430 5.581148 4
1745162020172 5.482009 5
1745162020917 5.4472375 6
1745162021657 5.4704466 7
1745162022411 5.5542026 0
1745162023161 5.6647186 1
1745162023907 5.7601743 2
1745162024656 5.7820463 3
1745162025403 5.7435665 4
1745162026150 5.639123 5
1745162026898 5.536975 6
1745162027647 5.405095 7
1745162028413 5.3345914 0
1745162029156 5.368844 1
1745162029896 5.445017 2
1745162030631 5.502792 3
1745162031378 5.5389776 4
1745162032125 5.5244055 5
1745162032862 5.456524 6
1745162033617 5.5090117 7
1745162034381 5.5066524 0
1745162035120 5.503186 1
1745162035860 5.5120015 2
1745162036606 5.4594746 3
1745162037355 5.3959765 4
1745162038100 5.3076806 5
1745162038844 5.2306547 6
1745162039590 5.1366324 7
1745162040350 5.074842 0
1745162041101 5.034841 1
1745162041852 5.016457 2
1745162042594 5.0574303 3
1745162043339 5.1462064 4
1745162044081 5.1762714 5
1745162044828 5.2229376 6
1745162045581 5.226425 7
1745162046342 5.212972 0
1745162047096 5.197389 1
1745162047848 5.2107444 2
1745162048596 5.2009406 3
1745162049339 5.1804147 4
1745162050095 5.1634746 5
1745162050833 5.1110764 6
1745162051574 5.0379076 7
1745162052341 5.0319376 0
1745162053086 4.9977655 1
1745162053831 4.995309 2
1745162054580 5.0005584 3
1745162055325 4.9961867 4
1745162056069 5.037562 5
1745162056817 5.039488 6
1745162057561 4.977171 7
1745162058322 4.9370303 0
1745162059063 4.8963094 1
1745162059810 4.8799205 2
1745162060553 4.892199 3
1745162061296 4.8963428 4
1745162062044 4.954355 5
1745162062791 4.953506 6
1745162063539 4.9297185 7
1745162064291 4.8756857 0
1745162065035 4.8027444 1
1745162065776 4.750157 2
1745162066518 4.680723 3
1745162067265 4.6253257 4
1745162068012 4.6041374 5
1745162068761 4.565303 6
1745162069517 4.5379224 7
1745162070273 4.538854 0
1745162071021 4.595468 1
1745162071775 4.690727 2
1745162072525 4.729981 3
1745162073274 4.73899 4
1745162074019 4.6781964 5
1745162074792 4.616064 6
1745162075542 4.5353622 7
1745162076390 4.484984 0
1745162077140 4.487236 1
1745162077897 4.536362 2
1745162078639 4.5501633 3
1745162079382 4.6576676 4
1745162080132 4.6991653 5
1745162080886 4.734907 6
1745162081631 4.7567134 7
1745162082389 4.7510414 0
1745162083133 4.670634 1
1745162083891 4.616329 2
1745162084635 4.519389 3
1745162085394 4.4361978 4
1745162086137 4.4251947 5
1745162086880 4.4657817 6
1745162087634 4.479871 7
1745162088387 4.5253296 0
1745162089135 4.5606775 1
1745162089880 4.5747647 2
1745162090626 4.5960135 3
1745162091375 4.566636 4
1745162092125 4.529867 5
1745162092871 4.497463 6
1745162093612 4.4899287 7
1745162094372 4.4648952 0
1745162095110 4.4478617 1
1745162095848 4.438977 2
1745162096606 4.436499 3
1745162097349 4.45607 4
1745162098098 4.456713 5
1745162098842 4.474268 6
1745162099602 4.49685 7
1745162100369 4.515691 0
1745162101113 4.535686 1
1745162101859 4.5522084 2
1745162102611 4.531367 3
1745162103355 4.5100904 4
1745162104107 4.407956 5
1745162104856 4.325157 6
1745162105599 4.238188 7
1745162106355 4.223214 0
1745162107095 4.2490363 1
1745162107846 4.303201 2
1745162108595 4.3395753 3
1745162109344 4.3743777 4
1745162110095 4.4175677 5
1745162110848 4.476781 6
1745162111595 4.5017138 7
1745162112350 4.49126 0
1745162113096 4.486642 1
1745162113846 4.4139667 2
1745162114590 4.3455234 3
1745162115340 4.3004446 4
1745162116088 4.257434 5
1745162116837 4.265016 6
1745162117585 4.255699 7
1745162118355 4.2670774 0
1745162119095 4.255505 1
1745162119840 4.268144 2
1745162120585 4.2964625 3
1745162121339 4.3082886 4
1745162122089 4.3219423 5
1745162122832 4.3111763 6
1745162123578 4.3321877 7
1745162124334 4.2814364 0
1745162125088 4.2181234 1
1745162125830 4.14903 2
1745162126572 4.059718 3
1745162127322 4.0461493 4
1745162128076 4.0877495 5
1745162128821 4.177168 6
1745162129565 4.307869 7
1745162130325 4.385334 0
1745162131064 4.413786 1
1745162131814 4.4017878 2
1745162132557 4.3712435 3
1745162133307 4.317557 4
1745162134060 4.2852798 5
1745162134803 4.2983813 6
1745162135551 4.330962 7
1745162136301 4.402478 0
1745162137042 4.4170437 1
1745162137788 4.347558 2
1745162138537 4.2625103 3
1745162139276 4.134905 4
1745162140024 4.060978 5
1745162140765 3.9491844 6
1745162141506 3.8903823 7
1745162142264 3.8845189 0
1745162143013 3.9225016 1
1745162143784 4.01058 2
1745162144526 4.109958 3
1745162145275 4.1767225 4
1745162146018 4.2113957 5
1745162146767 4.2097154 6
1745162147518 4.1672235 7
1745162148279 4.0474453 0
1745162149028 3.9785962 1
1745162149768 3.918876 2
1745162150514 3.949824 3
1745162151353 4.0112987 4
1745162152096 4.020687 5
1745162152845 4.0232086 6
1745162153595 4.015878 7
1745162154349 3.9750009 0
1745162155108 3.9670863 1
1745162155855 3.9906878 2
1745162156599 4.0106215 3
1745162157345 4.0644283 4
1745162158092 4.1106896 5
1745162158835 4.142498 6
1745162159579 4.177191 7
1745162160339 4.155093 0
1745162161089 4.155685 1
1745162161835 4.0709457 2
1745162162577 4.0107555 3
1745162163328 3.9313722 4
1745162164088 3.8968878 5
1745162164838 3.9030519 6
1745162165586 3.9833465 7
1745162166332 4.051331 0
1745162167078 4.053971 1
1745162167833 4.081435 2
1745162168569 4.0595055 3
1745162169326 4.0057406 4
1745162170072 3.9503398 5
1745162170819 3.9282882 6
1745162171578 3.8980439 7
1745162172348 3.870364 0
1745162173093 3.8228264 1
1745162173857 3.8084025 2
1745162174607 3.7998233 3
1745162175352 3.8075063 4
1745162176112 3.8078358 5
1745162176868 3.8044288 6
1745162177616 3.7872496 7
1745162178381 3.7177718 0
1745162179127 3.7195265 1
1745162179873 3.7638266 2
1745162180617 3.8443775 3
1745162181364 3.9046469 4
1745162182115 3.937092 5
1745162182865 3.9172 6
1745162183613 3.873283 7
1745162184371 3.8059742 0
1745162185119 3.7619767 1
1745162185869 3.77501 2
1745162186619 3.8370938 3
1745162187363 3.85917 4
1745162188111 3.8821836 5
1745162188865 3.8937807 6
1745162189617 3.9110205 7
1745162190377 3.9363475 0
1745162191131 3.9898212 1
1745162191882 3.950571 2
1745162192644 3.934755 3
1745162193391 3.9135494 4
1745162194144 3.8677976 5
1745162194896 3.8203902 6
1745162195643 3.7843246 7
1745162196402 3.8076832 0
1745162197151 3.8331187 1
1745162197896 3.898962 2
1745162198647 3.9934373 3
1745162199387 4.054352 4
1745162200140 4.124833 5
1745162200887 4.139062 6
1745162201632 4.104713 7
1745162202388 4.0376806 0
1745162203133 3.9790337 1
1745162203881 3.8990262 2
1745162204624 3.8820739 3
1745162205379 3.9495625 4
1745162206131 4.0381455 5
1745162206879 4.0760245 6
1745162207631 4.098415 7
1745162208385 4.0183105 0
1745162209142 4.012923 1
1745162209885 3.9858794 2
1745162210630 3.97749 3
1745162211387 4.085288 4
1745162212127 4.107383 5
1745162212874 4.135351 6
1745162213628 4.1525297 7
1745162214396 4.15626 0
1745162215138 4.0862823 1
1745162215892 4.018942 2
1745162216643 3.981579 3
1745162217395 4.0256586 4
1745162218137 4.099622 5
1745162218886 4.127164 6
1745162219646 4.138099 7
1745162220425 4.098307 0
1745162221174 4.0461483 1
1745162221922 4.01571 2
1745162222662 3.938239 3
1745162223413 3.9223056 4
1745162224161 3.9274077 5
1745162224910 3.9835937 6
1745162225659 4.0895314 7
1745162226508 4.185826 0
1745162227250 4.2031984 1
1745162227996 4.167944 2
1745162228742 4.124704 3
1745162229486 4.126063 4
1745162230238 4.1087213 5
1745162230989 4.113997 6
1745162231733 4.1353726 7
1745162232500 4.1011157 0
1745162233244 4.0744123 1
1745162233992 4.037373 2
1745162234737 4.0124702 3
1745162235494 3.989039 4
1745162236245 4.0405974 5
1745162236991 4.0864086 6
1745162237746 4.0928316 7
1745162238502 4.063756 0
1745162239250 4.0426383 1
1745162239991 4.0574646 2
1745162240741 4.13173 3
1745162241485 4.261879 4
1745162242231 4.3525777 5
1745162242984 4.325731 6
1745162243734 4.2170825 7
1745162244492 4.0899467 0
1745162245237 4.045925 1
1745162245983 4.119914 2
1745162246730 4.227132 3
1745162247472 4.2898006 4
1745162248219 4.2587085 5
1745162248969 4.2097793 6
1745162249719 4.1541963 7
1745162250478 4.1620803 0
1745162251231 4.208793 1
1745162251982 4.366858 2
1745162252733 4.4966364 3
1745162253491 4.5507884 4
1745162254240 4.539249 5
1745162254985 4.5287423 6
1745162255730 4.5340776 7
1745162256484 4.616791 0
1745162257232 4.687757 1
1745162257982 4.789191 2
1745162258726 4.817499 3
1745162259469 4.807185 4
1745162260222 4.764408 5
1745162260976 4.668976 6
1745162261718 4.653679 7
1745162262479 4.6343904 0
1745162263230 4.6267796 1
1745162263971 4.6758027 2
1745162264714 4.7207975 3
1745162265463 4.7075853 4
1745162266213 4.621047 5
1745162266958 4.558688 6
1745162267705 4.5339055 7
1745162268462 4.5479426 0
1745162269203 4.5896244 1
1745162269952 4.619884 2
1745162270699 4.624359 3
1745162271439 4.5858335 4
1745162272187 4.50302 5
1745162272938 4.437915 6
1745162273685 4.4348803 7
1745162274442 4.5106096 0
1745162275188 4.5970645 1
1745162275936 4.697668 2
1745162276693 4.729462 3
1745162277449 4.6878147 4
1745162278201 4.572158 5
1745162278957 4.5169806 6
1745162279707 4.497088 7
1745162280472 4.5303936 0
1745162281217 4.575495 1
1745162281968 4.5962305 2
1745162282714 4.593597 3
1745162283468 4.6024942 4
1745162284212 4.543933 5
1745162284962 4.4860873 6
1745162285705 4.3726068 7
1745162286464 4.310851 0
1745162287208 4.342073 1
1745162287961 4.4192476 2
1745162288704 4.4822836 3
1745162289452 4.515741 4
1745162290194 4.4896317 5
1745162290961 4.472801 6
1745162291710 4.4800773 7
1745162292460 4.4813156 0
1745162293201 4.510412 1
1745162293952 4.504244 2
1745162294705 4.5032606 3
1745162295447 4.489492 4
1745162296196 4.4712987 5
1745162296941 4.4703383 6
1745162297695 4.492055 7
1745162298448 4.455436 0
1745162299199 4.4129744 1
1745162299942 4.3297777 2
1745162300687 4.2765055 3
1745162301524 4.2493825 4
1745162302276 4.2742066 5
1745162303022 4.3358846 6
1745162303776 4.475088 7
1745162304531 4.549094 0
1745162305271 4.57935 1
1745162306015 4.499042 2
1745162306763 4.4115143 3
1745162307515 4.326345 4
1745162308260 4.2628317 5
1745162309008 4.2152977 6
1745162309756 4.1853704 7
1745162310512 4.174659 0
1745162311254 4.169196 1
1745162312001 4.169805 2
1745162312746 4.191753 3
1745162313496 4.2096477 4
1745162314243 4.288638 5
1745162314990 4.2858534 6
1745162315729 4.3248534 7
1745162316487 4.256152 0
1745162317232 4.2024803 1
1745162317973 4.124125 2
1745162318715 4.092661 3
1745162319463 4.115917 4
1745162320207 4.165391 5
1745162320955 4.2174306 6
1745162321706 4.222684 7
1745162322463 4.144142 0
1745162323212 4.082866 1
1745162323959 4.0094557 2
1745162324707 3.922532 3
1745162325457 3.820225 4
1745162326207 3.7671163 5
1745162326949 3.7683222 6
1745162327695 3.7903037 7
1745162328456 3.8457088 0
1745162329253 3.918121 1
1745162329999 3.9443526 2
1745162330753 3.96071 3
1745162331501 3.9554138 4
1745162332246 3.9211795 5
1745162332990 3.9032726 6
1745162333739 3.8385396 7
1745162334504 3.86033 0
1745162335262 3.9150305 1
1745162335999 3.9475703 2
1745162336746 3.9904165 3
1745162337498 3.9474237 4
1745162338242 3.8993654 5
1745162338990 3.824574 6
1745162339738 3.7875164 7
1745162340500 3.7605896 0
1745162341237 3.7392662 1
1745162341981 3.729724 2
1745162342725 3.7124598 3
1745162343478 3.7137237 4
1745162344226 3.716319 5
1745162344978 3.7368124 6
1745162345731 3.7499409 7
1745162346492 3.725851 0
1745162347240 3.7194428 1
1745162347984 3.638958 2
1745162348726 3.5950527 3
1745162349474 3.5836682 4
1745162350224 3.5765738 5
1745162350970 3.5930767 6
1745162351721 3.613477 7
1745162352484 3.6377063 0
1745162353236 3.6635811 1
1745162353982 3.6684003 2
1745162354748 3.6397479 3
1745162355490 3.6522524 4
1745162356235 3.683426 5
1745162356982 3.7026849 6
1745162357726 3.7173147 7
1745162358476 3.7553449 0
1745162359225 3.7584696 1
1745162359984 3.791366 2
1745162360735 3.8091338 3
1745162361482 3.823088 4
1745162362227 3.784374 5
1745162362976 3.7284887 6
1745162363722 3.7193317 7
1745162364468 3.7216537 0
1745162365216 3.7352839 1
1745162365962 3.786889 2
1745162366700 3.7919006 3
1745162367445 3.7947338 4
1745162368194 3.7699487 5
1745162368942 3.7366343 6
1745162369679 3.6860368 7
1745162370447 3.6448555 0
1745162371195 3.689774 1
1745162371944 3.7223098 2
1745162372689 3.7716775 3
1745162373428 3.7966828 4
1745162374171 3.8269856 5
1745162374921 3.8432024 6
1745162375662 3.8225727 7
1745162376511 3.7909236 0
1745162377342 3.7156456 1
1745162378100 3.6387448 2
1745162378844 3.5805998 3
1745162379589 3.5793183 4
1745162380329 3.6260452 5
1745162381071 3.7023582 6
1745162381813 3.7427914 7
1745162382566 3.7714205 0
1745162383315 3.797865 1
1745162384064 3.8041596 2
1745162384799 3.7809446 3
1745162385549 3.7431626 4
1745162386292 3.699989 5
1745162387032 3.6676483 6
1745162387774 3.6037452 7
1745162388528 3.5472322 0
1745162389267 3.5067408 1
1745162390005 3.5402718 2
1745162390755 3.600679 3
1745162391503 3.6889715 4
1745162392241 3.7590208 5
1745162392990 3.772978 6
1745162393740 3.7370539 7
1745162394487 3.6936102 0
1745162395237 3.6146598 1
1745162395989 3.5463245 2
1745162396734 3.4868581 3
1745162397479 3.474954 4
1745162398223 3.47435 5
1745162398971 3.513007 6
1745162399716 3.5577307 7
1745162400477 3.617655 0
1745162401219 3.6652327 1
1745162401965 3.678155 2
1745162402712 3.6735466 3
1745162403454 3.634603 4
1745162404196 3.607415 5
1745162404938 3.5349586 6
1745162405680 3.4875996 7
1745162406436 3.4565701 0
1745162407183 3.4503887 1
1745162407919 3.4451237 2
1745162408670 3.4760232 3
1745162409418 3.5061607 4
1745162410167 3.5217328 5
1745162410925 3.5801923 6
1745162411679 3.5931492 7
1745162412438 3.6198833 0
1745162413181 3.566165 1
1745162413929 3.534185 2
1745162414676 3.4639134 3
1745162415421 3.4086182 4
1745162416173 3.365293 5
1745162416925 3.370907 6
1745162417680 3.3927526 7
1745162418432 3.4100013 0
1745162419184 3.43428 1
1745162419924 3.4751697 2
1745162420673 3.4867773 3
1745162421423 3.4859567 4
1745162422169 3.4678173 5
1745162422914 3.4418423 6
1745162423668 3.4052129 7
1745162424425 3.3543375 0
1745162425163 3.3224342 1
1745162425903 3.2728636 2
1745162426652 3.2558923 3
1745162427402 3.2560167 4
1745162428153 3.2784984 5
1745162428905 3.2811618 6
1745162429648 3.2789652 7
1745162430410 3.3092809 0
1745162431153 3.343319 1
1745162431896 3.4218955 2
1745162432643 3.4194043 3
1745162433388 3.425362 4
1745162434137 3.3363976 5
1745162434885 3.278271 6
1745162435630 3.247203 7
1745162436391 3.265977 0
1745162437145 3.2782304 1
1745162437883 3.2872934 2
1745162438622 3.2981296 3
1745162439376 3.249956 4
1745162440117 3.217804 5
1745162440864 3.1662316 6
1745162441606 3.1388803 7
1745162442364 3.105587 0
1745162443105 3.0840056 1
1745162443845 3.0786583 2
1745162444594 3.1050267 3
1745162445344 3.1104772 4
1745162446097 3.1062527 5
1745162446833 3.1107283 6
1745162447571 3.0942864 7
1745162448326 3.0554383 0
1745162449076 3.0365074 1
1745162449822 3.056247 2
1745162450567 3.1081762 3
1745162451412 3.1365323 4
1745162452149 3.1831095 5
1745162452895 3.1901546 6
1745162453646 3.172621 7
1745162454393 3.1351626 0
1745162455145 3.111875 1
1745162455888 3.0554738 2
1745162456641 3.0379038 3
1745162457381 3.021793 4
1745162458135 3.0030093 5
1745162458877 2.9972508 6
1745162459621 2.9662247 7
1745162460374 2.954923 0
1745162461126 2.9592674 1
1745162461867 2.9668782 2
1745162462614 3.0048618 3
1745162463357 3.0263906 4
1745162464106 3.0335643 5
1745162464847 3.06904 6
1745162465598 3.0841389 7
1745162466349 3.0726666 0
1745162467101 3.0577166 1
1745162467841 3.0420117 2
1745162468574 3.025123 3
1745162469325 3.0326583 4
1745162470080 3.042138 5
1745162470829 3.0939355 6
1745162471575 3.1283016 7
1745162472327 3.1533601 0
1745162473079 3.190835 1
1745162473831 3.186619 2
1745162474573 3.176444 3
1745162475322 3.1343424 4
1745162476073 3.107477 5
1745162476819 3.0953856 6
1745162477570 3.1042726 7
1745162478326 3.1043725 0
1745162479076 3.0857198 1
1745162479832 3.1109593 2
1745162480575 3.1921482 3
1745162481323 3.2720282 4
1745162482072 3.3325036 5
1745162482816 3.393764 6
1745162483561 3.383448 7
1745162484318 3.3658717 0
1745162485055 3.3645844 1
1745162485808 3.337518 2
1745162486557 3.2957926 3
1745162487310 3.2969637 4
1745162488056 3.303899 5
1745162488805 3.3570025 6
1745162489548 3.433088 7
1745162490305 3.483314 0
1745162491048 3.483402 1
1745162491805 3.4361072 2
1745162492555 3.3374763 3
1745162493302 3.2581654 4
1745162494048 3.2476363 5
1745162494790 3.3428214 6
1745162495536 3.4539566 7
1745162496289 3.4937487 0
1745162497027 3.529056 1
1745162497777 3.4873137 2
1745162498525 3.5217311 3
1745162499265 3.4849539 4
1745162500004 3.485642 5
1745162500751 3.4973295 6
1745162501503 3.5402396 7
1745162502262 3.5351868 0
1745162503006 3.4815524 1
1745162503752 3.4248128 2
1745162504503 3.3554554 3
1745162505246 3.3116348 4
1745162505998 3.336317 5
1745162506747 3.4014957 6
1745162507502 3.4528108 7
1745162508253 3.4128447 0
1745162509004 3.3740308 1
1745162509745 3.3444185 2
1745162510491 3.3572302 3
1745162511238 3.4451237 4
1745162511986 3.4969978 5
1745162512735 3.5674832 6
1745162513483 3.6627963 7
1745162514238 3.7397997 0
1745162514986 3.7317407 1
1745162515723 3.6438851 2
1745162516465 3.418097 3
1745162517210 3.2443683 4
1745162517955 3.1077104 5
1745162518707 3.1128814 6
1745162519469 3.1604471 7
1745162520223 3.2968533 0
1745162520972 3.3935075 1
1745162521718 3.4738846 2
1745162522460 3.5288305 3
1745162523202 3.5776858 4
1745162523947 3.5440564 5
1745162524695 3.5109015 6
1745162525443 3.4399655 7
1745162526288 3.374993 0
1745162527029 3.3323565 1
1745162527780 3.328025 2
1745162528522 3.3579264 3
1745162529279 3.3981612 4
1745162530025 3.4113777 5
1745162530780 3.458983 6
1745162531531 3.470832 7
1745162532296 3.4408464 0
1745162533043 3.4141264 1
1745162533788 3.4053097 2
1745162534544 3.411501 3
1745162535297 3.4335086 4
1745162536048 3.4737782 5
1745162536794 3.532428 6
1745162537537 3.5487342 7
1745162538294 3.5450683 0
1745162539047 3.586823 1
1745162539792 3.5682259 2
1745162540542 3.547427 3
1745162541288 3.4794307 4
1745162542038 3.4103096 5
1745162542783 3.353369 6
1745162543525 3.3059282 7
1745162544274 3.2578757 0
1745162545025 3.2417254 1
1745162545769 3.2219298 2
1745162546517 3.2363052 3
1745162547261 3.2900677 4
1745162548005 3.3547058 5
1745162548757 3.4004495 6
1745162549505 3.4157543 7
1745162550253 3.4082377 0
1745162551004 3.3704054 1
1745162551743 3.3188438 2
1745162552489 3.2471774 3
1745162553246 3.17423 4
1745162554000 3.1165166 5
1745162554758 3.099562 6
1745162555507 3.1143737 7
1745162556266 3.158149 0
1745162557020 3.2278817 1
1745162557759 3.2718086 2
1745162558510 3.3043098 3
1745162559256 3.3200028 4
1745162560004 3.3545752 5
1745162560748 3.3836627 6
1745162561492 3.4117877 7
1745162562248 3.429549 0
1745162562998 3.4252605 1
1745162563743 3.3769553 2
1745162564491 3.3060944 3
1745162565242 3.2115622 4
1745162565994 3.144935 5
1745162566735 3.1000295 6
1745162567480 3.1037028 7
1745162568239 3.1344447 0
1745162568983 3.1651995 1
1745162569747 3.1659954 2
1745162570493 3.145668 3
1745162571239 3.12715 4
1745162571977 3.114314 5
1745162572725 3.144552 6
1745162573478 3.184887 7
1745162574232 3.261064 0
1745162574977 3.2961636 1
1745162575717 3.3151412 2
1745162576463 3.3144631 3
1745162577201 3.294126 4
1745162577943 3.2299435 5
1745162578692 3.1833344 6
1745162579439 3.133062 7
1745162580194 3.1415777 0
1745162580938 3.1870263 1
1745162581680 3.2328906 2
1745162582425 3.2352493 3
1745162583163 3.2083576 4
1745162583907 3.1533036 5
1745162584662 3.0700881 6
1745162585406 3.0431464 7
1745162586158 3.0986547 0
1745162586907 3.1575885 1
1745162587652 3.273156 2
1745162588395 3.340763 3
1745162589138 3.312299 4
1745162589879 3.2759476 5
1745162590622 3.2184849 6
1745162591370 3.1556802 7
1745162592126 3.1090147 0
1745162592878 3.0986295 1
1745162593615 3.134965 2
1745162594360 3.2076917 3
1745162595101 3.2186527 4
1745162595847 3.24306 5
1745162596603 3.2574499 6
1745162597346 3.3197064 7
1745162598107 3.3196974 0
1745162598856 3.381219 1
1745162599606 3.3629022 2
1745162600366 3.3984444 3
1745162601201 3.3889537 4
1745162601943 3.4056125 5
1745162602688 3.381416 6
1745162603435 3.341145 7
1745162604192 3.2988977 0
1745162604939 3.2554402 1
1745162605679 3.2085896 2
1745162606421 3.188385 3
1745162607167 3.2306066 4
1745162607917 3.2355423 5
1745162608669 3.2334392 6
1745162609416 3.2386692 7
1745162610175 3.2255542 0
1745162610940 3.2486382 1
1745162611688 3.2497072 2
1745162612427 3.2785196 3
1745162613167 3.299926 4
1745162613913 3.3337913 5
1745162614656 3.3145847 6
1745162615408 3.3177109 7
1745162616161 3.3506734 0
1745162616910 3.3395267 1
1745162617658 3.3285542 2
1745162618434 3.315456 3
1745162619172 3.295437 4
1745162619917 3.2997844 5
1745162620676 3.3070514 6
1745162621421 3.3053794 7
1745162622178 3.3264952 0
1745162622921 3.3833942 1
1745162623664 3.3669949 2
1745162624410 3.2931087 3
1745162625151 3.256731 4
1745162625897 3.224854 5
1745162626644 3.1961308 6
1745162627377 3.178578 7
1745162628137 3.2238426 0
1745162628885 3.2712011 1
1745162629627 3.3234856 2
1745162630364 3.3330953 3
1745162631122 3.31949 4
1745162631862 3.2465057 5
1745162632607 3.1746163 6
1745162633351 3.1452293 7
1745162634108 3.155796 0
1745162634852 3.20748 1
1745162635596 3.3012047 2
1745162636340 3.3633702 3
1745162637088 3.398823 4
1745162637847 3.4056256 5
1745162638597 3.3911796 6
1745162639344 3.369874 7
1745162640098 3.3137784 0
1745162640865 3.2586055 1
1745162641632 3.2022643 2
1745162642377 3.201075 3
1745162643116 3.2010903 4
1745162643861 3.2357674 5
1745162644609 3.2728217 6
1745162645351 3.26369 7
1745162646107 3.2368817 0
1745162646860 3.2153919 1
1745162647602 3.1938863 2
1745162648350 3.207732 3
1745162649091 3.2110353 4
1745162649835 3.2602005 5
1745162650580 3.350192 6
1745162651319 3.4024353 7
1745162652091 3.4487114 0
1745162652840 3.4557378 1
1745162653583 3.427474 2
1745162654341 3.3554556 3
1745162655079 3.235954 4
1745162655834 3.1253572 5
1745162656577 3.0420814 6
1745162657323 3.0317419 7
1745162658077 3.0574253 0
1745162658819 3.0956326 1
1745162659558 3.1316648 2
1745162660295 3.161611 3
1745162661034 3.1712537 4
1745162661777 3.1863136 5
1745162662524 3.2018285 6
1745162663268 3.1988468 7
1745162664022 3.2253504 0
1745162664763 3.2359827 1
1745162665509 3.2226424 2
1745162666256 3.1813354 3
1745162666999 3.1481519 4
1745162667748 3.0945137 5
1745162668493 3.056941 6
1745162669238 3.02885 7
1745162669984 3.021033 0
1745162670728 3.0018344 1
1745162671474 3.0363936 2
1745162672217 3.0357175 3
1745162672962 3.078271 4
1745162673706 3.077929 5
1745162674449 3.075656 6
1745162675201 3.062191 7
