1741344763414 1.2852565e-12 0
1741344765105 1.2772742e-12 1
1741344766830 1.2545608e-12 2
1741344768552 1.2689792e-12 3
1741344770240 1.2842576e-12 4
1741344771954 1.2617934e-12 5
1741344773644 1.26734e-12 6
1741344775373 1.2648079e-12 7
1741344777079 1.2762376e-12 8
1741344778800 1.2580142e-12 9
1741344780489 1.2985742e-12 10
1741344782233 1.2671913e-12 11
1741344783964 1.2625851e-12 12
1741344785662 1.2676129e-12 13
1741344787395 1.2394922e-12 14
1741344789112 1.2911845e-12 15
1741344790849 1.2782603e-12 16
1741344792730 1.2603142e-12 17
1741344794452 1.2568314e-12 18
1741344796058 1.2881189e-12 19
1741344796698 1.2709698e-12 20
1741344797335 1.3429971e-12 21
1741344797958 1.243738e-12 22
1741344798585 1.2710616e-12 23
1741344799209 1.2887792e-12 24
1741344799835 1.2981111e-12 25
1741344800472 1.2680438e-12 26
1741344801101 1.3091828e-12 27
1741344801773 1.2553107e-12 28
1741344802433 1.2052472e-12 29
1741344803083 1.2817329e-12 30
1741344803735 1.2832867e-12 31
1741344804424 1.2567463e-12 32
1741344805222 1.3049329e-12 33
1741344806037 1.2741593e-12 34
1741344806856 1.2530019e-12 35
1741344807763 1.3245188e-12 36
1741344808662 1.3010905e-12 37
1741344809511 1.2306698e-12 38
1741344810366 1.223587e-12 39
1741344811185 1.2643073e-12 40
1741344812034 1.2905545e-12 41
1741344812867 1.2421142e-12 42
1741344813702 1.245557e-12 43
1741344814517 1.2678889e-12 44
1741344815343 1.2865209e-12 45
1741344816102 1.2605304e-12 46
1741344816855 1.2886258e-12 47
1741344817610 1.3015397e-12 48
1741344818368 1.3108482e-12 49
1741344819134 1.2259228e-12 50
1741344819881 1.3053359e-12 51
1741344820649 1.2441054e-12 52
1741344821404 1.2436471e-12 53
1741344822151 1.2542754e-12 54
1741344822919 1.324774e-12 55
1741344823668 1.2896257e-12 56
1741344824418 1.2606128e-12 57
1741344825192 1.2735659e-12 58
1741344825977 1.2987608e-12 59
1741344826770 1.2579455e-12 60
1741344827554 1.2359697e-12 61
1741344828306 1.249249e-12 62
1741344829066 1.3127078e-12 63
1741344829827 1.2996639e-12 64
1741344830588 1.2560154e-12 65
1741344831364 1.2769684e-12 66
1741344832101 1.2890746e-12 67
1741344832831 1.2620422e-12 68
1741344833573 1.2305275e-12 69
1741344834318 1.3049604e-12 70
1741344835062 1.2934789e-12 71
1741344835801 1.3041182e-12 72
1741344836539 1.2694677e-12 73
1741344837312 1.2728062e-12 74
1741344838076 1.2617689e-12 75
1741344838826 1.2631085e-12 76
1741344839586 1.2604908e-12 77
1741344840338 1.3180959e-12 78
1741344841096 1.2698565e-12 79
1741344841843 1.2625766e-12 80
1741344842611 1.2828874e-12 81
1741344843364 1.2595719e-12 82
1741344844114 1.2684977e-12 83
1741344844872 1.2580824e-12 84
1741344845624 1.294841e-12 85
1741344846438 1.2603767e-12 86
1741344847182 1.2875308e-12 87
1741344847929 1.3265531e-12 88
1741344848684 1.2723606e-12 89
1741344849432 1.2862726e-12 90
1741344850179 1.276066e-12 91
1741344850914 1.2768813e-12 92
1741344851656 1.2532837e-12 93
1741344852403 1.2515862e-12 94
1741344853152 1.2331632e-12 95
1741344853895 1.2633854e-12 96
1741344854666 1.2590082e-12 97
1741344855429 1.295536e-12 98
1741344856372 1.2501307e-12 99
1741344857112 1.2289759e-12 100
1741344857862 1.2657368e-12 101
1741344858622 1.2626511e-12 102
1741344859373 1.3095297e-12 103
1741344860114 1.2824156e-12 104
1741344860856 1.2653343e-12 105
1741344861600 1.2626829e-12 106
1741344862340 1.2540984e-12 107
1741344863091 1.2591826e-12 108
1741344863846 1.2455491e-12 109
1741344864603 1.2472514e-12 110
1741344865362 1.2618294e-12 111
1741344866106 1.2751666e-12 112
1741344866851 1.282174e-12 113
1741344867596 1.3212899e-12 114
1741344868348 1.2970038e-12 115
1741344869092 1.2633424e-12 116
1741344869839 1.3013008e-12 117
1741344870596 1.2677539e-12 118
1741344871362 1.3130487e-12 119
1741344872153 1.277978e-12 120
1741344872896 1.2646968e-12 121
1741344873634 1.2595052e-12 122
1741344874372 1.2754824e-12 123
1741344875106 1.2553425e-12 124
1741344875839 1.2597728e-12 125
1741344876568 1.2506404e-12 126
1741344877298 1.2570371e-12 127
1741344878066 1.2814225e-12 128
1741344878870 1.2893513e-12 129
1741344879700 1.2684077e-12 130
1741344880499 1.2356903e-12 131
1741344881362 1.2656153e-12 132
1741344882112 1.2530064e-12 133
1741344882861 1.293966e-12 134
1741344883628 1.2666173e-12 135
1741344884375 1.2496517e-12 136
1741344885172 1.2601987e-12 137
1741344885930 1.2747661e-12 138
1741344886696 1.3141838e-12 139
1741344887451 1.3020766e-12 140
1741344888200 1.3447585e-12 141
1741344888946 1.3263032e-12 142
1741344889697 1.3652098e-12 143
1741344890459 1.2182205e-12 144
1741344891206 1.2909485e-12 145
1741344891947 1.2884325e-12 146
1741344892718 1.2549e-12 147
1741344893456 1.2622827e-12 148
1741344894193 1.2835995e-12 149
1741344894956 1.2662612e-12 150
1741344895712 1.2411394e-12 151
1741344896471 1.2872827e-12 152
1741344897220 1.2725305e-12 153
1741344897989 1.2715826e-12 154
1741344898760 1.2540777e-12 155
1741344899518 1.2722079e-12 156
1741344900272 1.2790157e-12 157
1741344901035 1.2899402e-12 158
1741344901798 1.259435e-12 159
1741344902558 1.2688127e-12 160
1741344903316 1.2682469e-12 161
1741344904072 1.2912648e-12 162
1741344904836 1.3009857e-12 163
1741344905599 1.2795132e-12 164
1741344906360 1.2501495e-12 165
1741344907123 1.2637109e-12 166
1741344907885 1.2439805e-12 167
1741344908645 1.2592995e-12 168
1741344909410 1.26159e-12 169
1741344910173 1.2528353e-12 170
1741344910939 1.2402125e-12 171
1741344911710 1.2370573e-12 172
1741344912475 1.2865363e-12 173
1741344913231 1.2180904e-12 174
1741344913991 1.262506e-12 175
1741344914749 1.2566842e-12 176
1741344915503 1.2793682e-12 177
1741344916260 1.2572298e-12 178
1741344917021 1.287982e-12 179
1741344917775 1.2622069e-12 180
1741344918535 1.2307446e-12 181
1741344919292 1.2580584e-12 182
1741344920053 1.2589184e-12 183
1741344920823 1.2780417e-12 184
1741344921578 1.2389565e-12 185
1741344922343 1.2428703e-12 186
1741344923107 1.2660079e-12 187
1741344923862 1.2630563e-12 188
1741344924618 1.3085761e-12 189
1741344925381 1.2547271e-12 190
1741344926136 1.2553836e-12 191
1741344926908 1.2592335e-12 192
1741344927691 1.2582519e-12 193
1741344928488 1.2635418e-12 194
1741344929272 1.2799111e-12 195
1741344930016 1.2860264e-12 196
1741344930770 1.292791e-12 197
1741344931525 1.2734543e-12 198
1741344932425 1.251257e-12 199
1741344933195 1.2561757e-12 200
1741344933957 1.2794143e-12 201
1741344934714 1.2638253e-12 202
1741344935475 1.2640801e-12 203
1741344936227 1.2691748e-12 204
1741344937319 1.2741756e-12 205
1741344939122 1.2359171e-12 206
1741344940852 1.2773338e-12 207
1741344942596 1.256325e-12 208
1741344944297 1.2663722e-12 209
1741344946025 1.2556838e-12 210
1741344947750 1.3178676e-12 211
1741344949449 1.2577755e-12 212
1741344951169 1.260795e-12 213
1741344952865 1.2515257e-12 214
1741344954602 1.2711038e-12 215
1741344956295 1.266912e-12 216
1741344958014 1.2683906e-12 217
1741344959702 1.2810959e-12 218
1741344961439 1.2567353e-12 219
1741344963154 1.3072177e-12 220
1741344964862 1.3023687e-12 221
1741344966584 1.2690733e-12 222
1741344968277 1.2716573e-12 223
1741344970011 1.2908572e-12 224
1741344971703 1.2316067e-12 225
1741344973438 1.2977109e-12 226
1741344975128 1.2888405e-12 227
1741344976997 1.2846147e-12 228
1741344978770 1.2617919e-12 229
1741344980478 1.2559973e-12 230
1741344981498 1.3024497e-12 231
1741344982136 1.2585588e-12 232
1741344982777 1.2812838e-12 233
1741344983423 1.2652401e-12 234
1741344984074 1.2490386e-12 235
1741344984835 1.2587378e-12 236
1741344985601 1.3089385e-12 237
1741344986369 1.2480103e-12 238
1741344987145 1.270105e-12 239
1741344987913 1.2977357e-12 240
1741344988668 1.2583845e-12 241
1741344989410 1.2387541e-12 242
1741344990177 1.2749111e-12 243
1741344990933 1.2563103e-12 244
1741344991695 1.2668142e-12 245
1741344992443 1.3006781e-12 246
1741344993205 1.2440169e-12 247
1741344993955 1.2802692e-12 248
1741344994698 1.3012766e-12 249
1741344995441 1.2693998e-12 250
1741344996195 1.25533e-12 251
1741344996945 1.2324009e-12 252
1741344997691 1.2500763e-12 253
1741344998449 1.2754438e-12 254
1741344999187 1.2698415e-12 255
1741344999984 1.3108216e-12 256
1741345000733 1.232873e-12 257
1741345001473 1.2463032e-12 258
1741345002233 1.2649566e-12 259
1741345002973 1.2675875e-12 260
1741345003729 1.2632996e-12 261
1741345004470 1.3324244e-12 262
1741345005262 1.2477643e-12 263
1741345006016 1.2927629e-12 264
1741345006763 1.3369768e-12 265
1741345007506 1.2656073e-12 266
1741345008243 1.2373983e-12 267
1741345008981 1.2802169e-12 268
1741345009725 1.2410018e-12 269
1741345010481 1.2957039e-12 270
1741345011235 1.2630094e-12 271
1741345011970 1.2742366e-12 272
1741345012711 1.2574396e-12 273
1741345013469 1.3038683e-12 274
1741345014258 1.2444509e-12 275
1741345015051 1.2642951e-12 276
1741345015845 1.2853971e-12 277
1741345016620 1.2649903e-12 278
1741345017377 1.2510762e-12 279
1741345018149 1.2774471e-12 280
1741345018970 1.263304e-12 281
1741345020746 1.2883875e-12 282
1741345022475 1.2697799e-12 283
1741345024151 1.2969879e-12 284
1741345025886 1.2310897e-12 285
1741345027573 1.3099569e-12 286
1741345029304 1.2641011e-12 287
1741345031008 1.2637667e-12 288
1741345032813 1.2776681e-12 289
1741345034533 1.2670289e-12 290
1741345036256 1.245875e-12 291
1741345037997 1.2924215e-12 292
1741345039698 1.2577015e-12 293
1741345041474 1.2588751e-12 294
1741345043231 1.2509601e-12 295
1741345044983 1.2306728e-12 296
1741345046675 1.2599486e-12 297
1741345048385 1.254131e-12 298
1741345050394 1.2644043e-12 299
1741345052068 1.2708034e-12 300
1741345053777 1.2761505e-12 301
1741345055454 1.2795104e-12 302
1741345057148 1.3035378e-12 303
1741345058823 1.2942769e-12 304
1741345060527 1.2594058e-12 305
1741345062210 1.2237941e-12 306
1741345063919 1.2142286e-12 307
1741345065632 1.25299e-12 308
1741345067302 1.2898753e-12 309
1741345069009 1.2705551e-12 310
1741345070681 1.2852173e-12 311
1741345072386 1.2409871e-12 312
1741345074067 1.2378402e-12 313
1741345075783 1.2823072e-12 314
1741345077475 1.2470091e-12 315
1741345079216 1.2540679e-12 316
1741345080920 1.3097865e-12 317
1741345082596 1.2479331e-12 318
1741345084301 1.2390565e-12 319
1741345086113 1.2669129e-12 320
1741345087920 1.2794915e-12 321
1741345089647 1.256338e-12 322
1741345091400 1.3151912e-12 323
1741345093075 1.2935195e-12 324
1741345094818 1.2870325e-12 325
1741345096570 1.2794242e-12 326
1741345098246 1.273351e-12 327
1741345099942 1.249929e-12 328
1741345101622 1.248429e-12 329
1741345103327 1.2361674e-12 330
1741345105042 1.322235e-12 331
1741345106788 1.2575306e-12 332
1741345108500 1.2478451e-12 333
1741345110217 1.2828958e-12 334
1741345111955 1.2641579e-12 335
1741345113644 1.2670348e-12 336
1741345115383 1.2557136e-12 337
1741345117075 1.2583224e-12 338
1741345118791 1.2516464e-12 339
1741345120481 1.2698136e-12 340
1741345122229 1.238484e-12 341
1741345123907 1.2686948e-12 342
1741345125747 1.2178874e-12 343
1741345127617 1.3031599e-12 344
1741345129373 1.2626869e-12 345
1741345131172 1.2842595e-12 346
1741345132857 1.3136253e-12 347
1741345134574 1.2803273e-12 348
1741345136282 1.2597349e-12 349
1741345138035 1.3034247e-12 350
1741345139778 1.2739545e-12 351
1741345141510 1.289654e-12 352
1741345143272 1.2474967e-12 353
1741345144986 1.282612e-12 354
1741345146724 1.2495576e-12 355
1741345148408 1.2529589e-12 356
1741345150132 1.2626167e-12 357
1741345151827 1.2317714e-12 358
1741345153535 1.2382341e-12 359
1741345155215 1.2836494e-12 360
1741345156922 1.28104e-12 361
1741345158625 1.2626012e-12 362
1741345160291 1.2596575e-12 363
1741345162078 1.2853022e-12 364
1741345163751 1.2839581e-12 365
1741345165469 1.3258292e-12 366
1741345167143 1.2322091e-12 367
1741345168844 1.2809348e-12 368
1741345170524 1.2591754e-12 369
1741345172221 1.3054593e-12 370
1741345173891 1.2609767e-12 371
1741345175595 1.290996e-12 372
1741345177301 1.2931453e-12 373
1741345178984 1.2641267e-12 374
1741345180696 1.2393294e-12 375
1741345182382 1.2968421e-12 376
1741345184085 1.3317921e-12 377
1741345185768 1.2919996e-12 378
1741345187478 1.2364696e-12 379
1741345189152 1.2946859e-12 380
1741345190851 1.2290963e-12 381
1741345192533 1.2611099e-12 382
1741345194242 1.2171206e-12 383
1741345195960 1.2309215e-12 384
1741345197660 1.3055302e-12 385
1741345199394 1.2520965e-12 386
1741345201083 1.2575599e-12 387
1741345202822 1.2594793e-12 388
1741345204570 1.2549813e-12 389
1741345206408 1.2547961e-12 390
1741345208175 1.2482899e-12 391
1741345209919 1.2656799e-12 392
1741345211640 1.2716208e-12 393
1741345213327 1.2582791e-12 394
1741345215050 1.2529551e-12 395
1741345216737 1.2582119e-12 396
1741345218440 1.2627907e-12 397
1741345220117 1.3015649e-12 398
1741345222111 1.2840948e-12 399
1741345223832 1.2741939e-12 400
1741345225558 1.2768525e-12 401
1741345227293 1.2924958e-12 402
1741345228966 1.2788779e-12 403
1741345230680 1.265092e-12 404
1741345232353 1.2553696e-12 405
1741345234091 1.3103463e-12 406
1741345235855 1.3002828e-12 407
1741345237615 1.2676354e-12 408
1741345239340 1.2430671e-12 409
1741345241023 1.2333593e-12 410
1741345242723 1.2481689e-12 411
1741345244430 1.2718246e-12 412
1741345246133 1.2297103e-12 413
1741345247809 1.2435426e-12 414
1741345249545 1.2582438e-12 415
1741345251232 1.2532824e-12 416
1741345252942 1.2602062e-12 417
1741345254627 1.2572063e-12 418
1741345256351 1.2315268e-12 419
1741345258063 1.2408915e-12 420
1741345259745 1.2886657e-12 421
1741345261465 1.270407e-12 422
1741345263147 1.3051765e-12 423
1741345264860 1.3001203e-12 424
1741345266538 1.271505e-12 425
1741345268249 1.276723e-12 426
1741345269925 1.264215e-12 427
1741345271666 1.2369e-12 428
1741345273379 1.2679271e-12 429
1741345275062 1.2613479e-12 430
1741345276791 1.2419048e-12 431
1741345278474 1.2775884e-12 432
1741345280170 1.3000892e-12 433
1741345281850 1.2742809e-12 434
1741345283556 1.2601812e-12 435
1741345285243 1.3261549e-12 436
1741345286952 1.2837085e-12 437
1741345288617 1.2296895e-12 438
1741345290312 1.2500452e-12 439
1741345292009 1.2641907e-12 440
1741345293680 1.2646916e-12 441
1741345295380 1.3046705e-12 442
1741345297046 1.2735794e-12 443
1741345298754 1.2559241e-12 444
1741345300418 1.2697519e-12 445
1741345302143 1.2984766e-12 446
1741345303783 1.2600402e-12 447
1741345305449 1.2524045e-12 448
1741345307097 1.2325064e-12 449
1741345308858 1.2563278e-12 450
1741345310505 1.2421883e-12 451
1741345312177 1.2870922e-12 452
1741345313849 1.2821723e-12 453
1741345315579 1.2741382e-12 454
1741345317301 1.2211444e-12 455
1741345318946 1.3172873e-12 456
1741345320632 1.2711881e-12 457
1741345322285 1.2575921e-12 458
1741345323965 1.2884637e-12 459
1741345325609 1.2555199e-12 460
1741345327286 1.2814863e-12 461
1741345328944 1.2897725e-12 462
1741345330605 1.2695097e-12 463
1741345332246 1.2679309e-12 464
1741345333929 1.2519376e-12 465
1741345335613 1.2407903e-12 466
1741345337259 1.2555548e-12 467
1741345338931 1.2595125e-12 468
1741345340617 1.2337564e-12 469
1741345342308 1.2552605e-12 470
1741345343977 1.2560295e-12 471
1741345345674 1.2508113e-12 472
1741345347337 1.2802493e-12 473
1741345349021 1.2677053e-12 474
1741345350710 1.2835121e-12 475
1741345352401 1.2819111e-12 476
1741345354161 1.262982e-12 477
1741345355824 1.2627953e-12 478
1741345357519 1.3009405e-12 479
1741345359177 1.2700654e-12 480
1741345360878 1.2516753e-12 481
1741345362526 1.3124797e-12 482
1741345364201 1.2578599e-12 483
1741345365837 1.2763334e-12 484
1741345367501 1.2876611e-12 485
1741345369146 1.2568458e-12 486
1741345370943 1.2436814e-12 487
1741345372650 1.2399662e-12 488
1741345374514 1.2280292e-12 489
1741345376266 1.2769405e-12 490
1741345377940 1.3039394e-12 491
1741345379609 1.2653443e-12 492
1741345381260 1.2617938e-12 493
1741345382923 1.2877769e-12 494
1741345384572 1.2830568e-12 495
1741345386248 1.3087404e-12 496
1741345387907 1.2410542e-12 497
1741345389567 1.2442203e-12 498
1741345391528 1.2686599e-12 499
1741345393165 1.263238e-12 500
1741345394826 1.3071377e-12 501
1741345396458 1.256087e-12 502
1741345398127 1.2528961e-12 503
1741345399777 1.2362668e-12 504
1741345401518 1.2636097e-12 505
1741345403171 1.2577286e-12 506
1741345404870 1.2945824e-12 507
1741345406514 1.2623445e-12 508
1741345408190 1.2200916e-12 509
1741345409828 1.3205652e-12 510
1741345411562 1.2873533e-12 511
1741345413251 1.3114051e-12 512
1741345414898 1.2617573e-12 513
1741345416611 1.2503529e-12 514
1741345418357 1.276621e-12 515
1741345420059 1.28729e-12 516
1741345421741 1.3059871e-12 517
1741345423460 1.3280005e-12 518
1741345425131 1.2449066e-12 519
1741345426853 1.2685934e-12 520
1741345428652 1.2690885e-12 521
1741345430321 1.2376943e-12 522
1741345432060 1.2529475e-12 523
1741345433816 1.2469595e-12 524
1741345435503 1.2700482e-12 525
1741345437170 1.2942378e-12 526
1741345438884 1.2560243e-12 527
1741345440630 1.2809516e-12 528
1741345442315 1.2700778e-12 529
1741345443982 1.2536182e-12 530
1741345445774 1.2742305e-12 531
1741345447482 1.3117313e-12 532
1741345449131 1.2974672e-12 533
1741345450817 1.2248061e-12 534
1741345452465 1.3047105e-12 535
1741345454135 1.2849949e-12 536
1741345455768 1.2634246e-12 537
1741345457444 1.2567019e-12 538
1741345459073 1.2500757e-12 539
1741345460741 1.3019708e-12 540
1741345462383 1.2418156e-12 541
1741345464050 1.2455548e-12 542
1741345465688 1.2407881e-12 543
1741345467394 1.2356741e-12 544
1741345469071 1.3093772e-12 545
1741345470702 1.2928165e-12 546
1741345472387 1.2668227e-12 547
1741345474030 1.2514253e-12 548
1741345475710 1.2861034e-12 549
1741345477345 1.2603006e-12 550
1741345479024 1.2863211e-12 551
1741345480666 1.2051678e-12 552
1741345482336 1.276488e-12 553
1741345483976 1.2970257e-12 554
1741345485668 1.323594e-12 555
1741345487321 1.2513106e-12 556
1741345489033 1.2543973e-12 557
1741345490717 1.3107828e-12 558
1741345492365 1.2641498e-12 559
1741345494038 1.2732206e-12 560
1741345495667 1.2157568e-12 561
1741345497341 1.3036057e-12 562
1741345499008 1.2146808e-12 563
1741345500694 1.243096e-12 564
1741345502346 1.2650778e-12 565
1741345504024 1.2642733e-12 566
1741345505670 1.258199e-12 567
1741345507343 1.2408142e-12 568
1741345508987 1.2398326e-12 569
1741345510663 1.3193221e-12 570
1741345512312 1.2612109e-12 571
1741345514002 1.2298468e-12 572
1741345515696 1.2672057e-12 573
1741345517340 1.2236595e-12 574
1741345519012 1.2553852e-12 575
1741345520661 1.2889995e-12 576
1741345522340 1.2661104e-12 577
1741345523985 1.2961211e-12 578
1741345525659 1.2730749e-12 579
1741345527301 1.2346867e-12 580
1741345528972 1.222486e-12 581
1741345530599 1.2832142e-12 582
1741345532280 1.3079798e-12 583
1741345533916 1.2734447e-12 584
1741345535585 1.2596067e-12 585
1741345537263 1.2636152e-12 586
1741345538902 1.2171171e-12 587
1741345540582 1.2653097e-12 588
1741345542233 1.2659085e-12 589
1741345543911 1.248194e-12 590
1741345545550 1.273848e-12 591
1741345547234 1.2527599e-12 592
1741345548879 1.2436533e-12 593
1741345550556 1.2639633e-12 594
1741345552221 1.2603728e-12 595
1741345553922 1.2803811e-12 596
1741345555574 1.2716149e-12 597
1741345557265 1.2473361e-12 598
1741345559238 1.2275398e-12 599
1741345560913 1.2309468e-12 600
1741345562601 1.2803593e-12 601
1741345564248 1.2325016e-12 602
1741345565959 1.2692205e-12 603
1741345567605 1.2680026e-12 604
1741345569294 1.2603839e-12 605
1741345570927 1.2431179e-12 606
1741345572629 1.2622817e-12 607
1741345574269 1.2709551e-12 608
1741345575963 1.2324142e-12 609
1741345577658 1.2243895e-12 610
1741345579296 1.2355068e-12 611
1741345580992 1.2936204e-12 612
1741345582639 1.2663037e-12 613
1741345584316 1.2711995e-12 614
1741345585951 1.2772133e-12 615
1741345587615 1.273014e-12 616
1741345589249 1.2837607e-12 617
1741345590918 1.2819144e-12 618
1741345592555 1.246989e-12 619
1741345594219 1.2386944e-12 620
1741345595921 1.2581592e-12 621
1741345597590 1.2898884e-12 622
1741345599233 1.2852584e-12 623
1741345600885 1.2592012e-12 624
1741345602558 1.2510708e-12 625
1741345604202 1.2628945e-12 626
1741345605862 1.2909027e-12 627
1741345607506 1.2373271e-12 628
1741345609216 1.2665532e-12 629
1741345610857 1.2277474e-12 630
1741345612528 1.2159979e-12 631
1741345614175 1.2483561e-12 632
1741345615851 1.2951134e-12 633
1741345617556 1.2617285e-12 634
1741345619262 1.2665805e-12 635
1741345621019 1.2293621e-12 636
1741345622800 1.2289907e-12 637
1741345624607 1.2385047e-12 638
1741345626379 1.243135e-12 639
1741345628097 1.2987569e-12 640
1741345629740 1.2554233e-12 641
1741345631432 1.2530352e-12 642
1741345633113 1.2156709e-12 643
1741345634853 1.2852432e-12 644
1741345636548 1.2439919e-12 645
1741345638260 1.2859884e-12 646
1741345639948 1.2503483e-12 647
1741345641600 1.2833442e-12 648
1741345643270 1.2389137e-12 649
1741345644927 1.2762164e-12 650
1741345646607 1.2283347e-12 651
1741345648252 1.2479448e-12 652
1741345649924 1.238927e-12 653
1741345651567 1.2625979e-12 654
1741345653233 1.2537576e-12 655
1741345654866 1.2397599e-12 656
1741345656542 1.2858191e-12 657
1741345658211 1.2805639e-12 658
1741345659850 1.2859535e-12 659
1741345661519 1.2209563e-12 660
1741345663164 1.2834958e-12 661
1741345664829 1.2411658e-12 662
1741345666485 1.278282e-12 663
1741345668169 1.2501386e-12 664
1741345669830 1.2255869e-12 665
1741345671502 1.2458821e-12 666
1741345673150 1.2771274e-12 667
1741345674840 1.2824154e-12 668
1741345676485 1.2107486e-12 669
1741345678171 1.2607783e-12 670
1741345679839 1.2782757e-12 671
1741345681528 1.2512719e-12 672
1741345683212 1.2946254e-12 673
1741345684864 1.2538725e-12 674
1741345686546 1.2339362e-12 675
1741345688207 1.2586357e-12 676
1741345689893 1.2819595e-12 677
1741345691544 1.2763486e-12 678
1741345693229 1.2751177e-12 679
1741345694879 1.248321e-12 680
1741345696564 1.2943163e-12 681
1741345698209 1.2801261e-12 682
1741345699882 1.299653e-12 683
1741345701539 1.2820003e-12 684
1741345703212 1.287973e-12 685
1741345704889 1.2910708e-12 686
1741345706545 1.2385972e-12 687
1741345708210 1.2449948e-12 688
1741345709851 1.2729948e-12 689
1741345712973 1.2309224e-12 0
1741345714647 1.2966377e-12 1
1741345716305 1.2646174e-12 2
1741345718012 1.2359718e-12 3
1741345719678 1.265946e-12 4
1741345721377 1.2396881e-12 5
1741345723062 1.2605199e-12 6
1741345724873 1.2453341e-12 7
1741345726666 1.2330636e-12 8
1741345728600 1.2666665e-12 9
1741345730344 1.2511946e-12 10
1741345731996 1.2514444e-12 11
1741345733675 1.2676529e-12 12
1741345735333 1.2841666e-12 13
1741345737015 1.2827752e-12 14
1741345738684 1.2595161e-12 15
1741345740362 1.2752935e-12 16
1741345742052 1.2215002e-12 17
1741345743697 1.2451695e-12 18
1741345745375 1.2893224e-12 19
1741345747043 1.2409162e-12 20
1741345748718 1.2649898e-12 21
1741345750374 1.2529314e-12 22
1741345752041 1.2938223e-12 23
1741345753681 1.2233643e-12 24
1741345755342 1.2578053e-12 25
1741345756968 1.2697538e-12 26
1741345758643 1.2732983e-12 27
1741345760281 1.2585706e-12 28
1741345761955 1.2560457e-12 29
1741345763632 1.2705025e-12 30
1741345765267 1.2652896e-12 31
1741345766934 1.2541555e-12 32
1741345768575 1.2786601e-12 33
1741345770251 1.257576e-12 34
1741345771885 1.2536496e-12 35
1741345773554 1.237574e-12 36
1741345775195 1.262006e-12 37
1741345776861 1.2227976e-12 38
1741345778513 1.2647106e-12 39
1741345780190 1.2632455e-12 40
1741345781825 1.2459476e-12 41
1741345783513 1.2585874e-12 42
1741345785151 1.2866007e-12 43
1741345786836 1.2540272e-12 44
1741345788501 1.2571988e-12 45
1741345790143 1.2397187e-12 46
1741345791808 1.2885772e-12 47
1741345793453 1.269341e-12 48
1741345795130 1.2483977e-12 49
1741345796781 1.345583e-12 50
1741345798458 1.2117388e-12 51
1741345800109 1.2431984e-12 52
1741345801790 1.2363678e-12 53
1741345803427 1.2784739e-12 54
1741345805110 1.2909084e-12 55
1741345806757 1.2128046e-12 56
1741345808527 1.2694714e-12 57
1741345810258 1.2543121e-12 58
1741345811898 1.283897e-12 59
1741345813609 1.2490997e-12 60
1741345815282 1.2624931e-12 61
1741345817005 1.245851e-12 62
1741345818665 1.2293626e-12 63
1741345820342 1.2428036e-12 64
1741345821995 1.2847627e-12 65
1741345823699 1.261798e-12 66
1741345825351 1.278544e-12 67
1741345827093 1.2431293e-12 68
1741345828780 1.2634401e-12 69
1741345830426 1.2711401e-12 70
1741345832110 1.2372021e-12 71
1741345833748 1.2702727e-12 72
1741345835432 1.251754e-12 73
1741345837118 1.2693309e-12 74
1741345838790 1.2424944e-12 75
1741345840434 1.219081e-12 76
1741345842114 1.2048702e-12 77
1741345843832 1.2433697e-12 78
1741345845516 1.2203783e-12 79
1741345847152 1.2708599e-12 80
1741345848843 1.2526037e-12 81
1741345850516 1.223567e-12 82
1741345852175 1.2599807e-12 83
1741345853860 1.2779377e-12 84
1741345855500 1.2800883e-12 85
1741345857193 1.257554e-12 86
1741345858881 1.2163014e-12 87
1741345860577 1.2449138e-12 88
1741345862343 1.3031319e-12 89
1741345864164 1.2462021e-12 90
1741345865905 1.2550788e-12 91
1741345867630 1.2706344e-12 92
1741345869398 1.2584445e-12 93
1741345871149 1.2835614e-12 94
1741345872934 1.2555933e-12 95
1741345874665 1.2997716e-12 96
1741345876451 1.2780737e-12 97
1741345878222 1.3020208e-12 98
1741345880060 1.2632347e-12 99
1741345881821 1.2341851e-12 100
1741345883528 1.2558801e-12 101
1741345885289 1.2619919e-12 102
1741345887040 1.2479556e-12 103
1741345888830 1.2289497e-12 104
1741345890621 1.2869827e-12 105
1741345892400 1.2589551e-12 106
1741345894151 1.2547981e-12 107
1741345895879 1.2741239e-12 108
1741345897994 1.2378004e-12 109
1741345899759 1.2514988e-12 110
1741345901550 1.2445563e-12 111
1741345903323 1.2582842e-12 112
1741345905027 1.2575066e-12 113
1741345906775 1.2337782e-12 114
1741345908479 1.2539636e-12 115
1741345910359 1.2692503e-12 116
1741345912215 1.2785771e-12 117
1741345914124 1.2306094e-12 118
1741345915940 1.325776e-12 119
1741345917824 1.2650399e-12 120
1741345919617 1.2274439e-12 121
1741345921338 1.2957052e-12 122
1741345923136 1.3006162e-12 123
1741345924962 1.2669614e-12 124
1741345926691 1.2801216e-12 125
1741345928501 1.2491759e-12 126
1741345930258 1.2320528e-12 127
1741345932058 1.247244e-12 128
1741345933799 1.2888526e-12 129
1741345935538 1.264636e-12 130
1741345937339 1.2921549e-12 131
1741345939073 1.2645998e-12 132
1741345940854 1.2881636e-12 133
1741345942619 1.2868896e-12 134
1741345944413 1.2768793e-12 135
1741345946159 1.2734488e-12 136
1741345947948 1.2335799e-12 137
1741345949771 1.2610334e-12 138
1741345951557 1.2407404e-12 139
1741345953335 1.2491387e-12 140
1741345955095 1.2932524e-12 141
1741345956874 1.2315304e-12 142
1741345958657 1.2086632e-12 143
1741345960424 1.239459e-12 144
1741345962202 1.2248421e-12 145
1741345963975 1.2282824e-12 146
1741345965723 1.2446552e-12 147
1741345967464 1.2894835e-12 148
1741345969234 1.2677906e-12 149
1741345970976 1.2784349e-12 150
1741345972754 1.2638615e-12 151
1741345974549 1.2431593e-12 152
1741345976300 1.2474089e-12 153
1741345978074 1.2506424e-12 154
1741345979775 1.2507074e-12 155
1741345981515 1.2244919e-12 156
1741345983223 1.2237432e-12 157
1741345984947 1.2559768e-12 158
1741345986679 1.2683429e-12 159
1741345988470 1.2286492e-12 160
1741345990277 1.2215429e-12 161
1741345992031 1.2629729e-12 162
1741345993836 1.305084e-12 163
1741345995584 1.2621024e-12 164
1741345997433 1.2284529e-12 165
1741345999209 1.2174216e-12 166
1741346001000 1.2782784e-12 167
1741346002824 1.2470885e-12 168
1741346004659 1.2892657e-12 169
1741346006418 1.2762148e-12 170
1741346008185 1.2772839e-12 171
1741346009175 1.2170935e-12 172
1741346009861 1.2787045e-12 173
1741346010557 1.2630322e-12 174
1741346011255 1.2850325e-12 175
1741346011959 1.258603e-12 176
1741346012669 1.2985024e-12 177
1741346013378 1.3007197e-12 178
1741346014149 1.214389e-12 179
1741346014931 1.2619078e-12 180
1741346015699 1.2906824e-12 181
1741346016501 1.2624074e-12 182
