1741344763410 1.5912138 0
1741344765100 1.5482999 1
1741344766824 1.3879662 2
1741344768548 1.2979279 3
1741344770235 1.2789496 4
1741344771948 1.2921145 5
1741344773640 1.2000133 6
1741344775366 1.2968293 7
1741344777073 1.2587367 8
1741344778794 1.2870543 9
1741344780484 1.321234 10
1741344782229 1.2755158 11
1741344783958 1.2473084 12
1741344785656 1.262662 13
1741344787390 1.2494842 14
1741344789106 1.3048697 15
1741344790844 1.2860467 16
1741344792725 1.2842951 17
1741344794446 1.2711959 18
1741344796056 1.2917566 19
1741344796694 1.2304828 20
1741344797333 1.3091595 21
1741344797955 1.2812212 22
1741344798583 1.2876894 23
1741344799207 1.3088963 24
1741344799831 1.2697755 25
1741344800468 1.3261343 26
1741344801097 1.4082811 27
1741344801771 1.4676598 28
1741344802431 1.3637059 29
1741344803081 1.3266017 30
1741344803731 1.2590857 31
1741344804419 1.3012395 32
1741344805219 1.2616351 33
1741344806033 1.2776175 34
1741344806850 1.2489746 35
1741344807759 1.1851592 36
1741344808659 1.2150335 37
1741344809508 1.259667 38
1741344810364 1.3448539 39
1741344811183 1.3674697 40
1741344812031 1.3715796 41
1741344812865 1.3470997 42
1741344813699 1.3391721 43
1741344814515 1.3076084 44
1741344815340 1.2378991 45
1741344816100 1.2777587 46
1741344816851 1.2478902 47
1741344817608 1.329476 48
1741344818364 1.328203 49
1741344819132 1.3605905 50
1741344819879 1.3659307 51
1741344820646 1.348068 52
1741344821401 1.3330436 53
1741344822149 1.2918108 54
1741344822917 1.237922 55
1741344823666 1.2792356 56
1741344824416 1.2577636 57
1741344825190 1.2429899 58
1741344825975 1.2511355 59
1741344826767 1.2670431 60
1741344827550 1.2691722 61
1741344828302 1.4024287 62
1741344829064 1.3170363 63
1741344829823 1.2927969 64
1741344830586 1.2795838 65
1741344831362 1.2522302 66
1741344832097 1.2359147 67
1741344832827 1.3180778 68
1741344833572 1.327793 69
1741344834316 1.2424967 70
1741344835060 1.2751572 71
1741344835799 1.2947807 72
1741344836536 1.2486484 73
1741344837310 1.3272259 74
1741344838073 1.3435559 75
1741344838824 1.3432912 76
1741344839583 1.3499182 77
1741344840335 1.2904987 78
1741344841093 1.3061421 79
1741344841840 1.2721169 80
1741344842609 1.2608505 81
1741344843362 1.2666862 82
1741344844112 1.2755566 83
1741344844870 1.2547748 84
1741344845620 1.2797294 85
1741344846434 1.246491 86
1741344847180 1.2814252 87
1741344847927 1.3652484 88
1741344848680 1.347914 89
1741344849428 1.3828553 90
1741344850177 1.3323044 91
1741344850910 1.2817894 92
1741344851655 1.2830203 93
1741344852401 1.2420611 94
1741344853150 1.2982316 95
1741344853893 1.275541 96
1741344854664 1.352262 97
1741344855427 1.2627718 98
1741344856368 1.2457254 99
1741344857110 1.2251813 100
1741344857860 1.3719791 101
1741344858619 1.4562792 102
1741344859370 1.470466 103
1741344860112 1.3806355 104
1741344860853 1.3329225 105
1741344861598 1.336981 106
1741344862336 1.3072786 107
1741344863089 1.2696438 108
1741344863844 1.2876143 109
1741344864601 1.207119 110
1741344865358 1.2659668 111
1741344866104 1.2912102 112
1741344866847 1.246354 113
1741344867592 1.370702 114
1741344868346 1.3355954 115
1741344869087 1.3585792 116
1741344869837 1.2677381 117
1741344870594 1.2830493 118
1741344871360 1.3334823 119
1741344872151 1.3576325 120
1741344872892 1.333381 121
1741344873632 1.3209053 122
1741344874368 1.2707975 123
1741344875102 1.3171773 124
1741344875835 1.3060861 125
1741344876566 1.3476434 126
1741344877296 1.2985785 127
1741344878064 1.290598 128
1741344878866 1.324744 129
1741344879696 1.2662154 130
1741344880497 1.3022972 131
1741344881358 1.3580356 132
1741344882110 1.3467175 133
1741344882860 1.3175249 134
1741344883626 1.299112 135
1741344884372 1.2859321 136
1741344885168 1.2628438 137
1741344885926 1.3261914 138
1741344886694 1.2860398 139
1741344887449 1.2418376 140
1741344888198 1.2285391 141
1741344888944 1.2724957 142
1741344889695 1.2914903 143
1741344890456 1.290292 144
1741344891204 1.3033309 145
1741344891943 1.3228874 146
1741344892716 1.2842348 147
1741344893452 1.2972955 148
1741344894191 1.3080016 149
1741344894951 1.2640735 150
1741344895710 1.3193812 151
1741344896468 1.2971756 152
1741344897218 1.2827111 153
1741344897984 1.2537382 154
1741344898758 1.314034 155
1741344899514 1.3210499 156
1741344900272 1.2556939 157
1741344901033 1.3348901 158
1741344901796 1.3058066 159
1741344902556 1.2987101 160
1741344903310 1.2900183 161
1741344904070 1.3029387 162
1741344904834 1.2843311 163
1741344905595 1.2566457 164
1741344906358 1.3134544 165
1741344907120 1.2954316 166
1741344907883 1.2898822 167
1741344908643 1.347755 168
1741344909406 1.3486972 169
1741344910170 1.3995757 170
1741344910936 1.3428755 171
1741344911706 1.320429 172
1741344912473 1.33533 173
1741344913229 1.2793684 174
1741344913989 1.2753351 175
1741344914747 1.2984784 176
1741344915499 1.3154674 177
1741344916256 1.3157004 178
1741344917019 1.3794384 179
1741344917770 1.2957686 180
1741344918533 1.3041632 181
1741344919289 1.3265058 182
1741344920049 1.2812858 183
1741344920816 1.333819 184
1741344921575 1.2672266 185
1741344922340 1.2818748 186
1741344923105 1.3189621 187
1741344923860 1.2336564 188
1741344924614 1.2720078 189
1741344925379 1.2415391 190
1741344926134 1.2776257 191
1741344926906 1.2606933 192
1741344927688 1.2408147 193
1741344928482 1.2668195 194
1741344929264 1.2493583 195
1741344930014 1.2605624 196
1741344930768 1.3379788 197
1741344931523 1.3913844 198
1741344932423 1.3542509 199
1741344933191 1.2691032 200
1741344933954 1.2733244 201
1741344934712 1.2604209 202
1741344935473 1.3316624 203
1741344936225 1.2621572 204
1741344937315 1.3178397 205
1741344939116 1.268964 206
1741344940846 1.2606373 207
1741344942591 1.2553852 208
1741344944292 1.3040688 209
1741344946020 1.2737907 210
1741344947744 1.2661351 211
1741344949444 1.3174479 212
1741344951165 1.293319 213
1741344952858 1.3507788 214
1741344954596 1.3242593 215
1741344956290 1.3288522 216
1741344958009 1.2818531 217
1741344959697 1.2587008 218
1741344961433 1.2925107 219
1741344963147 1.2753909 220
1741344964856 1.2997155 221
1741344966578 1.2730416 222
1741344968271 1.3303264 223
1741344970007 1.2798017 224
1741344971700 1.2555228 225
1741344973432 1.2870374 226
1741344975122 1.2665548 227
1741344976991 1.2476801 228
1741344978764 1.2506458 229
1741344980475 1.2911488 230
1741344981496 1.2576042 231
1741344982134 1.3489509 232
1741344982773 1.2924263 233
1741344983421 1.3214622 234
1741344984072 1.3572681 235
1741344984831 1.4905512 236
1741344985599 1.3988274 237
1741344986367 1.3630633 238
1741344987141 1.3219836 239
1741344987911 1.3317542 240
1741344988664 1.2474453 241
1741344989408 1.3032403 242
1741344990173 1.3133162 243
1741344990931 1.3144922 244
1741344991691 1.3079978 245
1741344992440 1.331251 246
1741344993203 1.3035793 247
1741344993952 1.2723901 248
1741344994696 1.3313522 249
1741344995438 1.3195624 250
1741344996193 1.2812777 251
1741344996941 1.2371495 252
1741344997689 1.2979445 253
1741344998447 1.2923923 254
1741344999185 1.2885175 255
1741344999980 1.3241796 256
1741345000731 1.2614074 257
1741345001471 1.2835102 258
1741345002231 1.3042858 259
1741345002971 1.2698437 260
1741345003727 1.2159591 261
1741345004468 1.2721658 262
1741345005259 1.2331896 263
1741345006014 1.2774043 264
1741345006761 1.3330008 265
1741345007503 1.3106052 266
1741345008241 1.3364371 267
1741345008979 1.3540199 268
1741345009722 1.3332148 269
1741345010479 1.341641 270
1741345011233 1.2934978 271
1741345011968 1.3187463 272
1741345012709 1.2763487 273
1741345013467 1.3044007 274
1741345014256 1.3143516 275
1741345015047 1.2289853 276
1741345015843 1.2415943 277
1741345016618 1.2303784 278
1741345017375 1.2680557 279
1741345018147 1.2458661 280
1741345018962 1.3215711 281
1741345020742 1.277196 282
1741345022470 1.2665122 283
1741345024146 1.3065522 284
1741345025880 1.258265 285
1741345027568 1.2786114 286
1741345029298 1.2820523 287
1741345031002 1.3920329 288
1741345032807 1.4163699 289
1741345034530 1.5140624 290
1741345036250 1.4788446 291
1741345037992 1.3905758 292
1741345039695 1.3589578 293
1741345041467 1.3385911 294
1741345043225 1.3033944 295
1741345044977 1.3544809 296
1741345046668 1.3143384 297
1741345048380 1.3226157 298
1741345050389 1.2328159 299
1741345052062 1.2823353 300
1741345053772 1.254112 301
1741345055448 1.2610514 302
1741345057143 1.2489977 303
1741345058818 1.2691307 304
1741345060521 1.2758417 305
1741345062203 1.2755506 306
1741345063913 1.30158 307
1741345065627 1.3142313 308
1741345067296 1.3188983 309
1741345069005 1.3333449 310
1741345070675 1.3086984 311
1741345072380 1.3282135 312
1741345074061 1.2835089 313
1741345075778 1.3186984 314
1741345077469 1.3069124 315
1741345079210 1.2854953 316
1741345080915 1.2655156 317
1741345082590 1.2662795 318
1741345084296 1.2899626 319
1741345086107 1.3610508 320
1741345087916 1.2818029 321
1741345089643 1.3147082 322
1741345091394 1.4416523 323
1741345093070 1.3740784 324
1741345094814 1.3506613 325
1741345096566 1.3006296 326
1741345098241 1.3347402 327
1741345099937 1.2769339 328
1741345101617 1.2815602 329
1741345103321 1.2764862 330
1741345105035 1.2894087 331
1741345106784 1.2895346 332
1741345108495 1.2346915 333
1741345110211 1.2926095 334
1741345111949 1.2858392 335
1741345113640 1.2351924 336
1741345115378 1.2927859 337
1741345117069 1.3208666 338
1741345118785 1.2858464 339
1741345120474 1.2923589 340
1741345122223 1.2555127 341
1741345123902 1.2963076 342
1741345125742 1.2939075 343
1741345127611 1.2838435 344
1741345129366 1.2958608 345
1741345131166 1.2851163 346
1741345132851 1.276003 347
1741345134570 1.3148694 348
1741345136277 1.2791468 349
1741345138029 1.273235 350
1741345139772 1.3027785 351
1741345141504 1.286926 352
1741345143266 1.2931166 353
1741345144981 1.3078618 354
1741345146718 1.2952237 355
1741345148403 1.2494557 356
1741345150126 1.277098 357
1741345151822 1.264611 358
1741345153530 1.2358108 359
1741345155211 1.2590368 360
1741345156915 1.2769285 361
1741345158618 1.2164985 362
1741345160286 1.2598253 363
1741345162073 1.3152325 364
1741345163747 1.309168 365
1741345165463 1.3486941 366
1741345167137 1.2950757 367
1741345168839 1.3529449 368
1741345170519 1.303586 369
1741345172216 1.3286841 370
1741345173884 1.2662721 371
1741345175588 1.3909557 372
1741345177296 1.4055682 373
1741345178978 1.4562466 374
1741345180691 1.4185352 375
1741345182376 1.3453683 376
1741345184080 1.3281977 377
1741345185762 1.2892262 378
1741345187473 1.343354 379
1741345189147 1.3354281 380
1741345190846 1.3018982 381
1741345192528 1.3201358 382
1741345194237 1.2944417 383
1741345195955 1.3121417 384
1741345197655 1.3393892 385
1741345199387 1.323034 386
1741345201078 1.3232388 387
1741345202817 1.3260076 388
1741345204564 1.2817686 389
1741345206403 1.2752948 390
1741345208166 1.2252022 391
1741345209913 1.2776788 392
1741345211635 1.339246 393
1741345213322 1.2992617 394
1741345215045 1.3238251 395
1741345216731 1.2790635 396
1741345218435 1.2925448 397
1741345220111 1.3046633 398
1741345222105 1.3021935 399
1741345223826 1.2991071 400
1741345225552 1.3284034 401
1741345227287 1.4461503 402
1741345228962 1.4237533 403
1741345230675 1.4610325 404
1741345232348 1.3658869 405
1741345234087 1.3523597 406
1741345235849 1.3520492 407
1741345237609 1.3485997 408
1741345239334 1.3191744 409
1741345241016 1.3160777 410
1741345242717 1.3123775 411
1741345244424 1.2952709 412
1741345246128 1.3106842 413
1741345247803 1.3091218 414
1741345249540 1.29234 415
1741345251226 1.3187379 416
1741345252936 1.3081386 417
1741345254624 1.261402 418
1741345256345 1.2531753 419
1741345258057 1.2742858 420
1741345259739 1.2645724 421
1741345261461 1.3006694 422
1741345263141 1.364409 423
1741345264856 1.4218209 424
1741345266532 1.4659258 425
1741345268244 1.3908782 426
1741345269920 1.3287822 427
1741345271661 1.3249371 428
1741345273366 1.3207424 429
1741345275058 1.2679911 430
1741345276786 1.3330144 431
1741345278468 1.3515913 432
1741345280166 1.337111 433
1741345281845 1.34188 434
1741345283550 1.332132 435
1741345285237 1.2883888 436
1741345286946 1.252562 437
1741345288612 1.2653524 438
1741345290306 1.2698287 439
1741345292005 1.3029473 440
1741345293674 1.2750099 441
1741345295374 1.2780734 442
1741345297040 1.2751502 443
1741345298739 1.2679577 444
1741345300412 1.3016407 445
1741345302137 1.2876713 446
1741345303777 1.3156097 447
1741345305445 1.3780506 448
1741345307091 1.4097195 449
1741345308852 1.4493327 450
1741345310500 1.4375771 451
1741345312172 1.4297974 452
1741345313843 1.3761439 453
1741345315575 1.3649151 454
1741345317296 1.3094292 455
1741345318940 1.2913032 456
1741345320626 1.3013833 457
1741345322278 1.3351405 458
1741345323961 1.3304002 459
1741345325603 1.2991929 460
1741345327280 1.2493474 461
1741345328938 1.2983096 462
1741345330599 1.2601162 463
1741345332241 1.2865975 464
1741345333923 1.2858269 465
1741345335607 1.2770933 466
1741345337253 1.2656275 467
1741345338925 1.3117275 468
1741345340612 1.2639157 469
1741345342304 1.2230468 470
1741345343971 1.2228444 471
1741345345667 1.2736905 472
1741345347331 1.271863 473
1741345349015 1.2928269 474
1741345350706 1.2637525 475
1741345352397 1.3599429 476
1741345354155 1.2881436 477
1741345355819 1.2613266 478
1741345357514 1.3164163 479
1741345359172 1.2704134 480
1741345360872 1.2641464 481
1741345362520 1.2742527 482
1741345364196 1.3022176 483
1741345365831 1.2806618 484
1741345367495 1.3445721 485
1741345369143 1.30014 486
1741345370937 1.2931372 487
1741345372646 1.276175 488
1741345374510 1.2798613 489
1741345376262 1.3309245 490
1741345377934 1.2935399 491
1741345379604 1.3288913 492
1741345381256 1.3789542 493
1741345382919 1.331026 494
1741345384568 1.3439116 495
1741345386242 1.273365 496
1741345387903 1.2925289 497
1741345389562 1.2181792 498
1741345391522 1.2592337 499
1741345393160 1.2857004 500
1741345394820 1.2866597 501
1741345396452 1.3025279 502
1741345398122 1.3373034 503
1741345399772 1.4078301 504
1741345401512 1.3162295 505
1741345403165 1.34043 506
1741345404865 1.3270345 507
1741345406509 1.2994363 508
1741345408184 1.3567185 509
1741345409821 1.3202558 510
1741345411556 1.321578 511
1741345413246 1.3602326 512
1741345414892 1.2712042 513
1741345416605 1.2888093 514
1741345418351 1.3264259 515
1741345420053 1.2876505 516
1741345421735 1.2330301 517
1741345423456 1.3231794 518
1741345425125 1.2910483 519
1741345426847 1.2721189 520
1741345428646 1.3039856 521
1741345430316 1.2715032 522
1741345432054 1.2907331 523
1741345433811 1.2810009 524
1741345435499 1.2982497 525
1741345437165 1.2370274 526
1741345438879 1.3392253 527
1741345440624 1.3447437 528
1741345442310 1.392846 529
1741345443976 1.34782 530
1741345445770 1.3016167 531
1741345447476 1.2523876 532
1741345449126 1.3088231 533
1741345450811 1.2793972 534
1741345452459 1.334919 535
1741345454130 1.2548941 536
1741345455762 1.2804935 537
1741345457438 1.287077 538
1741345459067 1.2905741 539
1741345460736 1.3201574 540
1741345462378 1.3806963 541
1741345464044 1.316479 542
1741345465681 1.2760856 543
1741345467390 1.2756726 544
1741345469066 1.2867501 545
1741345470696 1.2974528 546
1741345472381 1.2631141 547
1741345474025 1.2649611 548
1741345475703 1.2049065 549
1741345477339 1.2871177 550
1741345479018 1.2684522 551
1741345480660 1.2920067 552
1741345482330 1.2622831 553
1741345483970 1.2996845 554
1741345485663 1.3330009 555
1741345487314 1.3059583 556
1741345489027 1.3304673 557
1741345490711 1.2980037 558
1741345492359 1.2877536 559
1741345494032 1.2377245 560
1741345495663 1.2837285 561
1741345497337 1.2849745 562
1741345499002 1.2833133 563
1741345500690 1.251453 564
1741345502340 1.2641244 565
1741345504020 1.2946553 566
1741345505664 1.2751251 567
1741345507337 1.2740897 568
1741345508981 1.284919 569
1741345510657 1.2445462 570
1741345512306 1.3031442 571
1741345513996 1.2710085 572
1741345515690 1.3035518 573
1741345517335 1.3310075 574
1741345519006 1.2826374 575
1741345520657 1.3133609 576
1741345522335 1.2972233 577
1741345523979 1.264503 578
1741345525653 1.2888395 579
1741345527296 1.3125958 580
1741345528966 1.2416735 581
1741345530594 1.1893413 582
1741345532275 1.2792101 583
1741345533911 1.2307327 584
1741345535579 1.2899483 585
1741345537259 1.2895682 586
1741345538896 1.3264492 587
1741345540577 1.3771129 588
1741345542227 1.4312308 589
1741345543907 1.4813133 590
1741345545544 1.4283844 591
1741345547229 1.364505 592
1741345548875 1.370008 593
1741345550551 1.3703635 594
1741345552217 1.2981768 595
1741345553916 1.2351758 596
1741345555569 1.3426628 597
1741345557259 1.3598671 598
1741345559232 1.3404716 599
1741345560908 1.3375237 600
1741345562595 1.3294108 601
1741345564244 1.2461116 602
1741345565954 1.3015997 603
1741345567598 1.2850118 604
1741345569290 1.3072689 605
1741345570923 1.2537116 606
1741345572623 1.236253 607
1741345574263 1.2937937 608
1741345575958 1.2984693 609
1741345577652 1.3442456 610
1741345579290 1.2936718 611
1741345580986 1.3591955 612
1741345582632 1.3054594 613
1741345584310 1.3620763 614
1741345585945 1.3255656 615
1741345587609 1.3692605 616
1741345589244 1.3136511 617
1741345590912 1.302506 618
1741345592549 1.2913611 619
1741345594214 1.2547011 620
1741345595915 1.3038204 621
1741345597584 1.3022075 622
1741345599223 1.2658216 623
1741345600879 1.2748265 624
1741345602552 1.3130391 625
1741345604197 1.3107852 626
1741345605854 1.295397 627
1741345607501 1.2617455 628
1741345609210 1.320168 629
1741345610851 1.3081894 630
1741345612522 1.2642305 631
1741345614171 1.2689359 632
1741345615845 1.2781854 633
1741345617550 1.327101 634
1741345619258 1.3044178 635
1741345621013 1.3415859 636
1741345622794 1.279428 637
1741345624601 1.2834595 638
1741345626373 1.3075343 639
1741345628092 1.3128631 640
1741345629735 1.297921 641
1741345631426 1.323276 642
1741345633107 1.28111 643
1741345634847 1.3216352 644
1741345636543 1.3064646 645
1741345638255 1.3181453 646
1741345639942 1.3276522 647
1741345641594 1.3303652 648
1741345643263 1.2986515 649
1741345644922 1.2680023 650
1741345646602 1.3606339 651
1741345648246 1.331495 652
1741345649920 1.3370707 653
1741345651562 1.3523896 654
1741345653227 1.3265465 655
1741345654860 1.2877015 656
1741345656537 1.2927892 657
1741345658205 1.2798812 658
1741345659845 1.2768679 659
1741345661515 1.2778695 660
1741345663159 1.3589957 661
1741345664825 1.292022 662
1741345666481 1.3328885 663
1741345668164 1.3560997 664
1741345669824 1.2762157 665
1741345671495 1.2875023 666
1741345673143 1.3140013 667
1741345674834 1.3410692 668
1741345676480 1.2712272 669
1741345678167 1.2599111 670
1741345679832 1.3239257 671
1741345681522 1.2689244 672
1741345683206 1.3102665 673
1741345684859 1.3403625 674
1741345686542 1.3181081 675
1741345688202 1.2935916 676
1741345689888 1.3851641 677
1741345691539 1.2744778 678
1741345693225 1.2878572 679
1741345694872 1.3986652 680
1741345696559 1.3813145 681
1741345698203 1.3409826 682
1741345699877 1.2896518 683
1741345701531 1.2504804 684
1741345703206 1.305448 685
1741345704883 1.2847408 686
1741345706540 1.2583208 687
1741345708205 1.2724471 688
1741345709845 1.2684 689
1741345712968 1.3623 0
1741345714641 1.3416828 1
1741345716300 1.3675199 2
1741345718005 1.2706779 3
1741345719672 1.2617588 4
1741345721373 1.3056974 5
1741345723055 1.244215 6
1741345724867 1.268343 7
1741345726662 1.3040857 8
1741345728594 1.2750587 9
1741345730338 1.3208072 10
1741345731991 1.3374243 11
1741345733671 1.3065256 12
1741345735327 1.3782836 13
1741345737010 1.3376924 14
1741345738676 1.3677921 15
1741345740357 1.294742 16
1741345742046 1.275614 17
1741345743691 1.3038371 18
1741345745371 1.2854187 19
1741345747036 1.3017063 20
1741345748712 1.2582352 21
1741345750370 1.301671 22
1741345752035 1.3733299 23
1741345753675 1.539067 24
1741345755336 1.4303942 25
1741345756962 1.3794302 26
1741345758638 1.3022301 27
1741345760277 1.2968266 28
1741345761948 1.3130589 29
1741345763627 1.2918575 30
1741345765262 1.3386266 31
1741345766929 1.3009402 32
1741345768569 1.3440704 33
1741345770246 1.2963696 34
1741345771879 1.2971219 35
1741345773547 1.3080485 36
1741345775190 1.2916145 37
1741345776855 1.2896016 38
1741345778508 1.3389504 39
1741345780184 1.2005605 40
1741345781820 1.2055485 41
1741345783507 1.2189085 42
1741345785145 1.291595 43
1741345786830 1.2965636 44
1741345788495 1.2542604 45
1741345790137 1.2727033 46
1741345791802 1.2700794 47
1741345793447 1.2381175 48
1741345795124 1.2540962 49
1741345796775 1.2899657 50
1741345798452 1.1957166 51
1741345800103 1.2938516 52
1741345801784 1.2612619 53
1741345803422 1.3201134 54
1741345805104 1.2867994 55
1741345806751 1.3434715 56
1741345808521 1.3189666 57
1741345810253 1.3687137 58
1741345811893 1.3711928 59
1741345813604 1.3708739 60
1741345815276 1.266583 61
1741345816999 1.2954327 62
1741345818659 1.3927687 63
1741345820337 1.5014501 64
1741345821989 1.4664418 65
1741345823694 1.4108341 66
1741345825345 1.4010915 67
1741345827086 1.3471661 68
1741345828775 1.2995318 69
1741345830421 1.341634 70
1741345832104 1.3155475 71
1741345833744 1.3352497 72
1741345835426 1.31792 73
1741345837113 1.3166153 74
1741345838784 1.2698193 75
1741345840429 1.2490017 76
1741345842110 1.2767081 77
1741345843826 1.3031487 78
1741345845512 1.2981446 79
1741345847146 1.3157477 80
1741345848837 1.3034029 81
1741345850509 1.2237256 82
1741345852170 1.2439051 83
1741345853854 1.2183247 84
1741345855494 1.3143644 85
1741345857186 1.2931247 86
1741345858876 1.2480049 87
1741345860570 1.2651967 88
1741345862337 1.2887727 89
1741345864153 1.3420136 90
1741345865891 1.3199022 91
1741345867624 1.2970998 92
1741345869392 1.3203759 93
1741345871143 1.3542869 94
1741345872929 1.3088868 95
1741345874659 1.3527063 96
1741345876444 1.3927035 97
1741345878218 1.2974423 98
1741345880056 1.3091801 99
1741345881817 1.2451255 100
1741345883524 1.2870269 101
1741345885284 1.3139291 102
1741345887035 1.3064945 103
1741345888824 1.335613 104
1741345890616 1.3211155 105
1741345892395 1.3945248 106
1741345894145 1.3440362 107
1741345895874 1.3165781 108
1741345897978 1.2909274 109
1741345899753 1.3010671 110
1741345901546 1.2801561 111
1741345903319 1.2664263 112
1741345905021 1.3439798 113
1741345906771 1.315362 114
1741345908473 1.3276708 115
1741345910353 1.297894 116
1741345912210 1.2906271 117
1741345914116 1.3222216 118
1741345915934 1.30336 119
1741345917818 1.3030756 120
1741345919612 1.3430811 121
1741345921332 1.358322 122
1741345923128 1.3315742 123
1741345924956 1.336897 124
1741345926685 1.3304814 125
1741345928494 1.3198888 126
1741345930250 1.2561162 127
1741345932052 1.3248577 128
1741345933791 1.2327318 129
1741345935534 1.3012855 130
1741345937332 1.3139575 131
1741345939068 1.3208395 132
1741345940848 1.3304334 133
1741345942613 1.2758852 134
1741345944408 1.3190033 135
1741345946154 1.2648883 136
1741345947938 1.2924671 137
1741345949763 1.3968954 138
1741345951538 1.3792251 139
1741345953330 1.350245 140
1741345955089 1.3676939 141
1741345956868 1.3343744 142
1741345958651 1.3717028 143
1741345960418 1.3093814 144
1741345962197 1.2996607 145
1741345963969 1.3019416 146
1741345965717 1.2552149 147
1741345967459 1.3555058 148
1741345969229 1.3220376 149
1741345970970 1.3052244 150
1741345972746 1.2992685 151
1741345974543 1.3176799 152
1741345976290 1.2530866 153
1741345978067 1.2671115 154
1741345979769 1.266288 155
1741345981508 1.2766619 156
1741345983220 1.2663183 157
1741345984941 1.2888525 158
1741345986673 1.2869883 159
1741345988462 1.2784021 160
1741345990266 1.2710553 161
1741345992024 1.2963014 162
1741345993830 1.4619071 163
1741345995578 1.2570394 164
1741345997428 1.2943528 165
1741345999202 1.2850927 166
1741346000994 1.2692392 167
1741346002816 1.2780646 168
1741346004655 1.2605559 169
1741346006412 1.2672589 170
1741346008179 1.2967796 171
1741346009171 1.26299 172
1741346009859 1.2710869 173
1741346010551 1.2619739 174
1741346011253 1.2539743 175
1741346011955 1.1921046 176
1741346012667 1.2729158 177
1741346013374 1.2501404 178
1741346014145 1.2792516 179
1741346014928 1.3096199 180
1741346015695 1.2725549 181
1741346016498 1.3388042 182
