1741344763414 1.8065735 0
1741344765103 3.2565298 1
1741344766828 3.6946466 2
1741344768550 3.6190996 3
1741344770238 4.083279 4
1741344771950 3.6575396 5
1741344773642 4.3122115 6
1741344775370 4.6145062 7
1741344777076 5.0590663 8
1741344778798 5.049086 9
1741344780486 4.790965 10
1741344782231 4.8650846 11
1741344783960 5.1575284 12
1741344785660 4.648399 13
1741344787392 5.2779875 14
1741344789109 4.845679 15
1741344790848 4.965081 16
1741344792728 5.4688187 17
1741344794448 5.0603967 18
1741344796056 5.008991 19
1741344796696 5.2338696 20
1741344797333 5.199454 21
1741344797956 5.522691 22
1741344798583 5.3694425 23
1741344799209 6.0397015 24
1741344799833 5.954557 25
1741344800470 6.6424294 26
1741344801099 6.1363215 27
1741344801771 6.6054926 28
1741344802431 6.1181254 29
1741344803083 6.680487 30
1741344803733 6.8969297 31
1741344804422 6.5800314 32
1741344805219 6.4810777 33
1741344806035 6.556072 34
1741344806853 6.7997656 35
1741344807761 6.957488 36
1741344808661 6.9406805 37
1741344809510 6.4722204 38
1741344810365 7.213731 39
1741344811185 6.8806043 40
1741344812033 7.619234 41
1741344812867 6.6745625 42
1741344813701 6.804382 43
1741344814516 6.645923 44
1741344815342 6.504326 45
1741344816100 6.325991 46
1741344816853 6.6653543 47
1741344817609 6.894476 48
1741344818366 6.9876027 49
1741344819133 7.6203594 50
1741344819880 6.8035984 51
1741344820648 7.135042 52
1741344821403 6.807007 53
1741344822151 6.9277024 54
1741344822918 7.816888 55
1741344823668 7.533329 56
1741344824418 7.6976814 57
1741344825190 7.5243025 58
1741344825977 7.4892225 59
1741344826769 7.2341495 60
1741344827552 7.1088076 61
1741344828304 7.1615424 62
1741344829066 6.8537345 63
1741344829826 7.3943496 64
1741344830587 6.9714904 65
1741344831364 7.079315 66
1741344832099 6.8495717 67
1741344832829 6.5079093 68
1741344833573 6.220351 69
1741344834318 6.7068114 70
1741344835062 6.6450973 71
1741344835801 6.842626 72
1741344836539 6.9968615 73
1741344837311 7.1272545 74
1741344838074 7.0488186 75
1741344838826 6.535737 76
1741344839585 7.1002088 77
1741344840336 6.954948 78
1741344841095 6.9795833 79
1741344841841 6.963198 80
1741344842611 7.281063 81
1741344843364 7.426234 82
1741344844114 7.7737722 83
1741344844872 8.084752 84
1741344845622 7.657206 85
1741344846436 7.7661514 86
1741344847181 7.425106 87
1741344847929 7.6700644 88
1741344848682 7.500563 89
1741344849430 7.7538958 90
1741344850179 7.1664042 91
1741344850912 7.5247107 92
1741344851656 7.5368466 93
1741344852403 7.692111 94
1741344853150 7.826378 95
1741344853895 8.243693 96
1741344854664 7.6444263 97
1741344855427 7.570077 98
1741344856370 7.556408 99
1741344857112 7.177945 100
1741344857862 8.067832 101
1741344858621 7.2866335 102
1741344859371 7.999994 103
1741344860112 7.0571914 104
1741344860856 7.5747046 105
1741344861600 7.12412 106
1741344862338 7.304956 107
1741344863089 7.2839084 108
1741344863846 7.1511073 109
1741344864601 7.6505933 110
1741344865360 7.6179104 111
1741344866106 7.348298 112
1741344866849 7.3307858 113
1741344867594 7.2864985 114
1741344868347 6.90019 115
1741344869090 7.094803 116
1741344869839 6.889362 117
1741344870594 7.091288 118
1741344871362 6.7123327 119
1741344872153 7.1137905 120
1741344872894 6.8215094 121
1741344873632 6.9631767 122
1741344874370 6.992735 123
1741344875104 7.220845 124
1741344875837 6.969855 125
1741344876568 6.8148627 126
1741344877298 6.8560195 127
1741344878066 6.577935 128
1741344878868 6.9281845 129
1741344879698 6.5520678 130
1741344880499 6.926399 131
1741344881360 6.408656 132
1741344882112 7.1564856 133
1741344882861 6.8160343 134
1741344883628 7.248373 135
1741344884373 7.1552224 136
1741344885170 7.3080215 137
1741344885928 7.2227626 138
1741344886694 6.9592843 139
1741344887449 6.9143567 140
1741344888198 7.1189504 141
1741344888946 7.1973906 142
1741344889695 6.689449 143
1741344890457 7.127307 144
1741344891204 6.640417 145
1741344891945 6.810134 146
