1743777844210 0.6102901 0
1743777844951 0.39390668 1
1743777845580 0.25632888 2
1743777846203 0.17454709 3
1743777846822 0.124963656 4
1743777847446 0.09317499 5
1743777848070 0.07329741 6
1743777848695 0.059245586 7
1743777849319 0.049746975 8
1743777849939 0.042087745 9
1743777850563 0.036776096 10
1743777851185 0.03268543 11
1743777851803 0.028914535 12
1743777852430 0.025919445 13
1743777853055 0.023469782 14
1743777853676 0.021288527 15
1743777854300 0.019420775 16
1743777854919 0.01763122 17
1743777855542 0.016456665 18
1743777856165 0.015025294 19
1743777856785 0.014097061 20
1743777857405 0.01282274 21
