1743777844208 1.6220347 0
1743777844949 1.6382593 1
1743777845578 1.6125987 2
1743777846201 1.553268 3
1743777846820 1.4871304 4
1743777847444 1.439004 5
1743777848068 1.397866 6
1743777848692 1.355773 7
1743777849317 1.3312029 8
1743777849937 1.3149762 9
1743777850561 1.3262677 10
1743777851183 1.3279386 11
1743777851802 1.3168745 12
1743777852428 1.3282509 13
1743777853052 1.3439801 14
1743777853674 1.3592675 15
1743777854298 1.3709011 16
1743777854916 1.3804581 17
1743777855540 1.3879113 18
1743777856163 1.3887079 19
1743777856783 1.4064293 20
1743777857403 1.4098365 21
