1743777844210 0.1852767 0
1743777844949 0.16494034 1
1743777845580 0.1632948 2
1743777846203 0.17181969 3
1743777846822 0.18331276 4
1743777847446 0.19073789 5
1743777848070 0.19809254 6
1743777848693 0.20691879 7
1743777849319 0.21225372 8
1743777849939 0.21389881 9
1743777850561 0.21195716 10
1743777851185 0.21090436 11
1743777851803 0.21321636 12
1743777852430 0.21269815 13
1743777853054 0.2138189 14
1743777853674 0.21244828 15
1743777854300 0.21151839 16
1743777854918 0.21221018 17
1743777855542 0.21366274 18
1743777856165 0.20995714 19
1743777856783 0.20718835 20
1743777857405 0.21007808 21
