1741910689771 0.61948586 0
1741910690532 0.42994395 1
1741910691202 0.29631373 2
1741910691850 0.2086855 3
1741910692492 0.15144451 4
1741910693112 0.11383076 5
1741910693750 0.08908488 6
1741910694374 0.071917854 7
1741910695117 0.05910634 8
1741910695888 0.049505815 9
1741910696542 0.042394396 10
1741910697171 0.036620215 11
1741910697802 0.032121904 12
1741910698434 0.028412657 13
1741910699053 0.025225539 14
1741910699679 0.022874776 15
1741910700308 0.020545075 16
1741910700986 0.018476615 17
1741910701718 0.016871149 18
1741910702443 0.015478374 19
1741910703190 0.014052406 20
1741910703919 0.012903833 21
1741910704650 0.011948052 22
1741910705411 0.011107023 23
1741910706163 0.010234379 24
1741910706918 0.00952505 25
1741910707688 0.008959982 26
1741910708454 0.008401024 27
1741910709197 0.00781271 28
1741910709950 0.0073688487 29
1741910710693 0.0069519207 30
1741910711430 0.0065656514 31
1741910712178 0.0061785695 32
1741910712923 0.005764081 33
1741910713665 0.0055181705 34
1741910714415 0.0052363765 35
1741910715156 0.005013279 36
1741910715910 0.0047379946 37
1741910716658 0.004503909 38
1741910717404 0.004302832 39
1741910718151 0.00411913 40
1741910718914 0.003946505 41
1741910719670 0.0037884223 42
1741910720423 0.0036042193 43
1741910721170 0.0034962373 44
1741910721924 0.0033431319 45
1741910722674 0.0032070857 46
1741910723426 0.0030771005 47
1741910724167 0.0029779472 48
1741910724906 0.0028690982 49
1741910725667 0.002762906 50
1741910726429 0.0026568992 51
1741910727171 0.0025776615 52
1741910727925 0.0024993739 53
1741910728680 0.0023980413 54
1741910729440 0.0023473855 55
1741910730183 0.0022622284 56
1741910730938 0.0021975844 57
1741910731680 0.0021200418 58
1741910732429 0.0020694677 59
1741910733166 0.0020059831 60
1741910733913 0.0019563797 61
1741910734665 0.0018938662 62
1741910735407 0.0018191449 63
1741910736159 0.0017685583 64
1741910736916 0.0017437704 65
1741910737661 0.0017058495 66
1741910738409 0.0016455302 67
1741910739156 0.0016164545 68
1741910739899 0.001556953 69
1741910740650 0.0015261188 70
1741910741402 0.0014765587 71
1741910742153 0.001464341 72
1741910742904 0.0014030657 73
1741910743649 0.001392339 74
1741910744405 0.0013682678 75
1741910745162 0.0013247702 76
1741910745912 0.0012916126 77
1741910746651 0.0012656752 78
1741910747401 0.0012371272 79
1741910748152 0.0012143594 80
1741910748901 0.001189391 81
1741910749660 0.0011516468 82
1741910750399 0.0011232033 83
1741910751152 0.0011093298 84
1741910751906 0.00108256 85
1741910752651 0.001059506 86
1741910753426 0.0010536786 87
1741910754186 0.001035449 88
1741910754967 0.0010116649 89
1741910755726 0.0009969611 90
1741910756472 0.0009778503 91
1741910757232 0.0009591574 92
1741910757986 0.0009383102 93
1741910758769 0.0009220297 94
1741910759532 0.00091621524 95
1741910760290 0.0008897453 96
1741910761042 0.0008817324 97
1741910761808 0.00086359074 98
1741910762554 0.00085114763 99
1741910763500 0.0008356858 100
1741910764254 0.00082455046 101
1741910765012 0.00081275817 102
1741910765770 0.00080657407 103
1741910766521 0.0007899501 104
1741910767275 0.0007707738 105
1741910768025 0.0007666622 106
1741910768783 0.0007584426 107
1741910769543 0.000742901 108
1741910770289 0.0007377045 109
1741910771047 0.00072559563 110
1741910771793 0.00071706524 111
1741910772550 0.0006999462 112
1741910773307 0.0006955384 113
1741910774064 0.00068167417 114
1741910774824 0.00068295683 115
1741910775575 0.0006742456 116
1741910776344 0.00065490033 117
1741910777103 0.00065013085 118
1741910777862 0.000645398 119
1741910778615 0.0006370377 120
1741910779358 0.00062038505 121
1741910780117 0.000624529 122
1741910780876 0.00061618455 123
1741910781620 0.0006107556 124
1741910782365 0.00060103915 125
1741910783123 0.000580791 126
1741910783892 0.00058209134 127
1741910784655 0.0005801069 128
1741910785407 0.00056271564 129
1741910786155 0.0005622013 130
1741910786909 0.0005622948 131
1741910787653 0.00054251315 132
1741910788404 0.0005479668 133
1741910789179 0.00054026506 134
1741910789946 0.0005306695 135
1741910790706 0.00052383327 136
1741910791478 0.0005151837 137
1741910792237 0.00052115327 138
1741910793003 0.0005050671 139
1741910793768 0.00050269254 140
1741910794522 0.00050147506 141
1741910795286 0.0005004979 142
1741910796040 0.000484735 143
1741910796787 0.00047901014 144
1741910797532 0.00047726365 145
1741910798277 0.00047743286 146
1741910799042 0.00047230028 147
1741910799793 0.00046792868 148
1741910800548 0.0004544667 149
1741910801307 0.00045178016 150
1741910802071 0.00045035145 151
1741910802826 0.00044774223 152
1741910803586 0.00043939266 153
1741910804342 0.00043987462 154
1741910805100 0.00043252626 155
1741910805852 0.00042262927 156
1741910806598 0.00042400986 157
1741910807356 0.00042391435 158
1741910808124 0.00041780734 159
1741910808882 0.00041196452 160
1741910809629 0.00041196035 161
1741910810379 0.00040594896 162
1741910811145 0.00040449962 163
1741910811901 0.0003957517 164
1741910812658 0.0003996697 165
1741910813410 0.00039381615 166
1741910814177 0.00038953676 167
1741910814941 0.00038300842 168
1741910815684 0.00038385674 169
1741910816432 0.00037975275 170
1741910817187 0.00037790436 171
1741910817944 0.00037323104 172
1741910818695 0.00036649714 173
1741910819446 0.00036524015 174
1741910820202 0.00036568113 175
1741910820964 0.00035944855 176
1741910821711 0.0003592372 177
1741910822460 0.00035876952 178
1741910823214 0.00034855175 179
1741910823973 0.00035425776 180
1741910824731 0.00034706315 181
1741910825507 0.000342039 182
1741910826264 0.00034244487 183
1741910827027 0.00033696633 184
1741910827777 0.00033192936 185
1741910828536 0.0003279583 186
1741910829292 0.00033362547 187
1741910830053 0.0003277055 188
1741910830818 0.00032528798 189
1741910831568 0.00032379775 190
1741910832328 0.00031950948 191
1741910833088 0.0003161601 192
1741910833844 0.00031355224 193
1741910834589 0.0003178752 194
1741910835346 0.00031175485 195
1741910836115 0.00030832394 196
1741910836873 0.00030124123 197
1741910837623 0.00030326206 198
1741910838382 0.00029938342 199
1741910839240 0.0002990245 200
1741910840010 0.0002968418 201
1741910840770 0.00030139473 202
1741910841529 0.0002962321 203
1741910842292 0.00028895808 204
1741910843055 0.00028660352 205
1741910843813 0.00028315705 206
1741910844588 0.00028359646 207
1741910845366 0.00028149856 208
1741910846125 0.00028153698 209
1741910846879 0.00027737019 210
1741910847643 0.00027444263 211
1741910848412 0.00027320196 212
1741910849165 0.00027159427 213
1741910849928 0.000270082 214
1741910850685 0.0002668882 215
1741910851432 0.0002671883 216
1741910852198 0.00026279734 217
1741910852953 0.00026094553 218
1741910853717 0.00026131433 219
1741910854483 0.00025857156 220
1741910855246 0.00025342026 221
1741910855998 0.0002552262 222
1741910856749 0.00025282483 223
1741910857503 0.00025342108 224
1741910858259 0.0002471222 225
1741910859013 0.00024857817 226
1741910859762 0.00024745878 227
1741910860519 0.00024624233 228
1741910861282 0.00024101099 229
1741910862043 0.00024251005 230
1741910862801 0.00024049064 231
1741910863556 0.00023714911 232
1741910864347 0.00023684467 233
1741910865136 0.00023462478 234
1741910865918 0.00023480532 235
1741910866712 0.00023487772 236
1741910867496 0.00022922203 237
1741910868246 0.0002290409 238
1741910869000 0.00022943263 239
1741910869765 0.00022709252 240
1741910870527 0.00022654704 241
1741910871284 0.00022396001 242
1741910872030 0.00022396278 243
1741910872787 0.00022012912 244
1741910873546 0.0002211983 245
1741910874296 0.00021776422 246
1741910875053 0.00021820437 247
1741910875812 0.00021605936 248
1741910876575 0.00021502232 249
1741910877343 0.000213405 250
1741910878087 0.0002110876 251
1741910878839 0.00021278318 252
1741910879602 0.0002078425 253
1741910880363 0.0002085829 254
1741910881118 0.0002064682 255
1741910881876 0.00020453316 256
1741910882631 0.00020326242 257
1741910883386 0.00020391053 258
1741910884145 0.00020237746 259
1741910884911 0.00019997201 260
1741910885677 0.00019733088 261
1741910886429 0.00019888465 262
1741910887183 0.00019608339 263
1741910887937 0.00019477928 264
1741910888692 0.00019651146 265
1741910889436 0.00019471208 266
1741910890193 0.00019078168 267
1741910890949 0.00019380309 268
1741910891712 0.00018948063 269
1741910892468 0.0001890993 270
1741910893224 0.00018995887 271
1741910893981 0.00018989206 272
1741910894738 0.00018784832 273
1741910895493 0.00018404378 274
1741910896256 0.00018394463 275
1741910897011 0.00018473648 276
1741910897768 0.00018213804 277
1741910898525 0.0001809715 278
1741910899281 0.00017944266 279
1741910900026 0.00018155044 280
1741910900782 0.00017764528 281
1741910901542 0.00017643307 282
1741910902288 0.00017688645 283
1741910903039 0.00017608033 284
1741910903790 0.00017536244 285
1741910904550 0.00017250847 286
1741910905300 0.0001745226 287
1741910906049 0.00017203251 288
1741910906801 0.00017133215 289
1741910907561 0.0001705902 290
1741910908309 0.00017219073 291
1741910909063 0.00016634648 292
1741910909817 0.00016913476 293
1741910910581 0.00016388868 294
1741910911343 0.0001671562 295
1741910912101 0.00016393398 296
1741910912868 0.00016321093 297
1741910913639 0.00016294848 298
1741910914400 0.00016197782 299
1741910915267 0.00016223287 300
1741910916021 0.00015979391 301
1741910916780 0.00016180317 302
1741910917547 0.00015895252 303
1741910918305 0.00015986038 304
1741910919069 0.00015686321 305
1741910919827 0.00015892455 306
1741910920582 0.00015310574 307
1741910921333 0.00015512151 308
1741910922089 0.00015549462 309
1741910922846 0.00015383029 310
1741910923597 0.00015265554 311
1741910924340 0.00015261205 312
1741910925109 0.00015100297 313
1741910925865 0.0001513652 314
1741910926618 0.00015136863 315
1741910927376 0.00014845072 316
1741910928135 0.00014821086 317
1741910928901 0.00014723727 318
1741910929658 0.0001479406 319
1741910930410 0.0001484159 320
1741910931177 0.00014499846 321
1741910931939 0.0001445415 322
1741910932699 0.00014487936 323
1741910933456 0.00014563515 324
1741910934207 0.00014422774 325
1741910934975 0.0001418483 326
1741910935724 0.00014133134 327
1741910936482 0.00014139115 328
1741910937239 0.00014106173 329
1741910937995 0.00014029648 330
1741910938754 0.0001384312 331
1741910939516 0.00013932094 332
1741910940275 0.00013858013 333
1741910941036 0.0001358961 334
1741910941793 0.00013788157 335
1741910942553 0.00013659749 336
1741910943303 0.00013621495 337
1741910944050 0.00013284091 338
1741910944787 0.00013329787 339
1741910945535 0.00013430539 340
1741910946289 0.00013415022 341
1741910947038 0.00013275223 342
1741910947793 0.00013181205 343
1741910948556 0.00013242809 344
1741910949309 0.00013053838 345
1741910950070 0.0001310442 346
1741910950813 0.00012962731 347
1741910951568 0.00013093287 348
1741910952319 0.00012934375 349
1741910953069 0.00012827801 350
1741910953831 0.00012823768 351
1741910954589 0.00012799283 352
1741910955341 0.00012781352 353
1741910956108 0.00012614296 354
1741910956911 0.0001252344 355
1741910957682 0.00012582813 356
1741910958449 0.00012498022 357
1741910959219 0.00012406091 358
1741910959990 0.00012343324 359
1741910960740 0.0001221388 360
1741910961500 0.00012302831 361
1741910962259 0.00012108438 362
1741910963013 0.00012175124 363
1741910963763 0.000120178054 364
1741910964522 0.000120801975 365
1741910965291 0.000120793266 366
1741910966046 0.0001196555 367
1741910966799 0.000117879106 368
1741910967557 0.00011912462 369
1741910968319 0.00011791748 370
1741910969077 0.00011717004 371
1741910969836 0.00011664791 372
1741910970605 0.000114955816 373
1741910971359 0.00011520183 374
1741910972119 0.000114946226 375
1741910972875 0.00011376519 376
1741910973631 0.000115044815 377
1741910974393 0.00011384222 378
1741910975157 0.00011198991 379
1741910975918 0.0001132584 380
1741910976671 0.00011228849 381
1741910977435 0.0001114626 382
1741910978195 0.0001112777 383
1741910978947 0.000111812646 384
1741910979702 0.000109258624 385
1741910980442 0.000110528235 386
1741910981203 0.000109487104 387
1741910981954 0.00010930826 388
1741910982714 0.000108162545 389
1741910983470 0.00010859058 390
1741910984220 0.00010773241 391
1741910984973 0.0001070321 392
1741910985730 0.00010648631 393
1741910986475 0.00010626659 394
1741910987234 0.00010585915 395
1741910987978 0.00010551273 396
1741910988739 0.00010673236 397
1741910989496 0.000103660954 398
1741910990259 0.000103254984 399
1741910991098 0.00010422083 400
1741910991854 0.000105712024 401
1741910992625 0.00010393081 402
1741910993397 0.00010328387 403
1741910994152 0.00010330217 404
1741910994915 0.00010280962 405
1741910995679 0.00010277686 406
1741910996445 0.00010127418 407
1741910997208 0.00010146113 408
1741910997960 0.00010025782 409
1741910998710 9.927483e-05 410
1741910999486 9.9399425e-05 411
1741911000250 9.9380675e-05 412
1741911001005 9.856577e-05 413
1741911001757 9.869873e-05 414
1741911002528 9.7249926e-05 415
1741911003288 9.734052e-05 416
1741911004040 9.751162e-05 417
1741911004790 9.835437e-05 418
1741911005546 9.699964e-05 419
1741911006305 9.635469e-05 420
1741911007059 9.580901e-05 421
1741911007819 9.483172e-05 422
1741911008574 9.463943e-05 423
1741911009344 9.505923e-05 424
1741911010105 9.480834e-05 425
1741911010868 9.493509e-05 426
1741911011625 9.3545306e-05 427
1741911012384 9.361684e-05 428
1741911013132 9.3056675e-05 429
1741911013883 9.205236e-05 430
1741911014634 9.308679e-05 431
1741911015380 9.257639e-05 432
1741911016137 9.246536e-05 433
1741911016901 9.153462e-05 434
1741911017657 9.0384914e-05 435
1741911018420 9.147834e-05 436
1741911019169 8.9979476e-05 437
1741911019929 9.092276e-05 438
1741911020685 8.960395e-05 439
1741911021447 8.9888235e-05 440
1741911022204 8.9568806e-05 441
1741911022962 9.017089e-05 442
1741911023722 8.804958e-05 443
1741911024479 8.82616e-05 444
1741911025226 8.902506e-05 445
1741911025994 8.93409e-05 446
1741911026749 8.715833e-05 447
1741911027507 8.719169e-05 448
1741911028266 8.718182e-05 449
1741911029030 8.663559e-05 450
1741911029784 8.532611e-05 451
1741911030543 8.491938e-05 452
1741911031303 8.543808e-05 453
1741911032055 8.490305e-05 454
1741911032808 8.5940046e-05 455
1741911033564 8.366258e-05 456
1741911034335 8.431416e-05 457
1741911035092 8.473055e-05 458
1741911035847 8.364439e-05 459
1741911036593 8.224628e-05 460
1741911037392 8.2667786e-05 461
1741911038275 8.243474e-05 462
1741911039098 8.373748e-05 463
1741911039861 8.282608e-05 464
1741911040625 8.2166975e-05 465
1741911041377 8.146628e-05 466
1741911042122 8.225083e-05 467
1741911042872 8.115413e-05 468
1741911043633 8.094979e-05 469
1741911044398 7.988922e-05 470
1741911045151 8.0793696e-05 471
1741911045912 7.9613514e-05 472
1741911046679 7.984096e-05 473
1741911047444 7.9473575e-05 474
1741911048201 7.945752e-05 475
1741911048951 7.8493715e-05 476
1741911049701 7.8626465e-05 477
1741911050461 7.8362114e-05 478
1741911051244 7.832759e-05 479
1741911052017 7.8222925e-05 480
1741911052785 7.672719e-05 481
1741911053539 7.805868e-05 482
1741911054301 7.665603e-05 483
1741911055046 7.6696546e-05 484
1741911055791 7.7885416e-05 485
1741911056541 7.65947e-05 486
1741911057306 7.581545e-05 487
1741911058056 7.610419e-05 488
1741911058815 7.5020616e-05 489
1741911059560 7.5804295e-05 490
1741911060309 7.4929616e-05 491
1741911061063 7.489202e-05 492
1741911061828 7.6071665e-05 493
1741911062579 7.46147e-05 494
1741911063336 7.4073156e-05 495
1741911064090 7.411471e-05 496
1741911064851 7.438408e-05 497
1741911065609 7.345119e-05 498
1741911066368 7.369868e-05 499
1741911067212 7.3902236e-05 500
1741911067981 7.3409006e-05 501
1741911068740 7.297765e-05 502
1741911069491 7.246539e-05 503
1741911070237 7.209282e-05 504
1741911070998 7.241091e-05 505
1741911071764 7.158372e-05 506
1741911072519 7.197943e-05 507
1741911073269 7.1069924e-05 508
1741911074028 7.082916e-05 509
1741911074795 7.0979935e-05 510
1741911075556 7.063268e-05 511
1741911076308 7.0292874e-05 512
1741911077069 7.036763e-05 513
1741911077829 7.037474e-05 514
1741911078590 7.0161026e-05 515
1741911079336 6.8978894e-05 516
1741911080088 6.903924e-05 517
1741911080853 6.8653804e-05 518
1741911081607 6.882416e-05 519
1741911082365 6.8362715e-05 520
1741911083124 6.889104e-05 521
1741911083885 6.879462e-05 522
1741911084643 6.8240064e-05 523
1741911085398 6.871484e-05 524
1741911086152 6.716479e-05 525
1741911086901 6.704781e-05 526
1741911087655 6.810019e-05 527
1741911088408 6.71784e-05 528
1741911089174 6.558898e-05 529
1741911089928 6.741035e-05 530
1741911090689 6.695497e-05 531
1741911091458 6.653829e-05 532
1741911092226 6.67946e-05 533
1741911092992 6.551084e-05 534
1741911093752 6.561438e-05 535
1741911094511 6.548639e-05 536
1741911095270 6.498797e-05 537
1741911096031 6.481975e-05 538
1741911096790 6.546513e-05 539
1741911097553 6.454488e-05 540
1741911098321 6.4092186e-05 541
1741911099077 6.439651e-05 542
1741911099842 6.501342e-05 543
1741911100597 6.435924e-05 544
1741911101376 6.372009e-05 545
1741911102144 6.339203e-05 546
1741911102908 6.332944e-05 547
1741911103674 6.2604944e-05 548
1741911104438 6.2273306e-05 549
1741911105209 6.343446e-05 550
1741911105975 6.2150175e-05 551
1741911106739 6.230924e-05 552
1741911107499 6.248084e-05 553
1741911108250 6.2142215e-05 554
1741911109016 6.265965e-05 555
1741911109774 6.127861e-05 556
1741911110535 6.134892e-05 557
1741911111289 6.087585e-05 558
1741911112035 6.0955885e-05 559
1741911112788 6.0327064e-05 560
1741911113540 6.127144e-05 561
1741911114304 6.0465874e-05 562
1741911115059 6.0288752e-05 563
1741911115809 6.1159735e-05 564
1741911116555 5.9866314e-05 565
1741911117314 6.067262e-05 566
1741911118071 6.0038456e-05 567
1741911118823 5.9967304e-05 568
1741911119575 5.942871e-05 569
1741911120333 5.9006423e-05 570
1741911121086 5.8501784e-05 571
1741911121862 5.9281407e-05 572
1741911122623 5.8865033e-05 573
1741911124087 5.8041023e-05 0
1741911124828 5.8900365e-05 1
1741911125589 5.7917416e-05 2
1741911126344 5.9256574e-05 3
1741911127110 5.775044e-05 4
1741911127860 5.7966336e-05 5
1741911128609 5.7937323e-05 6
1741911129361 5.7051366e-05 7
1741911130111 5.7852783e-05 8
1741911130869 5.6941903e-05 9
1741911131626 5.761046e-05 10
1741911132376 5.701665e-05 11
1741911133123 5.6560017e-05 12
1741911133891 5.6608766e-05 13
1741911134646 5.6134642e-05 14
1741911135404 5.6228488e-05 15
1741911136155 5.578715e-05 16
1741911136918 5.633819e-05 17
1741911137665 5.6080877e-05 18
1741911138417 5.6232493e-05 19
1741911139177 5.5013563e-05 20
1741911139940 5.5920373e-05 21
1741911140699 5.4474272e-05 22
1741911141464 5.5253295e-05 23
1741911142224 5.479007e-05 24
1741911142980 5.500904e-05 25
1741911143834 5.4733322e-05 26
1741911144595 5.4559696e-05 27
1741911145350 5.487206e-05 28
1741911146104 5.356335e-05 29
1741911146846 5.401161e-05 30
1741911147609 5.354776e-05 31
1741911148363 5.396342e-05 32
1741911149113 5.370359e-05 33
1741911149853 5.3507643e-05 34
1741911150615 5.3616837e-05 35
1741911151368 5.342786e-05 36
1741911152123 5.3732878e-05 37
1741911152881 5.301941e-05 38
1741911153632 5.2505613e-05 39
1741911154388 5.258402e-05 40
1741911155147 5.2159296e-05 41
1741911155909 5.2173993e-05 42
1741911156661 5.17049e-05 43
1741911157425 5.15304e-05 44
1741911158179 5.2224397e-05 45
1741911158933 5.1925304e-05 46
1741911159691 5.1995077e-05 47
1741911160456 5.1364943e-05 48
1741911161209 5.2083877e-05 49
1741911161965 5.106491e-05 50
1741911162732 5.044061e-05 51
1741911163492 5.145344e-05 52
1741911164250 5.0694725e-05 53
1741911165005 5.0567647e-05 54
1741911165772 5.127382e-05 55
1741911166543 5.0727762e-05 56
1741911167293 5.0875286e-05 57
1741911168044 5.0443534e-05 58
1741911168795 5.0540053e-05 59
1741911169558 5.037737e-05 60
1741911170306 4.9990816e-05 61
1741911171050 4.94805e-05 62
1741911171810 5.001155e-05 63
1741911172577 4.9540446e-05 64
1741911173333 4.920707e-05 65
1741911174087 4.9646256e-05 66
1741911174837 4.9534206e-05 67
1741911175611 4.976327e-05 68
1741911176364 4.8995313e-05 69
1741911177121 4.9244114e-05 70
1741911177878 4.9248298e-05 71
1741911178639 4.9308852e-05 72
1741911179394 4.8067825e-05 73
1741911180139 4.8635367e-05 74
1741911180892 4.8818736e-05 75
1741911181657 4.857313e-05 76
1741911182406 4.770707e-05 77
1741911183157 4.767297e-05 78
1741911183912 4.818642e-05 79
1741911184673 4.7275e-05 80
1741911185420 4.7401856e-05 81
1741911186160 4.764301e-05 82
1741911186914 4.7597692e-05 83
1741911187666 4.714474e-05 84
1741911188413 4.673983e-05 85
1741911189157 4.733909e-05 86
1741911189907 4.7061356e-05 87
1741911190666 4.723853e-05 88
1741911191415 4.670759e-05 89
1741911192161 4.6353314e-05 90
1741911192919 4.6780362e-05 91
1741911193670 4.731693e-05 92
1741911194423 4.6650806e-05 93
1741911195177 4.616675e-05 94
1741911195931 4.6021447e-05 95
1741911196677 4.651332e-05 96
1741911197436 4.5590983e-05 97
1741911198193 4.5785364e-05 98
1741911198945 4.5884753e-05 99
1741911199693 4.52512e-05 100
1741911200442 4.4954075e-05 101
1741911201194 4.500198e-05 102
1741911201946 4.5843517e-05 103
1741911202696 4.557291e-05 104
1741911203443 4.5482506e-05 105
1741911204194 4.5081964e-05 106
1741911204943 4.460175e-05 107
1741911205692 4.441939e-05 108
1741911206454 4.4237288e-05 109
1741911207198 4.448921e-05 110
1741911207939 4.432206e-05 111
1741911208690 4.4326353e-05 112
1741911209442 4.4634693e-05 113
1741911210200 4.406236e-05 114
1741911210941 4.439397e-05 115
1741911211696 4.3901127e-05 116
1741911212454 4.3884902e-05 117
1741911213197 4.3923872e-05 118
1741911213956 4.2997286e-05 119
1741911214710 4.3056127e-05 120
1741911215461 4.336332e-05 121
1741911216216 4.360298e-05 122
1741911216976 4.3261898e-05 123
1741911217733 4.297769e-05 124
1741911218474 4.2743457e-05 125
1741911219315 4.265509e-05 126
1741911220072 4.275513e-05 127
1741911220825 4.23879e-05 128
1741911221574 4.2314157e-05 129
1741911222334 4.252743e-05 130
1741911223091 4.155804e-05 131
1741911223849 4.240378e-05 132
1741911224603 4.2382115e-05 133
1741911225367 4.157863e-05 134
1741911226117 4.153066e-05 135
1741911226875 4.2303636e-05 136
1741911227628 4.196856e-05 137
1741911228386 4.1616415e-05 138
1741911229138 4.18446e-05 139
1741911229891 4.2417094e-05 140
1741911230634 4.2016443e-05 141
1741911231390 4.0811407e-05 142
1741911232144 4.1450156e-05 143
1741911232895 4.144741e-05 144
1741911233656 4.136823e-05 145
1741911234418 4.109181e-05 146
1741911235188 4.0824103e-05 147
1741911235940 4.0495284e-05 148
1741911236703 4.103095e-05 149
1741911237464 4.054303e-05 150
1741911238225 4.0940176e-05 151
1741911238978 4.1603354e-05 152
1741911239742 4.0533527e-05 153
1741911240499 4.0645038e-05 154
1741911241254 4.0687304e-05 155
1741911242011 4.0345756e-05 156
1741911242774 3.993696e-05 157
1741911243533 4.0592255e-05 158
1741911244296 4.028795e-05 159
1741911245057 3.9525137e-05 160
1741911245821 4.016787e-05 161
1741911246581 3.975748e-05 162
1741911247330 4.021524e-05 163
1741911248084 3.9841583e-05 164
1741911248841 3.9690094e-05 165
1741911249593 3.913427e-05 166
1741911250358 3.9059585e-05 167
1741911251113 3.940231e-05 168
1741911251863 3.8747305e-05 169
1741911252611 3.946503e-05 170
1741911253365 3.8857463e-05 171
1741911254127 3.9171635e-05 172
1741911254888 3.949733e-05 173
1741911255649 3.8545488e-05 174
1741911256406 3.860777e-05 175
1741911257163 3.896068e-05 176
1741911257918 3.8533264e-05 177
1741911258666 3.880694e-05 178
1741911259419 3.8582308e-05 179
1741911260174 3.8243168e-05 180
1741911260929 3.8054317e-05 181
1741911261687 3.807228e-05 182
1741911262444 3.8027596e-05 183
1741911263193 3.7408376e-05 184
1741911263942 3.8144117e-05 185
1741911264686 3.8121096e-05 186
1741911265447 3.8290884e-05 187
1741911266198 3.74671e-05 188
1741911266959 3.765851e-05 189
1741911267709 3.7387974e-05 190
1741911268464 3.722316e-05 191
1741911269217 3.758325e-05 192
1741911269978 3.7307025e-05 193
1741911270735 3.7139664e-05 194
1741911271503 3.6352496e-05 195
1741911272259 3.7264243e-05 196
1741911273010 3.6325488e-05 197
1741911273763 3.6376015e-05 198
1741911274523 3.645243e-05 199
1741911275277 3.6772795e-05 200
1741911276038 3.612513e-05 201
1741911276787 3.6858244e-05 202
1741911277535 3.607396e-05 203
1741911278280 3.6205704e-05 204
1741911279035 3.5301928e-05 205
1741911279794 3.6181147e-05 206
1741911280549 3.602865e-05 207
1741911281296 3.5246278e-05 208
1741911282035 3.6026842e-05 209
1741911282801 3.6276913e-05 210
1741911283557 3.5539717e-05 211
1741911284305 3.6047833e-05 212
1741911285059 3.5673766e-05 213
1741911285812 3.589629e-05 214
1741911286566 3.5671896e-05 215
1741911287316 3.5356617e-05 216
1741911288072 3.57535e-05 217
1741911288826 3.5684814e-05 218
1741911289578 3.522402e-05 219
1741911290323 3.549788e-05 220
1741911291074 3.538968e-05 221
1741911291827 3.5167763e-05 222
1741911292581 3.4848712e-05 223
1741911293333 3.5072488e-05 224
1741911294092 3.4467834e-05 225
1741911294932 3.4266715e-05 226
1741911295685 3.4337885e-05 227
1741911296439 3.4416014e-05 228
1741911297187 3.440253e-05 229
1741911297940 3.4166806e-05 230
1741911298695 3.4423705e-05 231
1741911299456 3.3757475e-05 232
1741911300225 3.4084278e-05 233
1741911300992 3.395103e-05 234
1741911301762 3.4059063e-05 235
1741911302518 3.4093402e-05 236
1741911303260 3.355552e-05 237
1741911304014 3.4151868e-05 238
1741911304758 3.4193392e-05 239
1741911305519 3.354618e-05 240
1741911306288 3.3566514e-05 241
1741911307055 3.4050834e-05 242
1741911307801 3.3619635e-05 243
1741911308565 3.3643e-05 244
1741911309321 3.3212276e-05 245
1741911310090 3.3406963e-05 246
1741911310843 3.392104e-05 247
1741911311596 3.3239357e-05 248
1741911312342 3.3448978e-05 249
1741911313088 3.3037235e-05 250
1741911313844 3.3102842e-05 251
1741911314600 3.286121e-05 252
1741911315349 3.306749e-05 253
1741911316106 3.3042306e-05 254
1741911316866 3.343891e-05 255
1741911317622 3.2834367e-05 256
1741911318368 3.2394375e-05 257
1741911319130 3.276517e-05 258
1741911319886 3.2696888e-05 259
1741911320644 3.2784315e-05 260
1741911321379 3.2179516e-05 261
1741911322135 3.2564483e-05 262
1741911322887 3.2746462e-05 263
1741911323637 3.189893e-05 264
1741911324396 3.1710963e-05 265
1741911325157 3.205969e-05 266
1741911325909 3.204063e-05 267
1741911326670 3.1788826e-05 268
1741911327429 3.2212232e-05 269
1741911328186 3.2109045e-05 270
1741911328944 3.2141445e-05 271
1741911329695 3.159496e-05 272
1741911330448 3.1399868e-05 273
1741911331204 3.137086e-05 274
1741911331979 3.2001877e-05 275
1741911332739 3.18375e-05 276
1741911333492 3.1210828e-05 277
1741911334248 3.100119e-05 278
1741911334998 3.160946e-05 279
1741911335761 3.0870196e-05 280
1741911336503 3.075663e-05 281
1741911337259 3.0909727e-05 282
1741911338030 3.099149e-05 283
1741911338791 3.0716867e-05 284
1741911339556 3.0955598e-05 285
1741911340311 3.1065105e-05 286
1741911341060 3.043991e-05 287
1741911341822 3.1078274e-05 288
1741911342575 3.0847852e-05 289
1741911343322 3.0333009e-05 290
1741911344077 3.0312041e-05 291
1741911344827 3.0189769e-05 292
1741911345578 3.0547926e-05 293
1741911346337 3.0242652e-05 294
1741911347097 3.0429479e-05 295
1741911347849 3.0497835e-05 296
1741911348598 2.9845842e-05 297
1741911349359 3.0281233e-05 298
1741911350116 3.0020125e-05 299
1741911350873 2.999874e-05 300
1741911351636 3.0071298e-05 301
1741911352382 2.9646111e-05 302
1741911353137 2.9759385e-05 303
1741911353906 2.9544923e-05 304
1741911354656 2.9364886e-05 305
1741911355407 2.9798866e-05 306
1741911356156 3.0204126e-05 307
1741911356913 2.945486e-05 308
1741911357673 2.9814162e-05 309
1741911358429 2.9640121e-05 310
1741911359191 2.9995545e-05 311
1741911359955 2.9361947e-05 312
1741911360721 2.9483255e-05 313
1741911361481 2.9492438e-05 314
1741911362236 2.9736906e-05 315
1741911362988 2.9532006e-05 316
1741911363748 2.893743e-05 317
1741911364504 2.9080022e-05 318
1741911365261 2.9413759e-05 319
1741911366014 2.8729364e-05 320
1741911366769 2.8608974e-05 321
1741911367529 2.89319e-05 322
1741911368289 2.9106997e-05 323
1741911369046 2.8829772e-05 324
1741911369806 2.8707116e-05 325
1741911370649 2.860314e-05 326
1741911371414 2.8442268e-05 327
1741911372169 2.907724e-05 328
1741911372927 2.8424018e-05 329
1741911373674 2.8113715e-05 330
1741911374426 2.8239998e-05 331
1741911375188 2.8488455e-05 332
1741911375948 2.8842476e-05 333
1741911376703 2.8235696e-05 334
1741911377451 2.7997627e-05 335
1741911378210 2.8204538e-05 336
1741911378966 2.8040542e-05 337
1741911379710 2.7821874e-05 338
1741911380470 2.796174e-05 339
1741911381216 2.8144043e-05 340
1741911381974 2.7839747e-05 341
1741911382732 2.7525795e-05 342
1741911383492 2.7934551e-05 343
1741911384250 2.734314e-05 344
1741911385008 2.7527241e-05 345
1741911385769 2.7588178e-05 346
1741911386531 2.7183589e-05 347
1741911387295 2.7541395e-05 348
1741911388043 2.7904436e-05 349
1741911388796 2.754639e-05 350
1741911389549 2.7573187e-05 351
1741911390301 2.7366217e-05 352
1741911391049 2.7066162e-05 353
1741911391801 2.7467211e-05 354
1741911392551 2.7426377e-05 355
1741911393310 2.6812399e-05 356
1741911394055 2.6881364e-05 357
1741911394805 2.7313601e-05 358
1741911395559 2.703498e-05 359
1741911396308 2.7367052e-05 360
1741911397052 2.6752263e-05 361
1741911397806 2.6824053e-05 362
1741911398558 2.7072261e-05 363
1741911399318 2.6905693e-05 364
1741911400070 2.6820862e-05 365
1741911400818 2.6325293e-05 366
1741911401571 2.6115875e-05 367
1741911402316 2.6998085e-05 368
1741911403068 2.6609887e-05 369
1741911403824 2.6471502e-05 370
1741911404580 2.6736792e-05 371
1741911405324 2.6567252e-05 372
1741911406077 2.6025877e-05 373
1741911406830 2.6305514e-05 374
1741911407588 2.6748801e-05 375
1741911408348 2.615378e-05 376
1741911409108 2.5948475e-05 377
1741911409858 2.6181993e-05 378
1741911410615 2.6119173e-05 379
1741911411362 2.5976577e-05 380
1741911412115 2.5980626e-05 381
1741911412881 2.6218728e-05 382
1741911413633 2.6158401e-05 383
1741911414391 2.5908674e-05 384
1741911415142 2.540226e-05 385
1741911415900 2.5127592e-05 386
1741911416667 2.5694057e-05 387
1741911417411 2.5430769e-05 388
1741911418173 2.579011e-05 389
1741911418920 2.5476043e-05 390
1741911419666 2.582053e-05 391
1741911420424 2.5665558e-05 392
1741911421172 2.502914e-05 393
1741911421923 2.5392683e-05 394
1741911422677 2.551347e-05 395
1741911423445 2.5166131e-05 396
1741911424198 2.535974e-05 397
1741911424950 2.5232688e-05 398
1741911425704 2.5189307e-05 399
1741911426462 2.5125262e-05 400
1741911427212 2.5234605e-05 401
1741911427974 2.5233145e-05 402
1741911428728 2.499459e-05 403
1741911429483 2.4910603e-05 404
1741911430235 2.5055373e-05 405
1741911430996 2.4771609e-05 406
1741911431754 2.501661e-05 407
1741911432518 2.4666777e-05 408
1741911433270 2.4934876e-05 409
1741911434029 2.4841156e-05 410
1741911434796 2.4763845e-05 411
1741911435553 2.4651144e-05 412
1741911436310 2.450946e-05 413
1741911437070 2.4445526e-05 414
1741911437824 2.4457044e-05 415
1741911438586 2.4525441e-05 416
1741911439358 2.4407274e-05 417
1741911440113 2.4157658e-05 418
1741911440862 2.3902065e-05 419
1741911441616 2.4382212e-05 420
1741911442366 2.42836e-05 421
1741911443121 2.4438883e-05 422
1741911443884 2.425661e-05 423
1741911444642 2.3791514e-05 424
1741911445403 2.4132967e-05 425
1741911446251 2.3698884e-05 426
