1741910689760 1.4520214 0
1741910690530 1.420707 1
1741910691198 1.398952 2
1741910691848 1.3689898 3
1741910692490 1.3340037 4
1741910693109 1.3191218 5
1741910693748 1.3108275 6
1741910694372 1.3075781 7
1741910695113 1.3194789 8
1741910695885 1.3431458 9
1741910696540 1.3507972 10
1741910697168 1.3446951 11
1741910697799 1.3408942 12
1741910698432 1.3382565 13
1741910699051 1.3380778 14
1741910699677 1.3358021 15
1741910700305 1.3493389 16
1741910700983 1.3386006 17
1741910701716 1.3476226 18
1741910702441 1.3550954 19
1741910703187 1.3533268 20
1741910703916 1.361793 21
1741910704646 1.3635714 22
1741910705408 1.3607583 23
1741910706160 1.3556409 24
1741910706915 1.3546212 25
1741910707679 1.3527029 26
1741910708451 1.3845744 27
1741910709195 1.4092495 28
1741910709947 1.4290452 29
1741910710691 1.4143977 30
1741910711428 1.3948703 31
1741910712175 1.3730545 32
1741910712920 1.354918 33
1741910713662 1.3712065 34
1741910714411 1.4150176 35
1741910715153 1.4319088 36
1741910715907 1.4140415 37
1741910716656 1.3771796 38
1741910717401 1.3709347 39
1741910718149 1.3860828 40
1741910718911 1.4130299 41
1741910719667 1.4203117 42
1741910720419 1.3935134 43
1741910721168 1.3937498 44
1741910721921 1.4430368 45
1741910722671 1.4348712 46
1741910723423 1.426856 47
1741910724164 1.4227365 48
1741910724903 1.4015795 49
1741910725665 1.3820839 50
1741910726426 1.4376574 51
1741910727168 1.3996283 52
1741910727922 1.3674772 53
1741910728677 1.3530161 54
1741910729437 1.3699877 55
1741910730180 1.385241 56
1741910730935 1.425102 57
1741910731677 1.467333 58
1741910732426 1.4827372 59
1741910733164 1.4621938 60
1741910733910 1.4366922 61
1741910734661 1.4239533 62
1741910735404 1.4282005 63
1741910736156 1.434751 64
1741910736912 1.4476969 65
1741910737655 1.4503746 66
1741910738405 1.4227397 67
1741910739151 1.3955662 68
1741910739897 1.3731084 69
1741910740647 1.3687887 70
1741910741399 1.370984 71
1741910742150 1.3736458 72
1741910742901 1.4279839 73
1741910743645 1.4798316 74
1741910744403 1.4904454 75
1741910745160 1.4649202 76
1741910745910 1.4312515 77
1741910746648 1.393975 78
1741910747398 1.3612905 79
1741910748149 1.3558203 80
1741910748898 1.365818 81
1741910749657 1.3925842 82
1741910750396 1.415422 83
1741910751149 1.4169545 84
1741910751904 1.3887097 85
1741910752649 1.3532922 86
1741910753422 1.3371085 87
1741910754183 1.3259584 88
1741910754964 1.3146348 89
1741910755723 1.3329525 90
1741910756469 1.382182 91
1741910757229 1.4230642 92
1741910757983 1.4604824 93
1741910758766 1.4841695 94
1741910759529 1.4963889 95
1741910760286 1.4767468 96
1741910761039 1.4713471 97
1741910761805 1.4650719 98
1741910762551 1.4293637 99
1741910763497 1.38811 100
1741910764251 1.3589034 101
1741910765009 1.3609207 102
1741910765767 1.3732538 103
1741910766518 1.388864 104
1741910767272 1.4061301 105
1741910768022 1.4253669 106
1741910768781 1.420193 107
1741910769540 1.4554307 108
1741910770286 1.4683692 109
1741910771044 1.436421 110
1741910771791 1.405722 111
1741910772548 1.378212 112
1741910773304 1.3655581 113
1741910774061 1.3614552 114
1741910774821 1.3599591 115
1741910775572 1.3458354 116
1741910776341 1.3314105 117
1741910777101 1.3375807 118
1741910777859 1.3276715 119
1741910778611 1.3249718 120
1741910779352 1.3682823 121
1741910780115 1.4175928 122
1741910780873 1.4213145 123
1741910781616 1.431256 124
1741910782362 1.4612529 125
1741910783120 1.4459205 126
1741910783889 1.415508 127
1741910784652 1.3880379 128
1741910785405 1.3754562 129
1741910786152 1.3695245 130
1741910786905 1.3763516 131
1741910787650 1.3898542 132
1741910788402 1.3863366 133
1741910789176 1.3758833 134
1741910789943 1.3593931 135
1741910790703 1.3445969 136
1741910791476 1.3311203 137
1741910792234 1.3264217 138
1741910793000 1.350785 139
1741910793765 1.3597028 140
1741910794520 1.3945808 141
1741910795284 1.414279 142
1741910796038 1.4327843 143
1741910796784 1.4502419 144
1741910797529 1.473006 145
1741910798274 1.4532609 146
1741910799039 1.4528265 147
1741910799790 1.4508393 148
1741910800546 1.4348472 149
1741910801304 1.41641 150
1741910802068 1.4026902 151
1741910802824 1.3882308 152
1741910803582 1.3702323 153
1741910804339 1.3612795 154
1741910805097 1.357114 155
1741910805849 1.357128 156
1741910806595 1.3616402 157
1741910807353 1.3777636 158
1741910808121 1.3841512 159
1741910808879 1.3833948 160
1741910809626 1.3805754 161
1741910810376 1.3723207 162
1741910811143 1.3789458 163
1741910811899 1.4141023 164
1741910812656 1.4213917 165
1741910813407 1.4058763 166
1741910814174 1.3910804 167
1741910814938 1.369702 168
1741910815681 1.3619812 169
1741910816429 1.3491814 170
1741910817184 1.3503366 171
1741910817939 1.3431933 172
1741910818692 1.3455601 173
1741910819443 1.3534665 174
1741910820199 1.3490994 175
1741910820960 1.3376869 176
1741910821709 1.3514733 177
1741910822457 1.3549967 178
1741910823211 1.35478 179
1741910823970 1.3508956 180
1741910824728 1.3529512 181
1741910825504 1.3288307 182
1741910826262 1.3189826 183
1741910827024 1.3514187 184
1741910827775 1.3752868 185
1741910828533 1.3766334 186
1741910829289 1.3639901 187
1741910830050 1.3609009 188
1741910830815 1.3491967 189
1741910831565 1.327967 190
1741910832323 1.3187412 191
1741910833085 1.343694 192
1741910833842 1.42119 193
1741910834586 1.4174099 194
1741910835343 1.3940575 195
1741910836112 1.3699529 196
1741910836867 1.3370125 197
1741910837620 1.302866 198
1741910838379 1.2868752 199
1741910839237 1.2715609 200
1741910840007 1.252002 201
1741910840766 1.251708 202
1741910841526 1.2394075 203
1741910842290 1.2745837 204
1741910843052 1.3012207 205
1741910843810 1.3035932 206
1741910844586 1.4006429 207
1741910845363 1.4719474 208
1741910846122 1.4853464 209
1741910846876 1.4627342 210
1741910847641 1.4333539 211
1741910848410 1.402542 212
1741910849163 1.3836892 213
1741910849926 1.3846251 214
1741910850680 1.3916068 215
1741910851429 1.3942524 216
1741910852195 1.3988737 217
1741910852950 1.3973833 218
1741910853714 1.397656 219
1741910854480 1.3791552 220
1741910855243 1.4008698 221
1741910855996 1.4163103 222
1741910856746 1.3831446 223
1741910857500 1.3592079 224
1741910858257 1.3423717 225
1741910859010 1.3257282 226
1741910859760 1.3023417 227
1741910860516 1.2914327 228
1741910861278 1.2844158 229
1741910862039 1.24948 230
1741910862799 1.2641277 231
1741910863553 1.329499 232
1741910864344 1.3323704 233
1741910865130 1.3295205 234
1741910865914 1.3666289 235
1741910866709 1.412914 236
1741910867493 1.3710774 237
1741910868242 1.3543673 238
1741910868998 1.3677835 239
1741910869762 1.3831987 240
1741910870525 1.4049329 241
1741910871282 1.4617505 242
1741910872028 1.4815552 243
1741910872784 1.4393142 244
1741910873543 1.4118128 245
1741910874294 1.3598897 246
1741910875050 1.3214235 247
1741910875809 1.3012121 248
1741910876572 1.2830695 249
1741910877340 1.2979307 250
1741910878084 1.3231587 251
1741910878836 1.4009743 252
1741910879598 1.3927952 253
1741910880360 1.3503914 254
1741910881114 1.32868 255
1741910881873 1.3363433 256
1741910882628 1.3435245 257
1741910883383 1.3560162 258
1741910884142 1.3788481 259
1741910884908 1.3792799 260
1741910885674 1.3689783 261
1741910886426 1.3628693 262
1741910887180 1.3293762 263
1741910887932 1.2931526 264
1741910888689 1.2867491 265
1741910889433 1.2795752 266
1741910890191 1.2579982 267
1741910890946 1.2846868 268
1741910891709 1.3833072 269
1741910892466 1.401154 270
1741910893221 1.4333563 271
1741910893978 1.429394 272
1741910894734 1.4071755 273
1741910895490 1.3963184 274
1741910896253 1.3945028 275
1741910897008 1.4010589 276
1741910897765 1.4049089 277
1741910898522 1.3818698 278
1741910899277 1.3593774 279
1741910900023 1.3464258 280
1741910900779 1.3396944 281
1741910901539 1.3738364 282
1741910902285 1.3982465 283
1741910903036 1.3830829 284
1741910903787 1.3477826 285
1741910904548 1.3397801 286
1741910905297 1.3313298 287
1741910906046 1.3311385 288
1741910906796 1.3476121 289
1741910907558 1.3865589 290
1741910908306 1.3403819 291
1741910909060 1.3280245 292
1741910909814 1.3369625 293
1741910910578 1.3830304 294
1741910911340 1.4087152 295
1741910912099 1.4151566 296
1741910912865 1.3838149 297
1741910913636 1.3456715 298
1741910914398 1.3210238 299
1741910915264 1.3088402 300
1741910916017 1.2880131 301
1741910916777 1.2567674 302
1741910917544 1.250907 303
1741910918303 1.2781979 304
1741910919065 1.2357085 305
1741910919824 1.193325 306
1741910920579 1.1667677 307
1741910921330 1.2038537 308
1741910922086 1.2076933 309
1741910922843 1.2388899 310
1741910923594 1.2924533 311
1741910924337 1.2837272 312
1741910925105 1.2569392 313
1741910925862 1.2808269 314
1741910926615 1.2756906 315
1741910927373 1.3270749 316
1741910928133 1.4252541 317
1741910928899 1.3623743 318
1741910929656 1.3270724 319
1741910930407 1.2650614 320
1741910931174 1.2351742 321
1741910931936 1.2434237 322
1741910932696 1.2313461 323
1741910933453 1.2572203 324
1741910934204 1.3219693 325
1741910934972 1.3289087 326
1741910935722 1.4418806 327
1741910936479 1.5120769 328
1741910937237 1.4681932 329
1741910937991 1.4045498 330
1741910938752 1.3287635 331
1741910939511 1.27672 332
1741910940272 1.2773429 333
1741910941033 1.2814422 334
1741910941788 1.278176 335
1741910942550 1.2774581 336
1741910943300 1.2791629 337
1741910944048 1.277508 338
1741910944785 1.3078179 339
1741910945533 1.3324432 340
1741910946286 1.3044894 341
1741910947035 1.2657208 342
1741910947790 1.2303948 343
1741910948551 1.2041068 344
1741910949307 1.1898017 345
1741910950067 1.2134898 346
1741910950811 1.2241244 347
1741910951562 1.2562714 348
1741910952316 1.272164 349
1741910953066 1.2749728 350
1741910953828 1.2764114 351
1741910954586 1.2764282 352
1741910955339 1.2866936 353
1741910956105 1.2620046 354
1741910956909 1.2282066 355
1741910957679 1.1744123 356
1741910958447 1.1664865 357
1741910959215 1.1786084 358
1741910959986 1.2102385 359
1741910960737 1.3068215 360
1741910961497 1.3068504 361
1741910962256 1.3107553 362
1741910963010 1.2650102 363
1741910963761 1.2150028 364
1741910964519 1.1682914 365
1741910965288 1.1417128 366
1741910966043 1.1425375 367
1741910966796 1.1708777 368
1741910967554 1.160115 369
1741910968316 1.1189926 370
1741910969075 1.0985855 371
1741910969832 1.1914878 372
1741910970602 1.2305615 373
1741910971356 1.218214 374
1741910972116 1.2465811 375
1741910972872 1.282497 376
1741910973628 1.3397043 377
1741910974390 1.3887594 378
1741910975154 1.4277196 379
1741910975915 1.4628997 380
1741910976668 1.4300747 381
1741910977432 1.3758748 382
1741910978193 1.3136568 383
1741910978944 1.2569423 384
1741910979699 1.2233713 385
1741910980440 1.2102811 386
1741910981199 1.2079066 387
1741910981951 1.1899891 388
1741910982710 1.1805202 389
1741910983467 1.1642566 390
1741910984217 1.1649367 391
1741910984970 1.1555961 392
1741910985727 1.1370054 393
1741910986472 1.1605031 394
1741910987231 1.2045933 395
1741910987975 1.2368879 396
1741910988736 1.335583 397
1741910989494 1.3015382 398
1741910990256 1.2873288 399
1741910991096 1.2708299 400
1741910991851 1.314399 401
1741910992622 1.3456872 402
1741910993394 1.2953874 403
1741910994149 1.2134609 404
1741910994912 1.1698798 405
1741910995677 1.138778 406
1741910996442 1.0986516 407
1741910997206 1.0797193 408
1741910997957 1.0524484 409
1741910998707 1.0556893 410
1741910999483 1.0859666 411
1741911000247 1.2489085 412
1741911001002 1.3014894 413
1741911001754 1.3661275 414
1741911002526 1.428366 415
1741911003285 1.4766104 416
1741911004037 1.4662104 417
1741911004787 1.4316087 418
1741911005543 1.3873639 419
1741911006302 1.346863 420
1741911007053 1.3319286 421
1741911007816 1.329386 422
1741911008571 1.3203008 423
1741911009341 1.2959554 424
1741911010100 1.2877924 425
1741911010865 1.2757273 426
1741911011623 1.2421505 427
1741911012381 1.1916702 428
1741911013129 1.1976943 429
1741911013881 1.1759927 430
1741911014631 1.1729736 431
1741911015377 1.1600878 432
1741911016134 1.2407627 433
1741911016897 1.3650726 434
1741911017654 1.447769 435
1741911018417 1.4841635 436
1741911019163 1.4495388 437
1741911019926 1.42892 438
1741911020683 1.4199884 439
1741911021442 1.3944407 440
1741911022201 1.3769743 441
1741911022959 1.3596221 442
1741911023719 1.325894 443
1741911024476 1.3021717 444
1741911025223 1.2918859 445
1741911025991 1.2708282 446
1741911026745 1.2368336 447
1741911027504 1.2336035 448
1741911028263 1.2353653 449
1741911029026 1.2852368 450
1741911029781 1.4335623 451
1741911030540 1.4720551 452
1741911031300 1.463019 453
1741911032053 1.4652221 454
1741911032805 1.437432 455
1741911033561 1.4222381 456
1741911034331 1.4025497 457
1741911035089 1.3795235 458
1741911035845 1.4159269 459
1741911036590 1.4554515 460
1741911037389 1.42392 461
1741911038271 1.397594 462
1741911039095 1.3571826 463
1741911039858 1.3453004 464
1741911040622 1.3507125 465
1741911041374 1.3597336 466
1741911042119 1.3498068 467
1741911042870 1.3293045 468
1741911043630 1.3204637 469
1741911044393 1.3370869 470
1741911045148 1.3470582 471
1741911045909 1.3522766 472
1741911046674 1.3663976 473
1741911047441 1.3706157 474
1741911048199 1.3692112 475
1741911048948 1.3739873 476
1741911049698 1.3818748 477
1741911050458 1.3614334 478
1741911051241 1.3547716 479
1741911052014 1.3443172 480
1741911052782 1.3314968 481
1741911053536 1.3413774 482
1741911054299 1.3294121 483
1741911055043 1.3249958 484
1741911055788 1.3200583 485
1741911056538 1.3214173 486
1741911057303 1.3064044 487
1741911058053 1.2975386 488
1741911058812 1.2840719 489
1741911059557 1.2925787 490
1741911060306 1.3135729 491
1741911061061 1.3673608 492
1741911061825 1.4049022 493
1741911062576 1.4102633 494
1741911063332 1.3979809 495
1741911064087 1.3758664 496
1741911064848 1.3500466 497
1741911065605 1.3296976 498
1741911066366 1.3070099 499
1741911067209 1.3085431 500
1741911067978 1.3125609 501
1741911068737 1.3145595 502
1741911069488 1.3308522 503
1741911070235 1.3447962 504
1741911070995 1.3260846 505
1741911071758 1.326561 506
1741911072517 1.3083074 507
1741911073266 1.308343 508
1741911074025 1.3319166 509
1741911074792 1.3546426 510
1741911075553 1.362385 511
1741911076306 1.3795338 512
1741911077066 1.384258 513
1741911077826 1.3742199 514
1741911078587 1.3669903 515
1741911079333 1.3558404 516
1741911080085 1.3454025 517
1741911080851 1.3305078 518
1741911081602 1.3328338 519
1741911082362 1.3433003 520
1741911083121 1.351022 521
1741911083882 1.3518612 522
1741911084640 1.3634014 523
1741911085395 1.3641771 524
1741911086149 1.3564066 525
1741911086898 1.3418214 526
1741911087653 1.3379316 527
1741911088405 1.3282324 528
1741911089171 1.3311257 529
1741911089924 1.3372977 530
1741911090686 1.3289781 531
1741911091455 1.3148675 532
1741911092223 1.2913378 533
1741911092989 1.2969338 534
1741911093749 1.3241771 535
1741911094508 1.3494285 536
1741911095267 1.3951876 537
1741911096029 1.4015179 538
1741911096788 1.4011393 539
1741911097550 1.4135141 540
1741911098319 1.3859825 541
1741911099074 1.3624462 542
1741911099839 1.3275375 543
1741911100594 1.3135253 544
1741911101374 1.3181036 545
1741911102141 1.3191127 546
1741911102905 1.3141501 547
1741911103671 1.3091761 548
1741911104435 1.315083 549
1741911105206 1.3130398 550
1741911105972 1.3348372 551
1741911106736 1.3443565 552
1741911107496 1.340277 553
1741911108248 1.3505386 554
1741911109013 1.321985 555
1741911109772 1.2864926 556
1741911110532 1.2784171 557
1741911111286 1.2929239 558
1741911112033 1.2772686 559
1741911112786 1.2642912 560
1741911113537 1.2596569 561
1741911114302 1.2665076 562
1741911115056 1.2731931 563
1741911115807 1.2797604 564
1741911116553 1.2903812 565
1741911117311 1.296743 566
1741911118066 1.2677062 567
1741911118820 1.2750735 568
1741911119572 1.3120717 569
1741911120330 1.3937051 570
1741911121082 1.4060879 571
1741911121859 1.407982 572
1741911122621 1.4245015 573
1741911124083 1.420093 0
1741911124825 1.421738 1
1741911125586 1.4160334 2
1741911126341 1.3898231 3
1741911127107 1.3746126 4
1741911127857 1.3522564 5
1741911128606 1.344017 6
1741911129358 1.3417802 7
1741911130108 1.3370159 8
1741911130867 1.3516034 9
1741911131623 1.355276 10
1741911132373 1.3564327 11
1741911133120 1.3414583 12
1741911133888 1.3059721 13
1741911134643 1.2864659 14
1741911135399 1.2701154 15
1741911136152 1.2732894 16
1741911136915 1.2765656 17
1741911137662 1.2803254 18
1741911138414 1.2938626 19
1741911139174 1.2928252 20
1741911139937 1.3132164 21
1741911140697 1.3065583 22
1741911141461 1.3185124 23
1741911142221 1.3766268 24
1741911142977 1.3972013 25
1741911143831 1.3846021 26
1741911144592 1.3769321 27
1741911145347 1.3857844 28
1741911146101 1.3980405 29
1741911146843 1.3795469 30
1741911147606 1.3508186 31
1741911148360 1.3390129 32
1741911149110 1.3380625 33
1741911149850 1.3137126 34
1741911150612 1.2777479 35
1741911151365 1.2584479 36
1741911152120 1.2637017 37
1741911152877 1.3002653 38
1741911153629 1.3045135 39
1741911154386 1.3253703 40
1741911155143 1.3405085 41
1741911155906 1.3423591 42
1741911156658 1.3288386 43
1741911157422 1.2868171 44
1741911158176 1.2314522 45
1741911158930 1.1970781 46
1741911159688 1.2615434 47
1741911160453 1.3591275 48
1741911161206 1.3790653 49
1741911161961 1.3569777 50
1741911162729 1.3153878 51
1741911163489 1.2692418 52
1741911164247 1.2441137 53
1741911165002 1.2238772 54
1741911165769 1.2125628 55
1741911166540 1.2663865 56
1741911167291 1.3440571 57
1741911168042 1.3830198 58
1741911168792 1.4581048 59
1741911169555 1.5015504 60
1741911170304 1.4407098 61
1741911171047 1.3789251 62
1741911171807 1.3038747 63
1741911172574 1.2236598 64
1741911173330 1.1903174 65
1741911174084 1.203088 66
1741911174835 1.2300289 67
1741911175608 1.2284602 68
1741911176362 1.220639 69
1741911177118 1.2508113 70
1741911177873 1.3087434 71
1741911178636 1.3529992 72
1741911179391 1.3203475 73
1741911180135 1.2903655 74
1741911180890 1.2789166 75
1741911181654 1.257618 76
1741911182403 1.2396321 77
1741911183154 1.2207348 78
1741911183909 1.18205 79
1741911184670 1.1644571 80
1741911185416 1.1387614 81
1741911186159 1.1316342 82
1741911186912 1.2337108 83
1741911187664 1.3729103 84
1741911188409 1.3965907 85
1741911189155 1.4105474 86
1741911189905 1.4477012 87
1741911190662 1.4503558 88
1741911191413 1.4056482 89
1741911192157 1.3480394 90
1741911192917 1.3012574 91
1741911193666 1.2549987 92
1741911194417 1.2217143 93
1741911195173 1.225239 94
1741911195927 1.1893659 95
1741911196675 1.1793373 96
1741911197433 1.1551185 97
1741911198191 1.1798106 98
1741911198943 1.194475 99
1741911199691 1.216506 100
1741911200440 1.2536125 101
1741911201192 1.2780724 102
1741911201942 1.3508369 103
1741911202690 1.3757277 104
1741911203441 1.3810183 105
1741911204192 1.3795087 106
1741911204941 1.3389871 107
1741911205689 1.3285984 108
1741911206450 1.3316891 109
1741911207196 1.3539062 110
1741911207937 1.3546001 111
1741911208686 1.3389094 112
1741911209440 1.2931542 113
1741911210196 1.2602999 114
1741911210939 1.2137642 115
1741911211694 1.177454 116
1741911212452 1.1747774 117
1741911213195 1.1881998 118
1741911213954 1.2104145 119
1741911214708 1.2140412 120
1741911215459 1.2053068 121
1741911216214 1.2311151 122
1741911216972 1.2814767 123
1741911217731 1.3167341 124
1741911218470 1.3725014 125
1741911219311 1.3809114 126
1741911220068 1.3520277 127
1741911220821 1.2983177 128
1741911221572 1.2696688 129
1741911222331 1.2622527 130
1741911223087 1.2849733 131
1741911223845 1.2887809 132
1741911224600 1.2933433 133
1741911225365 1.2910669 134
1741911226115 1.2774582 135
1741911226873 1.272218 136
1741911227624 1.2924498 137
1741911228384 1.2924416 138
1741911229134 1.218451 139
1741911229887 1.1941532 140
1741911230632 1.172454 141
1741911231388 1.1486132 142
1741911232142 1.1055968 143
1741911232892 1.1030536 144
1741911233654 1.1159421 145
1741911234416 1.1727829 146
1741911235185 1.2090628 147
1741911235938 1.1952474 148
1741911236699 1.2150102 149
1741911237462 1.2757485 150
1741911238223 1.3644779 151
1741911238976 1.334995 152
1741911239740 1.3096256 153
1741911240495 1.254074 154
1741911241252 1.1875787 155
1741911242009 1.1568199 156
1741911242772 1.1814857 157
1741911243531 1.2454523 158
1741911244294 1.2523241 159
1741911245054 1.3116605 160
1741911245819 1.3551958 161
1741911246579 1.3677541 162
1741911247328 1.3454142 163
1741911248080 1.3384721 164
1741911248839 1.3457999 165
1741911249588 1.364887 166
1741911250354 1.3384323 167
1741911251107 1.315567 168
1741911251861 1.2962694 169
1741911252607 1.2794924 170
1741911253361 1.2767487 171
1741911254126 1.2510349 172
1741911254886 1.2619896 173
1741911255647 1.2545041 174
1741911256399 1.256455 175
1741911257161 1.2537031 176
1741911257916 1.2834965 177
1741911258662 1.3028119 178
1741911259414 1.3171967 179
1741911260172 1.3328288 180
1741911260925 1.3076937 181
1741911261683 1.2945449 182
1741911262442 1.2783134 183
1741911263191 1.2363756 184
1741911263940 1.1766481 185
1741911264682 1.1493975 186
1741911265445 1.178155 187
1741911266194 1.2210122 188
1741911266957 1.2775719 189
1741911267707 1.2862005 190
1741911268460 1.2511026 191
1741911269215 1.2422755 192
1741911269976 1.2400935 193
1741911270731 1.2422156 194
1741911271499 1.2803657 195
1741911272255 1.3117675 196
1741911273006 1.3459084 197
1741911273761 1.3328543 198
1741911274521 1.3381536 199
1741911275273 1.3506349 200
1741911276036 1.3499281 201
1741911276784 1.3050027 202
1741911277531 1.2754352 203
1741911278278 1.2460686 204
1741911279033 1.2052208 205
1741911279790 1.2098148 206
1741911280548 1.2213256 207
1741911281292 1.2232068 208
1741911282033 1.2503877 209
1741911282799 1.2395352 210
1741911283553 1.2591369 211
1741911284301 1.267871 212
1741911285057 1.2699358 213
1741911285809 1.2853363 214
1741911286562 1.30123 215
1741911287314 1.3813499 216
1741911288070 1.3960308 217
1741911288824 1.3664716 218
1741911289576 1.359062 219
1741911290321 1.3733907 220
1741911291072 1.3721429 221
1741911291823 1.3535182 222
1741911292575 1.3156484 223
1741911293329 1.2922221 224
1741911294088 1.3007665 225
1741911294928 1.3362796 226
1741911295681 1.3456848 227
1741911296435 1.3392017 228
1741911297185 1.2994537 229
1741911297936 1.2655267 230
1741911298693 1.2419257 231
1741911299454 1.2757534 232
1741911300220 1.3525959 233
1741911300988 1.3404055 234
1741911301756 1.3207076 235
1741911302514 1.2946923 236
1741911303258 1.2805922 237
1741911304012 1.2108915 238
1741911304755 1.1745098 239
1741911305518 1.1792487 240
1741911306286 1.216623 241
1741911307053 1.301573 242
1741911307799 1.3636806 243
1741911308563 1.3750448 244
1741911309319 1.4017794 245
1741911310088 1.4289007 246
1741911310839 1.4088811 247
1741911311592 1.3548193 248
1741911312340 1.3179319 249
1741911313086 1.328095 250
1741911313842 1.3161514 251
1741911314596 1.2960905 252
1741911315346 1.2968137 253
1741911316104 1.3196232 254
1741911316864 1.3037589 255
1741911317618 1.2987539 256
1741911318366 1.2712572 257
1741911319126 1.2459674 258
1741911319882 1.289176 259
1741911320642 1.3111523 260
1741911321377 1.3217974 261
1741911322134 1.325769 262
1741911322885 1.2819296 263
1741911323633 1.2461972 264
1741911324394 1.2459338 265
1741911325153 1.2399437 266
1741911325907 1.2764657 267
1741911326666 1.3253195 268
1741911327425 1.369217 269
1741911328182 1.4111209 270
1741911328942 1.3661468 271
1741911329693 1.3221928 272
1741911330444 1.3553214 273
1741911331200 1.3903263 274
1741911331977 1.3078313 275
1741911332735 1.2350472 276
1741911333486 1.2241681 277
1741911334244 1.2363958 278
1741911334996 1.2209451 279
1741911335755 1.2216113 280
1741911336499 1.2600399 281
1741911337255 1.290297 282
1741911338028 1.2822101 283
1741911338787 1.2178965 284
1741911339543 1.1769408 285
1741911340307 1.1476607 286
1741911341058 1.1483748 287
1741911341820 1.2291481 288
1741911342573 1.2240858 289
1741911343320 1.2240317 290
1741911344073 1.2681135 291
1741911344825 1.2963983 292
1741911345576 1.3178773 293
1741911346333 1.3197603 294
1741911347093 1.2961633 295
1741911347845 1.2893486 296
1741911348596 1.2638357 297
1741911349355 1.238962 298
1741911350114 1.2531666 299
1741911350871 1.2474313 300
1741911351634 1.2704704 301
1741911352380 1.299107 302
1741911353133 1.3215153 303
1741911353903 1.3354449 304
1741911354654 1.3038876 305
1741911355405 1.2690351 306
1741911356154 1.225935 307
1741911356909 1.2095047 308
1741911357671 1.2011548 309
1741911358426 1.2424204 310
1741911359189 1.2596141 311
1741911359951 1.2568331 312
1741911360717 1.2511377 313
1741911361477 1.2524563 314
1741911362232 1.20554 315
1741911362986 1.1863048 316
1741911363746 1.2065365 317
1741911364501 1.2091892 318
1741911365259 1.2108455 319
1741911366012 1.2280692 320
1741911366767 1.2479208 321
1741911367525 1.2398772 322
1741911368285 1.2379261 323
1741911369042 1.229887 324
1741911369804 1.2246684 325
1741911370645 1.1908185 326
1741911371410 1.1797996 327
1741911372167 1.1536984 328
1741911372923 1.1664152 329
1741911373672 1.1773064 330
1741911374424 1.1669543 331
1741911375186 1.1703237 332
1741911375947 1.1882782 333
1741911376699 1.2429079 334
1741911377448 1.3645328 335
1741911378206 1.3011308 336
1741911378964 1.2181513 337
1741911379708 1.1626654 338
1741911380466 1.133003 339
1741911381214 1.1169066 340
1741911381968 1.1225464 341
1741911382730 1.1651442 342
1741911383490 1.1834965 343
1741911384246 1.2880023 344
1741911385006 1.3290541 345
1741911385766 1.3607037 346
1741911386527 1.3247004 347
1741911387293 1.3243177 348
1741911388039 1.2785583 349
1741911388794 1.272676 350
1741911389545 1.2677497 351
1741911390299 1.2691944 352
1741911391045 1.2210248 353
1741911391799 1.1785433 354
1741911392549 1.1184771 355
1741911393308 1.1018347 356
1741911394053 1.0437443 357
1741911394801 1.0450516 358
1741911395557 1.05082 359
1741911396304 1.1035953 360
1741911397050 1.1395333 361
1741911397802 1.2281027 362
1741911398556 1.4958417 363
1741911399316 1.599652 364
1741911400068 1.5366926 365
1741911400815 1.4988043 366
1741911401569 1.4236834 367
1741911402314 1.3788018 368
1741911403062 1.3171847 369
1741911403822 1.2814045 370
1741911404576 1.250896 371
1741911405321 1.2456689 372
1741911406073 1.2106087 373
1741911406828 1.1813354 374
1741911407584 1.1441108 375
1741911408346 1.1120244 376
1741911409104 1.0856352 377
1741911409854 1.0923097 378
1741911410613 1.0862308 379
1741911411358 1.1321124 380
1741911412113 1.1372136 381
1741911412879 1.1648562 382
1741911413629 1.1438687 383
1741911414387 1.1386595 384
1741911415139 1.2358289 385
1741911415896 1.2919173 386
1741911416663 1.2465194 387
1741911417409 1.1570997 388
1741911418171 1.1254033 389
1741911418918 1.1724906 390
1741911419664 1.1957061 391
1741911420422 1.1930716 392
1741911421171 1.1363256 393
1741911421921 1.0804093 394
1741911422675 1.1268128 395
1741911423441 1.1822212 396
1741911424196 1.2149955 397
1741911424949 1.2739228 398
1741911425702 1.388098 399
1741911426458 1.346856 400
1741911427210 1.2696837 401
1741911427970 1.2276208 402
1741911428726 1.2064075 403
1741911429481 1.2134318 404
1741911430233 1.2236495 405
1741911430994 1.2420692 406
1741911431750 1.2299227 407
1741911432514 1.1941772 408
1741911433266 1.187367 409
1741911434025 1.1953969 410
1741911434792 1.1826534 411
1741911435551 1.1735208 412
1741911436308 1.1487708 413
1741911437066 1.156436 414
1741911437820 1.1735495 415
1741911438582 1.179661 416
1741911439354 1.1643422 417
1741911440109 1.1558962 418
1741911440858 1.1399317 419
1741911441614 1.0953717 420
1741911442364 1.0798222 421
1741911443119 1.0780213 422
1741911443880 1.0944312 423
1741911444638 1.1461189 424
1741911445401 1.1862524 425
1741911446247 1.2204335 426
