1741910689769 4.7920933 0
1741910690531 6.620571 1
1741910691200 8.16927 2
1741910691850 9.579603 3
1741910692492 10.71125 4
1741910693111 11.604911 5
1741910693748 12.3859 6
1741910694372 13.047659 7
1741910695115 13.612168 8
1741910695887 14.088073 9
1741910696541 14.58624 10
1741910697170 14.9969 11
1741910697801 15.279879 12
1741910698433 15.5222435 13
1741910699052 15.778585 14
1741910699678 16.088688 15
1741910700307 16.377232 16
1741910700984 16.71489 17
1741910701717 16.980368 18
1741910702442 17.270384 19
1741910703189 17.511463 20
1741910703917 17.675518 21
1741910704648 17.79834 22
1741910705409 17.9078 23
1741910706162 18.02335 24
1741910706917 18.208002 25
1741910707687 18.477339 26
1741910708452 18.724442 27
1741910709196 18.899286 28
1741910709949 18.99673 29
1741910710692 19.113173 30
1741910711429 19.391127 31
1741910712177 19.633753 32
1741910712922 19.810991 33
1741910713663 19.839222 34
1741910714414 19.734259 35
1741910715155 19.653385 36
1741910715908 19.584805 37
1741910716657 19.590538 38
1741910717402 19.609688 39
1741910718150 19.660336 40
1741910718913 19.706057 41
1741910719669 19.808254 42
1741910720421 20.095098 43
1741910721169 20.32323 44
1741910721923 20.447573 45
1741910722673 20.619493 46
1741910723425 20.673489 47
1741910724166 20.691328 48
1741910724904 20.728819 49
1741910725666 20.893373 50
1741910726428 20.85319 51
1741910727169 20.958279 52
1741910727923 21.064102 53
1741910728679 21.132599 54
1741910729439 21.24064 55
1741910730182 21.339079 56
1741910730937 21.223251 57
1741910731679 20.95571 58
1741910732428 20.703655 59
1741910733165 20.56571 60
1741910733912 20.530132 61
1741910734663 20.460522 62
1741910735405 20.435856 63
1741910736157 20.450945 64
1741910736914 20.425247 65
1741910737658 20.44114 66
1741910738408 20.53308 67
1741910739154 20.59822 68
1741910739898 20.691378 69
1741910740648 20.821802 70
1741910741401 20.855963 71
1741910742151 20.924747 72
1741910742903 20.727566 73
1741910743647 20.443203 74
1741910744404 20.203167 75
1741910745161 20.08125 76
1741910745911 20.052225 77
1741910746650 20.043758 78
1741910747399 20.094727 79
1741910748150 20.117884 80
1741910748900 20.064234 81
1741910749659 19.957174 82
1741910750397 19.78996 83
1741910751151 19.729856 84
1741910751905 19.789728 85
1741910752650 19.89703 86
1741910753425 20.054335 87
1741910754185 20.28912 88
1741910754965 20.587994 89
1741910755724 20.881327 90
1741910756471 20.961836 91
1741910757231 21.024223 92
1741910757985 20.906229 93
1741910758768 20.715378 94
1741910759531 20.43253 95
1741910760287 20.24435 96
1741910761041 20.04606 97
1741910761807 19.917204 98
1741910762553 20.000572 99
1741910763499 20.182386 100
1741910764253 20.500479 101
1741910765011 20.80414 102
1741910765768 21.046621 103
1741910766520 21.177065 104
1741910767274 21.183449 105
1741910768024 21.09692 106
1741910768782 20.993874 107
1741910769542 20.750116 108
1741910770288 20.422306 109
1741910771046 20.231604 110
1741910771792 20.057688 111
1741910772549 19.891928 112
1741910773306 19.76843 113
1741910774063 19.740208 114
1741910774822 19.732006 115
1741910775574 19.815294 116
1741910776342 19.969397 117
1741910777102 20.133722 118
1741910777861 20.318642 119
1741910778614 20.455463 120
1741910779355 20.436756 121
1741910780116 20.209036 122
1741910780874 19.942345 123
1741910781619 19.617903 124
1741910782364 19.247248 125
1741910783121 19.002285 126
1741910783891 18.905472 127
1741910784654 18.847416 128
1741910785406 18.849648 129
1741910786154 18.89732 130
1741910786908 18.885841 131
1741910787652 18.843855 132
1741910788403 18.79581 133
1741910789177 18.793522 134
1741910789945 18.930685 135
1741910790704 19.137012 136
1741910791477 19.389782 137
1741910792235 19.698086 138
1741910793001 19.955563 139
1741910793766 20.260849 140
1741910794521 20.401846 141
1741910795285 20.521906 142
1741910796039 20.55474 143
1741910796785 20.49082 144
1741910797531 20.237299 145
1741910798276 20.013626 146
1741910799041 19.664854 147
1741910799791 19.294884 148
1741910800547 19.06042 149
1741910801306 18.905619 150
1741910802069 18.82988 151
1741910802825 18.851727 152
1741910803585 18.919403 153
1741910804340 18.991528 154
1741910805099 19.05488 155
1741910805851 19.084541 156
1741910806596 19.10633 157
1741910807355 19.069193 158
1741910808122 19.029545 159
1741910808880 19.024231 160
1741910809628 19.083187 161
1741910810377 19.166925 162
1741910811144 19.26913 163
1741910811900 19.239412 164
1741910812657 19.162533 165
1741910813408 19.034786 166
1741910814175 18.968273 167
1741910814939 18.973824 168
1741910815683 18.91821 169
1741910816431 18.882902 170
1741910817185 18.888815 171
1741910817943 18.933668 172
1741910818694 18.965933 173
1741910819444 18.969995 174
1741910820201 19.02117 175
1741910820962 19.122404 176
1741910821710 19.188437 177
1741910822458 19.223166 178
1741910823212 19.29828 179
1741910823971 19.474703 180
1741910824730 19.57731 181
1741910825506 19.699362 182
1741910826263 19.790358 183
1741910827025 19.807314 184
1741910827776 19.8338 185
1741910828534 19.883 186
1741910829290 19.911373 187
1741910830052 19.986223 188
1741910830817 20.110704 189
1741910831566 20.287846 190
1741910832326 20.484697 191
1741910833086 20.670578 192
1741910833843 20.584385 193
1741910834588 20.43807 194
1741910835345 20.2283 195
1741910836114 20.219273 196
1741910836870 20.421806 197
1741910837621 20.713585 198
1741910838380 20.972218 199
1741910839239 21.385649 200
1741910840009 21.936699 201
1741910840768 22.46251 202
1741910841528 23.15982 203
1741910842291 23.767248 204
1741910843054 24.289461 205
1741910843811 24.733023 206
1741910844587 24.799368 207
1741910845365 24.789915 208
1741910846124 24.634745 209
1741910846877 24.429815 210
1741910847642 24.23578 211
1741910848411 24.063383 212
1741910849164 23.908747 213
1741910849927 23.759205 214
1741910850684 23.597149 215
1741910851430 23.447636 216
1741910852196 23.28119 217
1741910852952 23.100706 218
1741910853715 22.94711 219
1741910854481 22.862759 220
1741910855245 22.80398 221
1741910855997 22.828482 222
1741910856748 22.977934 223
1741910857501 23.076786 224
1741910858258 23.205267 225
1741910859011 23.479788 226
1741910859761 23.880413 227
1741910860518 24.315605 228
1741910861281 24.711641 229
1741910862041 25.219809 230
1741910862800 25.714958 231
1741910863555 25.925695 232
1741910864346 26.170761 233
1741910865133 26.515999 234
1741910865917 26.684608 235
1741910866710 26.758518 236
1741910867495 26.81208 237
1741910868245 26.79702 238
1741910868999 26.961845 239
1741910869764 27.007105 240
1741910870526 27.07548 241
1741910871283 27.05286 242
1741910872029 26.827297 243
1741910872786 26.560617 244
1741910873545 26.328983 245
1741910874295 26.310106 246
1741910875051 26.248634 247
1741910875811 26.249008 248
1741910876574 26.438358 249
1741910877342 26.680702 250
1741910878085 26.862099 251
1741910878837 26.869408 252
1741910879601 26.821898 253
1741910880362 26.917496 254
1741910881116 27.075739 255
1741910881874 27.199844 256
1741910882629 27.303354 257
1741910883385 27.330685 258
1741910884143 27.330334 259
1741910884910 27.516657 260
1741910885676 27.710346 261
1741910886427 27.86608 262
1741910887181 28.034739 263
1741910887935 28.281403 264
1741910888691 28.472347 265
1741910889435 28.706799 266
1741910890192 29.019901 267
1741910890948 29.180117 268
1741910891710 29.179392 269
1741910892467 29.212221 270
1741910893223 28.977573 271
1741910893979 28.751717 272
1741910894736 28.617008 273
1741910895492 28.419006 274
1741910896254 28.236029 275
1741910897010 28.13274 276
1741910897767 28.09383 277
1741910898524 28.110102 278
1741910899279 28.239054 279
1741910900025 28.433392 280
1741910900781 28.605165 281
1741910901540 28.620586 282
1741910902286 28.545834 283
1741910903037 28.472086 284
1741910903789 28.430056 285
1741910904549 28.267492 286
1741910905298 28.22125 287
1741910906047 28.164566 288
1741910906799 28.00978 289
1741910907560 27.809132 290
1741910908308 27.803509 291
1741910909061 27.741556 292
1741910909816 27.772322 293
1741910910579 27.699633 294
1741910911341 27.552992 295
1741910912100 27.4181 296
1741910912866 27.387796 297
1741910913637 27.476292 298
1741910914399 27.709164 299
1741910915265 27.951982 300
1741910916020 28.262453 301
1741910916779 28.621511 302
1741910917546 28.998243 303
1741910918304 29.300707 304
1741910919067 29.848356 305
1741910919826 30.425985 306
1741910920581 31.079329 307
1741910921332 31.727402 308
1741910922088 32.510044 309
1741910922845 32.950638 310
1741910923596 33.26337 311
1741910924339 33.646275 312
1741910925107 33.906925 313
1741910925863 33.959866 314
1741910926616 34.098133 315
1741910927374 34.01435 316
1741910928134 33.763588 317
1741910928900 33.69722 318
1741910929657 33.53349 319
1741910930409 33.82974 320
1741910931176 34.293407 321
1741910931938 34.66751 322
1741910932698 35.220734 323
1741910933455 35.847725 324
1741910934206 35.934937 325
1741910934974 36.62248 326
1741910935723 36.15658 327
1741910936481 35.828617 328
1741910937238 35.319237 329
1741910937993 34.668922 330
1741910938753 34.419907 331
1741910939514 34.401268 332
1741910940274 34.26212 333
1741910941035 34.154156 334
1741910941791 34.141922 335
1741910942552 34.026352 336
1741910943302 33.94459 337
1741910944049 33.882397 338
1741910944786 33.749004 339
1741910945534 33.588177 340
1741910946288 33.566093 341
1741910947037 33.650887 342
1741910947791 33.86361 343
1741910948553 34.13611 344
1741910949308 34.467922 345
1741910950069 34.676395 346
1741910950812 34.844387 347
1741910951565 34.8563 348
1741910952318 34.76862 349
1741910953067 34.596756 350
1741910953829 34.380325 351
1741910954588 34.224438 352
1741910955340 34.045742 353
1741910956107 33.959534 354
1741910956910 34.02478 355
1741910957680 34.249615 356
1741910958448 34.37028 357
1741910959217 34.548504 358
1741910959987 34.605858 359
1741910960738 34.25913 360
1741910961499 34.169365 361
1741910962257 33.982765 362
1741910963012 33.97615 363
1741910963762 34.166637 364
1741910964521 34.48628 365
1741910965289 34.771416 366
1741910966045 35.03578 367
1741910966798 35.305073 368
1741910967556 35.55414 369
1741910968318 35.84396 370
1741910969076 36.1423 371
1741910969835 36.190098 372
1741910970604 36.23569 373
1741910971358 36.163963 374
1741910972118 36.045403 375
1741910972874 36.013145 376
1741910973630 35.888622 377
1741910974391 35.61515 378
1741910975155 35.313618 379
1741910975917 34.935673 380
1741910976670 34.67198 381
1741910977434 34.45508 382
1741910978194 34.36873 383
1741910978946 34.42497 384
1741910979700 34.579987 385
1741910980441 34.78938 386
1741910981202 35.038895 387
1741910981953 35.409885 388
1741910982712 35.693405 389
1741910983468 35.97363 390
1741910984219 36.216175 391
1741910984971 36.463223 392
1741910985729 36.81068 393
1741910986474 37.03782 394
1741910987232 37.044613 395
1741910987977 36.8096 396
1741910988738 36.484478 397
1741910989495 36.42558 398
1741910990257 36.32805 399
1741910991097 36.469032 400
1741910991852 36.620697 401
1741910992624 36.68816 402
1741910993395 36.850624 403
1741910994151 37.23964 404
1741910994913 37.61661 405
1741910995678 38.138985 406
1741910996444 38.705044 407
1741910997207 39.210854 408
1741910997958 39.821728 409
1741910998709 40.435734 410
1741910999484 41.005596 411
1741911000248 41.105816 412
1741911001004 41.152554 413
1741911001756 40.559242 414
1741911002527 40.06412 415
1741911003286 39.512512 416
1741911004039 38.944523 417
1741911004788 38.46627 418
1741911005545 38.100536 419
1741911006304 37.763626 420
1741911007056 37.55462 421
1741911007818 37.37692 422
1741911008573 37.233513 423
1741911009343 37.24612 424
1741911010102 37.25342 425
1741911010867 37.2839 426
1741911011624 37.367935 427
1741911012383 37.639668 428
1741911013131 37.795624 429
1741911013882 38.118122 430
1741911014633 38.3502 431
1741911015379 38.58652 432
1741911016136 38.587482 433
1741911016899 38.211292 434
1741911017656 37.79185 435
1741911018418 37.253914 436
1741911019166 36.79637 437
1741911019927 36.405106 438
1741911020684 35.978886 439
1741911021445 35.546513 440
1741911022202 35.17572 441
1741911022961 34.931004 442
1741911023721 34.887424 443
1741911024478 34.871807 444
1741911025224 34.862537 445
1741911025992 34.970818 446
1741911026747 35.151497 447
1741911027506 35.279057 448
1741911028265 35.376972 449
1741911029029 35.28751 450
1741911029782 34.748253 451
1741911030542 34.199295 452
1741911031302 33.6139 453
1741911032054 32.981277 454
1741911032806 32.532104 455
1741911033563 32.120285 456
1741911034333 31.709846 457
1741911035090 31.426765 458
1741911035846 31.083113 459
1741911036592 30.708261 460
1741911037391 30.485348 461
1741911038273 30.235676 462
1741911039096 30.104675 463
1741911039860 30.016502 464
1741911040624 29.867249 465
1741911041376 29.672201 466
1741911042121 29.594425 467
1741911042871 29.589108 468
1741911043632 29.588547 469
1741911044396 29.536629 470
1741911045150 29.4381 471
1741911045911 29.356213 472
1741911046676 29.20157 473
1741911047443 28.98631 474
1741911048200 28.766605 475
1741911048950 28.501734 476
1741911049699 28.204863 477
1741911050460 28.002304 478
1741911051242 27.765104 479
1741911052016 27.620457 480
1741911052784 27.492664 481
1741911053538 27.314358 482
1741911054300 27.251059 483
1741911055045 27.171906 484
1741911055790 27.099094 485
1741911056540 27.077087 486
1741911057305 27.04779 487
1741911058055 27.033596 488
1741911058813 27.087563 489
1741911059559 27.0875 490
1741911060308 27.07263 491
1741911061062 26.85069 492
1741911061827 26.600533 493
1741911062578 26.330467 494
1741911063334 26.070074 495
1741911064089 25.924007 496
1741911064850 25.883015 497
1741911065606 25.847424 498
1741911066367 25.86369 499
1741911067211 25.822515 500
1741911067980 25.71687 501
1741911068738 25.59891 502
1741911069489 25.443682 503
1741911070236 25.212564 504
1741911070996 25.078445 505
1741911071761 24.86085 506
1741911072518 24.68527 507
1741911073268 24.722702 508
1741911074026 24.614773 509
1741911074794 24.458696 510
1741911075555 24.341839 511
1741911076307 24.187067 512
1741911077068 24.001537 513
1741911077827 23.824476 514
1741911078588 23.659563 515
1741911079334 23.478462 516
1741911080087 23.291367 517
1741911080852 23.174824 518
1741911081604 23.050177 519
1741911082363 22.93265 520
1741911083122 22.817198 521
1741911083883 22.7328 522
1741911084642 22.678545 523
1741911085396 22.635992 524
1741911086151 22.574774 525
1741911086899 22.56893 526
1741911087654 22.60035 527
1741911088407 22.707428 528
1741911089172 22.660973 529
1741911089926 22.649685 530
1741911090687 22.563896 531
1741911091457 22.5222 532
1741911092224 22.594515 533
1741911092991 22.622536 534
1741911093751 22.62727 535
1741911094510 22.571993 536
1741911095268 22.396189 537
1741911096030 22.187527 538
1741911096789 22.091463 539
1741911097551 21.88138 540
1741911098320 21.728277 541
1741911099075 21.669315 542
1741911099840 21.729195 543
1741911100596 21.747732 544
1741911101375 21.780962 545
1741911102143 21.769896 546
1741911102907 21.72962 547
1741911103672 21.660854 548
1741911104437 21.594694 549
1741911105208 21.591738 550
1741911105973 21.491573 551
1741911106738 21.461597 552
1741911107497 21.37233 553
1741911108249 21.371548 554
1741911109015 21.678728 555
1741911109773 22.038193 556
1741911110533 22.438133 557
1741911111288 22.702518 558
1741911112034 22.986176 559
1741911112787 23.072044 560
1741911113538 23.261572 561
1741911114303 23.40683 562
1741911115058 23.658049 563
1741911115808 23.888983 564
1741911116554 24.02166 565
1741911117313 24.200497 566
1741911118069 24.375475 567
1741911118821 24.621645 568
1741911119574 24.610874 569
1741911120331 24.626219 570
1741911121084 24.264479 571
1741911121861 24.284893 572
1741911122622 23.80583 573
1741911124085 23.575161 0
1741911124827 23.391243 1
1741911125587 23.211342 2
1741911126343 23.185368 3
1741911127109 23.226917 4
1741911127859 23.287502 5
1741911128608 23.434958 6
1741911129359 23.456287 7
1741911130110 23.468779 8
1741911130869 23.381098 9
1741911131625 23.295338 10
1741911132375 23.24614 11
1741911133121 23.28098 12
1741911133890 23.372938 13
1741911134645 23.545286 14
1741911135402 23.752092 15
1741911136154 23.882723 16
1741911136917 23.996433 17
1741911137664 24.134865 18
1741911138415 24.21313 19
1741911139176 24.514973 20
1741911139939 24.554888 21
1741911140698 24.724653 22
1741911141463 24.81424 23
1741911142223 24.675573 24
1741911142978 24.767694 25
1741911143833 24.806152 26
1741911144593 24.93578 27
1741911145348 24.984484 28
1741911146102 24.897858 29
1741911146845 25.024313 30
1741911147608 25.167046 31
1741911148362 25.349743 32
1741911149111 25.48814 33
1741911149851 25.61815 34
1741911150614 25.920025 35
1741911151367 26.059256 36
1741911152121 26.591135 37
1741911152880 26.397488 38
1741911153631 26.77667 39
1741911154387 26.469028 40
1741911155145 26.367891 41
1741911155908 26.34851 42
1741911156660 26.318335 43
1741911157423 26.687681 44
1741911158178 27.280304 45
1741911158931 27.845657 46
1741911159690 28.068636 47
1741911160454 28.040066 48
1741911161208 27.96235 49
1741911161964 27.90878 50
1741911162731 28.08915 51
1741911163490 28.27182 52
1741911164249 28.539867 53
1741911165003 28.829905 54
1741911165771 29.085655 55
1741911166541 29.293718 56
1741911167292 29.235115 57
1741911168043 29.384418 58
1741911168794 28.943562 59
1741911169557 29.13731 60
1741911170305 28.815855 61
1741911171048 29.044619 62
1741911171809 29.487396 63
1741911172576 29.883932 64
1741911173331 30.396553 65
1741911174086 30.713293 66
1741911174836 30.988914 67
1741911175609 31.236559 68
1741911176363 31.355171 69
1741911177119 31.624744 70
1741911177876 31.667828 71
1741911178637 31.734509 72
1741911179392 31.874775 73
1741911180138 32.06824 74
1741911180891 32.30082 75
1741911181655 32.541695 76
1741911182405 32.881123 77
1741911183155 33.171307 78
1741911183911 33.784298 79
1741911184672 33.770584 80
1741911185418 34.259377 81
1741911186160 34.40926 82
1741911186912 34.54009 83
1741911187666 34.27978 84
1741911188413 34.182404 85
1741911189157 33.953785 86
1741911189905 33.841408 87
1741911190664 33.35671 88
1741911191413 33.101353 89
1741911192159 32.806526 90
1741911192919 32.75175 91
1741911193668 32.76562 92
1741911194421 32.89362 93
1741911195175 32.88629 94
1741911195929 33.12204 95
1741911196677 33.199047 96
1741911197435 33.554222 97
1741911198193 33.634743 98
1741911198943 33.93777 99
1741911199691 34.036278 100
1741911200442 33.91743 101
1741911201194 33.90108 102
1741911201944 33.653057 103
1741911202692 33.614437 104
1741911203441 33.403263 105
1741911204194 33.231792 106
1741911204941 33.13079 107
1741911205690 33.077137 108
1741911206452 33.035328 109
1741911207198 33.175743 110
1741911207939 33.03261 111
1741911208688 33.259796 112
1741911209442 33.22727 113
1741911210198 33.592045 114
1741911210941 33.914127 115
1741911211694 34.454464 116
1741911212452 35.10209 117
1741911213197 35.652107 118
1741911213954 36.113075 119
1741911214708 36.35982 120
1741911215461 37.031586 121
1741911216216 37.064716 122
1741911216974 37.225063 123
1741911217731 37.1208 124
1741911218474 36.749454 125
1741911219313 36.459 126
1741911220070 36.19196 127
1741911220823 36.21556 128
1741911221574 36.27976 129
1741911222334 36.29307 130
1741911223089 36.336693 131
1741911223847 36.467342 132
1741911224601 36.632977 133
1741911225367 36.86329 134
1741911226117 37.118538 135
1741911226875 37.35956 136
1741911227626 37.3988 137
1741911228386 37.534122 138
1741911229138 37.919067 139
1741911229889 38.326107 140
1741911230634 38.97993 141
1741911231388 39.421112 142
1741911232144 40.01903 143
1741911232893 40.356335 144
1741911233656 40.747395 145
1741911234418 40.561054 146
1741911235187 40.84197 147
1741911235940 40.733757 148
1741911236701 40.98567 149
1741911237464 40.81776 150
1741911238223 40.42769 151
1741911238978 40.335537 152
1741911239740 39.92004 153
1741911240497 40.090916 154
1741911241254 40.166718 155
1741911242011 40.64311 156
1741911242774 40.875626 157
1741911243531 41.15257 158
1741911244296 41.322777 159
1741911245056 41.275658 160
1741911245819 41.132717 161
1741911246581 41.04525 162
1741911247328 40.853012 163
1741911248082 40.546963 164
1741911248839 40.113617 165
1741911249593 39.53228 166
1741911250356 39.250626 167
1741911251111 39.126335 168
1741911251863 39.139584 169
1741911252609 39.23249 170
1741911253363 39.31137 171
1741911254126 39.492046 172
1741911254886 39.456722 173
1741911255649 39.352787 174
1741911256406 39.394012 175
1741911257161 39.285725 176
1741911257918 39.07318 177
1741911258664 38.748486 178
1741911259418 38.353497 179
1741911260174 38.025406 180
1741911260929 37.64602 181
1741911261685 37.521385 182
1741911262442 37.39693 183
1741911263191 37.495567 184
1741911263940 37.48344 185
1741911264684 37.844257 186
1741911265447 37.808174 187
1741911266196 37.778496 188
1741911266957 37.610962 189
1741911267707 37.443527 190
1741911268462 37.641567 191
1741911269217 37.75915 192
1741911269976 38.146652 193
1741911270733 38.377754 194
1741911271501 38.577946 195
1741911272259 38.613487 196
1741911273008 38.73475 197
1741911273761 38.661278 198
1741911274523 38.985622 199
1741911275275 38.589226 200
1741911276036 38.752956 201
1741911276786 38.684772 202
1741911277533 38.713974 203
1741911278278 38.604443 204
1741911279035 38.75427 205
1741911279792 38.704975 206
1741911280549 38.599075 207
1741911281294 38.57173 208
1741911282033 38.429073 209
1741911282799 38.506115 210
1741911283555 38.285355 211
1741911284303 38.296955 212
1741911285059 38.028446 213
1741911285810 37.969692 214
1741911286564 37.941532 215
1741911287316 37.874714 216
1741911288070 37.69203 217
1741911288824 37.717865 218
1741911289578 37.477955 219
1741911290323 37.289753 220
1741911291072 37.024117 221
1741911291825 36.885666 222
1741911292579 36.83433 223
1741911293331 36.648083 224
1741911294090 36.834896 225
1741911294930 36.52118 226
1741911295683 36.573948 227
1741911296437 36.345554 228
1741911297187 36.434242 229
1741911297938 36.54605 230
1741911298695 36.623943 231
1741911299456 36.57442 232
1741911300223 36.250244 233
1741911300990 36.03766 234
1741911301760 35.536903 235
1741911302516 35.53777 236
1741911303260 35.38805 237
1741911304012 35.762016 238
1741911304757 36.096325 239
1741911305519 36.520916 240
1741911306288 36.758442 241
1741911307053 36.626953 242
1741911307799 36.17831 243
1741911308563 35.989574 244
1741911309319 35.52869 245
1741911310088 35.64765 246
1741911310841 35.25338 247
1741911311595 35.576374 248
1741911312342 35.394524 249
1741911313086 35.41628 250
1741911313844 35.55141 251
1741911314598 35.615704 252
1741911315348 35.659927 253
1741911316106 35.57418 254
1741911316864 35.541 255
1741911317620 35.59945 256
1741911318366 35.5926 257
1741911319128 35.781353 258
1741911319884 35.667526 259
1741911320644 35.668552 260
1741911321377 35.56588 261
1741911322135 35.59722 262
1741911322887 35.79584 263
1741911323635 35.94623 264
1741911324394 35.99074 265
1741911325155 36.048748 266
1741911325909 36.09194 267
1741911326668 36.122055 268
1741911327427 35.91875 269
1741911328184 35.948708 270
1741911328944 35.811115 271
1741911329693 36.05895 272
1741911330446 35.751316 273
1741911331202 36.394436 274
1741911331979 36.057735 275
1741911332737 36.587845 276
1741911333490 36.747437 277
1741911334246 36.723167 278
1741911334998 37.021973 279
1741911335759 37.03725 280
1741911336501 36.986774 281
1741911337257 36.901844 282
1741911338030 36.76825 283
1741911338791 37.08216 284
1741911339547 37.279415 285
1741911340309 37.61283 286
1741911341060 37.86654 287
1741911341820 37.991093 288
1741911342575 38.045826 289
1741911343322 37.97146 290
1741911344075 38.024307 291
1741911344825 37.772865 292
1741911345578 37.990765 293
1741911346335 37.581547 294
1741911347095 37.764988 295
1741911347847 37.49601 296
1741911348598 37.626717 297
1741911349357 37.852093 298
1741911350116 37.90388 299
1741911350873 38.07683 300
1741911351634 38.205357 301
1741911352382 38.24056 302
1741911353135 38.181805 303
1741911353905 37.987587 304
1741911354654 37.99305 305
1741911355405 38.09975 306
1741911356154 38.26493 307
1741911356911 38.4234 308
1741911357671 38.730446 309
1741911358428 38.605587 310
1741911359189 38.49676 311
1741911359953 38.49763 312
1741911360719 38.405087 313
1741911361479 38.23258 314
1741911362234 38.611214 315
1741911362986 38.572998 316
1741911363746 38.753414 317
1741911364502 38.596928 318
1741911365261 38.761467 319
1741911366014 38.853275 320
1741911366769 38.86648 321
1741911367527 39.03193 322
1741911368287 39.040833 323
1741911369044 39.237507 324
1741911369804 39.26244 325
1741911370647 39.521156 326
1741911371412 39.664772 327
1741911372167 40.074886 328
1741911372925 40.287575 329
1741911373674 40.56766 330
1741911374426 40.618713 331
1741911375188 41.018135 332
1741911375948 41.0144 333
1741911376701 41.747757 334
1741911377449 40.996876 335
1741911378208 41.509674 336
1741911378966 41.08243 337
1741911379710 41.358593 338
1741911380468 41.723747 339
1741911381214 41.91689 340
1741911381970 42.204548 341
1741911382732 42.3994 342
1741911383492 42.657726 343
1741911384248 42.591965 344
1741911385006 42.716278 345
1741911385768 42.34183 346
1741911386529 41.947506 347
1741911387293 41.473763 348
1741911388041 41.203773 349
1741911388794 41.03146 350
1741911389547 41.049072 351
1741911390299 41.120472 352
1741911391047 41.37599 353
1741911391801 41.72239 354
1741911392551 42.249775 355
1741911393308 42.727665 356
1741911394053 43.416515 357
1741911394803 44.02924 358
1741911395559 44.68905 359
1741911396306 45.362675 360
1741911397052 45.767136 361
1741911397804 46.224247 362
1741911398556 46.212215 363
1741911399318 46.30187 364
1741911400068 45.734093 365
1741911400816 45.281544 366
1741911401571 44.75575 367
1741911402314 44.44596 368
1741911403066 44.237644 369
1741911403824 44.21541 370
1741911404578 44.28816 371
1741911405323 44.4648 372
1741911406075 44.76723 373
1741911406830 45.18025 374
1741911407586 45.74696 375
1741911408346 46.412003 376
1741911409106 46.89562 377
1741911409856 47.600227 378
1741911410615 48.169193 379
1741911411360 48.368156 380
1741911412113 48.654583 381
1741911412881 48.690086 382
1741911413631 49.025974 383
1741911414389 49.24458 384
1741911415140 49.28307 385
1741911415898 49.06149 386
1741911416665 48.917995 387
1741911417411 48.98007 388
1741911418173 49.157875 389
1741911418918 49.158195 390
1741911419666 49.343822 391
1741911420424 49.41298 392
1741911421171 49.760178 393
1741911421921 50.232227 394
1741911422677 50.292503 395
1741911423443 50.38579 396
1741911424198 50.00567 397
1741911424950 49.83359 398
1741911425704 49.236946 399
1741911426460 49.276882 400
1741911427210 48.758747 401
1741911427972 48.820873 402
1741911428728 48.46304 403
1741911429481 48.200397 404
1741911430235 48.087814 405
1741911430996 47.937485 406
1741911431752 47.966694 407
1741911432516 48.023502 408
1741911433268 48.03099 409
1741911434027 47.99436 410
1741911434794 48.147568 411
1741911435551 48.45053 412
1741911436310 48.475292 413
1741911437068 48.596508 414
1741911437822 48.432884 415
1741911438584 48.376656 416
1741911439356 48.182205 417
1741911440111 48.239647 418
1741911440860 47.97469 419
1741911441616 48.404938 420
1741911442364 48.48642 421
1741911443119 48.965076 422
1741911443882 48.90811 423
1741911444640 49.28919 424
1741911445403 49.15082 425
1741911446249 49.345734 426
