1741880651987 0.3469127 0
1741880652761 0.22555855 1
1741880653430 0.15042265 2
1741880654092 0.103787966 3
1741880654752 0.07615933 4
1741880655398 0.05808549 5
1741880656059 0.046454456 6
1741880656714 0.038336985 7
1741880657363 0.032224167 8
1741880658018 0.02780058 9
1741880658679 0.024472041 10
1741880659335 0.02168823 11
1741880659982 0.019374626 12
1741880660630 0.017466081 13
1741880661287 0.0158293 14
1741880661936 0.014445992 15
1741880662596 0.013219255 16
1741880663248 0.012296016 17
1741880663909 0.011361067 18
1741880664561 0.010509145 19
1741880665204 0.009771281 20
1741880665862 0.0092247045 21
1741880666511 0.008606725 22
1741880667171 0.007988329 23
1741880667929 0.0075024106 24
1741880668687 0.007096832 25
1741880669443 0.0066876914 26
1741880670201 0.0063310014 27
1741880670954 0.0059691574 28
1741880671726 0.0056499676 29
1741880672475 0.0054246103 30
1741880673228 0.00515092 31
1741880673974 0.004916338 32
1741880674730 0.0046801367 33
1741880675479 0.004417037 34
1741880676230 0.004232712 35
1741880676992 0.0040937015 36
1741880677743 0.0038952236 37
1741880678502 0.0037192549 38
1741880679260 0.0035675496 39
1741880680011 0.0034462574 40
1741880680781 0.0033030906 41
1741880681537 0.0031679177 42
1741880682286 0.0030671172 43
1741880683044 0.0029417223 44
1741880683802 0.0028311282 45
1741880684556 0.002722518 46
1741880685323 0.0026235892 47
1741880686106 0.0025341578 48
1741880686875 0.0024474794 49
1741880687626 0.0023845846 50
1741880688393 0.0022905176 51
1741880689170 0.0022230435 52
1741880689928 0.0021353161 53
1741880690692 0.0020726738 54
1741880691454 0.0020057685 55
1741880692201 0.0019370766 56
1741880692954 0.0018894018 57
1741880693724 0.0018274559 58
1741880694509 0.001773381 59
1741880695324 0.0017321437 60
1741880696097 0.0016724354 61
1741880696851 0.001624754 62
1741880697602 0.0015982816 63
1741880698485 0.0015320897 64
1741880699374 0.0015048293 65
1741880700125 0.0014653174 66
1741880700845 0.0014285542 67
1741880701572 0.0013877697 68
1741880702308 0.0013537515 69
1741880703032 0.001327036 70
1741880703770 0.001298487 71
1741880704511 0.0012592365 72
1741880705274 0.0012460676 73
1741880706018 0.0012161203 74
1741880706758 0.0011788754 75
1741880707491 0.0011515537 76
1741880708239 0.0011217906 77
1741880709021 0.0011078203 78
1741880709807 0.0010760742 79
1741880710588 0.001052395 80
1741880711357 0.0010327288 81
1741880712130 0.0010159692 82
1741880712896 0.000984745 83
1741880713642 0.0009705357 84
1741880714393 0.00095150113 85
1741880715138 0.00093818235 86
1741880715888 0.0009247502 87
1741880716633 0.00090649334 88
1741880717374 0.00088466913 89
1741880718122 0.0008677713 90
1741880718878 0.0008488359 91
1741880719639 0.0008361657 92
1741880720394 0.0008230193 93
1741880721149 0.0008094359 94
1741880721906 0.0007878764 95
1741880722651 0.00078071124 96
1741880723395 0.0007613614 97
1741880724136 0.00075480045 98
1741880724892 0.0007387177 99
1741880725838 0.0007233623 100
1741880726590 0.0007077979 101
1741880727335 0.00070511684 102
1741880728089 0.0006930761 103
1741880728840 0.00067771913 104
1741880729583 0.0006649716 105
1741880730329 0.0006549052 106
1741880731080 0.0006505243 107
1741880731829 0.00064436696 108
1741880732586 0.0006294475 109
1741880733341 0.0006208064 110
1741880734087 0.0006125269 111
1741880734830 0.000600136 112
1741880735573 0.00059898593 113
1741880736326 0.00058706687 114
1741880737080 0.00057555555 115
1741880737829 0.0005699219 116
1741880738574 0.00056624756 117
1741880739338 0.00055233896 118
1741880740077 0.0005460606 119
1741880740831 0.00053833786 120
1741880741567 0.00052727683 121
1741880742327 0.0005275077 122
1741880743080 0.0005156423 123
1741880743828 0.0005111945 124
1741880744570 0.0005030415 125
1741880745318 0.00049897353 126
1741880746076 0.0004885736 127
1741880746816 0.0004921574 128
1741880747575 0.00047097058 129
1741880748320 0.0004715473 130
1741880749070 0.00046958256 131
1741880749821 0.00045661684 132
1741880750570 0.0004557668 133
1741880751315 0.00044864442 134
1741880752057 0.00044903532 135
1741880752802 0.00043512683 136
1741880753553 0.00043228816 137
1741880754299 0.00042731038 138
1741880755050 0.00042546427 139
1741880755805 0.00041775563 140
1741880756549 0.00041041497 141
1741880757301 0.00040988647 142
1741880758051 0.00040283368 143
1741880758814 0.0004050499 144
1741880759563 0.00039260415 145
1741880760313 0.0003902209 146
1741880761066 0.0003867285 147
1741880761810 0.0003816257 148
1741880762550 0.0003774733 149
1741880763295 0.00037068364 150
1741880764041 0.00036778415 151
1741880764783 0.00036295727 152
1741880765531 0.00035618737 153
1741880766283 0.00035848032 154
1741880767036 0.00035343677 155
1741880767783 0.0003473006 156
1741880768522 0.0003428671 157
1741880769277 0.00034047055 158
1741880770029 0.00033800176 159
1741880770777 0.0003362986 160
1741880771527 0.00032985953 161
1741880772272 0.00032769 162
1741880773017 0.0003258807 163
1741880773778 0.00031834267 164
1741880774526 0.00031690675 165
1741880775275 0.0003157086 166
1741880776038 0.00031000408 167
1741880776796 0.000307899 168
1741880777550 0.00030674684 169
1741880778302 0.00030243277 170
1741880779064 0.0003002898 171
1741880779811 0.00029761757 172
1741880780556 0.0002951764 173
1741880781307 0.00028951457 174
1741880782050 0.0002885498 175
1741880782800 0.00028406817 176
1741880783551 0.0002834211 177
1741880784299 0.00027964913 178
1741880785042 0.00027771769 179
1741880785784 0.00027433128 180
1741880786534 0.00027367717 181
1741880787283 0.00027203342 182
1741880788036 0.00026790294 183
1741880788787 0.0002642592 184
1741880789542 0.0002617051 185
1741880790286 0.00026477355 186
1741880791033 0.00025877898 187
1741880791773 0.00025701025 188
1741880792520 0.00025498788 189
1741880793270 0.0002522642 190
1741880794027 0.00024809127 191
1741880794805 0.00024834505 192
1741880795559 0.00024747118 193
1741880796303 0.000244623 194
1741880797058 0.00024186306 195
1741880797807 0.00023977205 196
1741880798558 0.000238047 197
1741880799305 0.00023742349 198
1741880800055 0.00023512896 199
1741880800892 0.00023240726 200
1741880801661 0.00022982125 201
1741880802420 0.00022863272 202
1741880803178 0.00022410603 203
1741880803917 0.00022289662 204
1741880804665 0.00022374964 205
1741880805410 0.00022325235 206
1741880806159 0.00021876267 207
1741880806925 0.00021991432 208
1741880807681 0.00021910889 209
1741880808429 0.00021604153 210
1741880809185 0.00021327152 211
1741880809930 0.00021094643 212
1741880810688 0.00021118525 213
1741880811434 0.00020813246 214
1741880812178 0.00020755104 215
1741880812929 0.00020108835 216
1741880813691 0.00020691373 217
1741880814446 0.00020290083 218
1741880815203 0.00020040954 219
1741880815947 0.00019970795 220
1741880816689 0.0001988179 221
1741880817429 0.00019726135 222
1741880818178 0.00019636209 223
1741880818928 0.00019542252 224
1741880819677 0.00019322711 225
1741880820424 0.00019094211 226
1741880821168 0.00019118268 227
1741880821919 0.00018723699 228
1741880822683 0.00018806887 229
1741880823433 0.00018678352 230
1741880824182 0.00018358817 231
1741880824934 0.0001844323 232
1741880825706 0.00018267598 233
1741880826469 0.00018368551 234
1741880827216 0.00017981113 235
1741880827963 0.00017662077 236
1741880828708 0.00017690191 237
1741880829464 0.00017335954 238
1741880830222 0.00017653531 239
1741880830978 0.00017361146 240
1741880831729 0.00017181231 241
1741880832481 0.00017145752 242
1741880833240 0.00016991228 243
1741880833987 0.00016952572 244
1741880834735 0.00017125986 245
1741880835487 0.00016794002 246
1741880836245 0.00016474164 247
1741880836993 0.00016486806 248
1741880837738 0.00016429173 249
1741880838481 0.0001646584 250
1741880839235 0.00016190442 251
1741880839983 0.00015979327 252
1741880840732 0.00016000286 253
1741880841481 0.00015907089 254
1741880842236 0.00015790429 255
1741880842991 0.00015783112 256
1741880843744 0.0001540023 257
1741880844500 0.00015411428 258
1741880845249 0.00015441098 259
1741880846003 0.00015477903 260
1741880846758 0.00015274594 261
1741880847508 0.00015047734 262
1741880848250 0.00015018214 263
1741880849001 0.00014797247 264
1741880849752 0.00014876583 265
1741880850507 0.00014729517 266
1741880851254 0.00014771233 267
1741880852001 0.00014636664 268
1741880852761 0.00014406553 269
1741880853509 0.0001431975 270
1741880854258 0.00014050765 271
1741880855018 0.00014166026 272
1741880855782 0.00013994302 273
1741880856538 0.00014159185 274
1741880857288 0.00013989824 275
1741880858040 0.00013781586 276
1741880858785 0.00013680072 277
1741880859538 0.00013663745 278
1741880860285 0.00013690707 279
1741880861038 0.00013539063 280
1741880861779 0.00013366058 281
1741880862524 0.00013377503 282
1741880863282 0.00013386867 283
1741880864036 0.00013211613 284
1741880864781 0.00013260254 285
1741880865523 0.00012915894 286
1741880866281 0.00012980362 287
1741880867042 0.00013083682 288
1741880867801 0.00013107297 289
1741880868548 0.00012874766 290
1741880869296 0.0001275013 291
1741880870043 0.00012642308 292
1741880870789 0.00012519694 293
1741880871552 0.00012606297 294
1741880872306 0.0001238759 295
1741880873069 0.00012396472 296
1741880873831 0.00012351313 297
1741880874585 0.0001210933 298
1741880875337 0.00012220656 299
1741880876178 0.000120054785 300
1741880876925 0.00012050301 301
1741880877678 0.000119679884 302
1741880878432 0.00011762972 303
1741880879178 0.00011991715 304
1741880879929 0.00011819752 305
1741880880684 0.00011791049 306
1741880881430 0.00011574039 307
1741880882181 0.00011762003 308
1741880882943 0.00011470497 309
1741880883693 0.000115883035 310
1741880884441 0.000114522816 311
1741880885191 0.000112624104 312
1741880885943 0.000113379705 313
1741880886692 0.00011184628 314
1741880887446 0.00011206211 315
1741880888204 0.000111590336 316
1741880888958 0.0001115316 317
1741880889697 0.000109711924 318
1741880890446 0.00010938319 319
1741880891197 0.00010756933 320
1741880891953 0.000108144544 321
1741880892699 0.00010729338 322
1741880893450 0.0001070742 323
1741880894205 0.00010641898 324
1741880894955 0.00010580776 325
1741880895709 0.00010695442 326
1741880896455 0.000105705476 327
1741880897200 0.000102382975 328
1741880897954 0.000103391416 329
1741880898722 0.00010296724 330
1741880899486 0.00010328533 331
1741880900253 0.00010223105 332
1741880901001 0.00010238374 333
1741880901745 0.00010016574 334
1741880902505 0.00010197322 335
1741880903267 9.9571786e-05 336
1741880904010 9.998427e-05 337
1741880904755 9.957647e-05 338
1741880905498 9.967076e-05 339
1741880906256 9.8293356e-05 340
1741880907007 9.7083255e-05 341
1741880907758 9.735129e-05 342
1741880908518 9.774937e-05 343
1741880909267 9.601479e-05 344
1741880910012 9.5832555e-05 345
1741880910747 9.552608e-05 346
1741880911492 9.394312e-05 347
1741880912250 9.516371e-05 348
1741880913000 9.440809e-05 349
1741880913741 9.449508e-05 350
1741880914486 9.288615e-05 351
1741880915241 9.2622555e-05 352
1741880915990 9.321241e-05 353
1741880916748 9.294639e-05 354
1741880917502 9.103e-05 355
1741880918255 9.0061025e-05 356
1741880919008 9.110139e-05 357
1741880919749 8.964361e-05 358
1741880920500 8.973797e-05 359
1741880921261 8.999554e-05 360
1741880922013 9.0559006e-05 361
1741880922759 8.8217195e-05 362
1741880923515 8.815136e-05 363
1741880924266 8.7786946e-05 364
1741880925019 8.7774984e-05 365
1741880925769 8.6957814e-05 366
1741880926512 8.598642e-05 367
1741880927263 8.6027576e-05 368
1741880928012 8.574733e-05 369
1741880928760 8.5297484e-05 370
1741880929503 8.4113926e-05 371
1741880930258 8.498729e-05 372
1741880931009 8.349745e-05 373
1741880931755 8.490492e-05 374
1741880932516 8.452449e-05 375
1741880933263 8.281076e-05 376
1741880934014 8.343621e-05 377
1741880934763 8.3058e-05 378
1741880935518 8.254524e-05 379
1741880936270 8.3126644e-05 380
1741880937029 8.152653e-05 381
1741880937785 8.04996e-05 382
1741880938534 8.0510275e-05 383
1741880939291 8.035394e-05 384
1741880940050 7.9742575e-05 385
1741880940798 8.062116e-05 386
1741880941539 7.887726e-05 387
1741880942294 7.943127e-05 388
1741880943055 7.826023e-05 389
1741880943806 7.839647e-05 390
1741880944548 7.789458e-05 391
1741880945288 7.835869e-05 392
1741880946043 7.646908e-05 393
1741880946790 7.746567e-05 394
1741880947536 7.720816e-05 395
1741880948282 7.672099e-05 396
1741880949035 7.578765e-05 397
1741880949779 7.704285e-05 398
1741880950527 7.411725e-05 399
1741880951375 7.5302894e-05 400
1741880952118 7.47172e-05 401
1741880952861 7.465732e-05 402
1741880953608 7.372044e-05 403
1741880954360 7.3739706e-05 404
1741880955114 7.312924e-05 405
1741880955874 7.3183415e-05 406
1741880956634 7.20492e-05 407
1741880957391 7.210778e-05 408
1741880958146 7.1701405e-05 409
1741880958894 7.121277e-05 410
1741880959650 7.224736e-05 411
1741880960407 7.182054e-05 412
1741880961157 7.0752365e-05 413
1741880961909 7.078261e-05 414
1741880962656 7.1340924e-05 415
1741880963411 6.9756854e-05 416
1741880964150 7.041414e-05 417
1741880964895 6.981229e-05 418
1741880965644 7.048444e-05 419
1741880966398 6.898269e-05 420
1741880967147 6.923602e-05 421
1741880967907 6.809098e-05 422
1741880968675 6.97592e-05 423
1741880969424 6.705947e-05 424
1741880970181 6.827792e-05 425
1741880970933 6.764672e-05 426
1741880971679 6.734202e-05 427
1741880972428 6.712378e-05 428
1741880973178 6.6844375e-05 429
1741880973930 6.60744e-05 430
1741880974678 6.6588946e-05 431
1741880975432 6.577279e-05 432
1741880976184 6.622741e-05 433
1741880976946 6.6688925e-05 434
1741880977710 6.5660155e-05 435
1741880978461 6.5596e-05 436
1741880979224 6.524159e-05 437
1741880979966 6.527922e-05 438
1741880980716 6.384203e-05 439
1741880981465 6.4252265e-05 440
1741880982211 6.4869375e-05 441
1741880982959 6.411303e-05 442
1741880983711 6.274299e-05 443
1741880984457 6.3013846e-05 444
1741880985202 6.3365485e-05 445
1741880985959 6.295608e-05 446
1741880986716 6.3071464e-05 447
1741880987463 6.274948e-05 448
1741880988208 6.262935e-05 449
1741880988956 6.1469196e-05 450
1741880989707 6.195979e-05 451
1741880990449 6.0858034e-05 452
1741880991198 6.140186e-05 453
1741880991941 6.091678e-05 454
1741880992704 6.140166e-05 455
1741880993445 6.04857e-05 456
1741880994183 6.0046652e-05 457
1741880994935 6.0067177e-05 458
1741880995686 5.9860195e-05 459
1741880996436 5.9212995e-05 460
1741880997191 5.8676455e-05 461
1741880997944 5.9724178e-05 462
1741880998699 5.9075122e-05 463
1741880999445 5.884428e-05 464
1741881000193 5.8142294e-05 465
1741881000940 5.765057e-05 466
1741881001701 5.812115e-05 467
1741881002448 5.807219e-05 468
1741881003194 5.788344e-05 469
1741881003939 5.7333917e-05 470
1741881004699 5.7252313e-05 471
1741881005461 5.757192e-05 472
1741881006206 5.7401507e-05 473
1741881006963 5.6624045e-05 474
1741881007716 5.633202e-05 475
1741881008472 5.660608e-05 476
1741881009217 5.6561148e-05 477
1741881009966 5.635808e-05 478
1741881010712 5.5542027e-05 479
1741881011465 5.5504617e-05 480
1741881012214 5.5811983e-05 481
1741881012966 5.5545468e-05 482
1741881013714 5.4391432e-05 483
1741881014472 5.486187e-05 484
1741881015216 5.3839067e-05 485
1741881015965 5.4322503e-05 486
1741881016733 5.3871845e-05 487
1741881017484 5.3775577e-05 488
1741881018237 5.4216274e-05 489
1741881018995 5.3518223e-05 490
1741881019748 5.3748117e-05 491
1741881020494 5.2984236e-05 492
1741881021243 5.3325646e-05 493
1741881022005 5.2851294e-05 494
1741881022778 5.2322564e-05 495
1741881023530 5.2343115e-05 496
1741881024274 5.2907635e-05 497
1741881025020 5.234171e-05 498
1741881025771 5.2587282e-05 499
1741881026617 5.1025734e-05 500
1741881027369 5.1543928e-05 501
1741881028110 5.1588308e-05 502
1741881028860 5.1312552e-05 503
1741881029613 5.091156e-05 504
1741881030365 5.1119674e-05 505
1741881031111 5.1035786e-05 506
1741881031867 5.0899118e-05 507
1741881032622 5.1090927e-05 508
1741881033371 5.014896e-05 509
1741881034124 5.0404247e-05 510
1741881034878 5.0212504e-05 511
1741881035631 4.9005816e-05 512
1741881036379 4.973675e-05 513
1741881037122 4.9393613e-05 514
1741881037879 4.9109403e-05 515
1741881038630 4.9215283e-05 516
1741881039382 4.8932987e-05 517
1741881040133 4.8892034e-05 518
1741881040892 4.8755977e-05 519
1741881041636 4.881817e-05 520
1741881042399 4.8259128e-05 521
1741881043141 4.765644e-05 522
1741881043893 4.8096535e-05 523
1741881044643 4.7788577e-05 524
1741881045396 4.761101e-05 525
1741881046151 4.778885e-05 526
1741881046896 4.69171e-05 527
1741881047654 4.7104684e-05 528
1741881048400 4.691416e-05 529
1741881049151 4.711377e-05 530
1741881049898 4.618499e-05 531
1741881050649 4.6866437e-05 532
1741881051391 4.718879e-05 533
1741881052127 4.605801e-05 534
1741881052870 4.583488e-05 535
1741881053617 4.6408004e-05 536
1741881054367 4.5611363e-05 537
1741881055113 4.603876e-05 538
1741881055859 4.516108e-05 539
1741881056623 4.4899174e-05 540
1741881057369 4.4788103e-05 541
1741881058123 4.535514e-05 542
1741881058871 4.458052e-05 543
1741881059618 4.5036755e-05 544
1741881060390 4.478541e-05 545
1741881061132 4.5251258e-05 546
1741881061881 4.423652e-05 547
1741881062635 4.4393953e-05 548
1741881063396 4.4465458e-05 549
1741881064149 4.4149678e-05 550
1741881064901 4.4138626e-05 551
1741881065651 4.4115943e-05 552
1741881066407 4.360907e-05 553
1741881067159 4.295154e-05 554
1741881067923 4.3764223e-05 555
1741881068676 4.29255e-05 556
1741881069427 4.305899e-05 557
1741881070187 4.307144e-05 558
1741881070934 4.2912656e-05 559
1741881071681 4.2815318e-05 560
1741881072425 4.2530086e-05 561
1741881073175 4.2407504e-05 562
1741881073929 4.2504926e-05 563
1741881074678 4.1760384e-05 564
1741881075431 4.2566695e-05 565
1741881076185 4.167244e-05 566
1741881076928 4.142031e-05 567
1741881077686 4.192122e-05 568
1741881078436 4.1926116e-05 569
1741881079191 4.1769617e-05 570
1741881079945 4.1358482e-05 571
1741881080701 4.1423922e-05 572
1741881081453 4.155068e-05 573
1741881082846 4.0780833e-05 0
1741881083606 4.0923253e-05 1
1741881084367 4.1284384e-05 2
1741881085121 4.063572e-05 3
1741881085870 4.07407e-05 4
1741881086624 4.0404833e-05 5
1741881087371 4.0523013e-05 6
1741881088119 4.0531133e-05 7
1741881088866 3.9965744e-05 8
1741881089617 3.9905084e-05 9
1741881090373 3.9809856e-05 10
1741881091122 4.020502e-05 11
1741881091879 3.9993974e-05 12
1741881092622 3.9685325e-05 13
1741881093394 3.9927992e-05 14
1741881094163 3.8931794e-05 15
1741881094928 3.919365e-05 16
1741881095677 3.8859183e-05 17
1741881096424 3.91053e-05 18
1741881097172 3.9020488e-05 19
1741881097926 3.8535713e-05 20
1741881098678 3.8826194e-05 21
1741881099443 3.8755094e-05 22
1741881100202 3.8278773e-05 23
1741881100956 3.7559996e-05 24
1741881101718 3.833919e-05 25
1741881102562 3.8949423e-05 26
1741881103307 3.7808422e-05 27
1741881104058 3.8167487e-05 28
1741881104816 3.7901656e-05 29
1741881105565 3.825238e-05 30
1741881106313 3.719402e-05 31
1741881107049 3.8420338e-05 32
1741881107802 3.7662616e-05 33
1741881108556 3.7683727e-05 34
1741881109298 3.6996953e-05 35
1741881110050 3.7268765e-05 36
1741881110800 3.6680693e-05 37
1741881111541 3.634863e-05 38
1741881112292 3.7174577e-05 39
1741881113043 3.656329e-05 40
1741881113785 3.6467318e-05 41
1741881114530 3.6401667e-05 42
1741881115278 3.6964244e-05 43
1741881116047 3.6681053e-05 44
1741881116800 3.5814424e-05 45
1741881117550 3.603223e-05 46
1741881118303 3.6354435e-05 47
1741881119065 3.626919e-05 48
1741881119808 3.5711353e-05 49
1741881120566 3.6079633e-05 50
1741881121311 3.5520214e-05 51
1741881122054 3.5474844e-05 52
1741881122808 3.547205e-05 53
1741881123566 3.5790825e-05 54
1741881124306 3.5205223e-05 55
1741881125070 3.4710032e-05 56
1741881125811 3.4613688e-05 57
1741881126553 3.4764347e-05 58
1741881127295 3.494367e-05 59
1741881128038 3.4743356e-05 60
1741881128789 3.4278757e-05 61
1741881129542 3.4434535e-05 62
1741881130288 3.425349e-05 63
1741881131033 3.415831e-05 64
1741881131774 3.423855e-05 65
1741881132511 3.407467e-05 66
1741881133252 3.4344182e-05 67
1741881134001 3.405142e-05 68
1741881134750 3.3692777e-05 69
1741881135493 3.3806202e-05 70
1741881136236 3.3696822e-05 71
1741881136978 3.3427223e-05 72
1741881137734 3.395207e-05 73
1741881138479 3.3575743e-05 74
1741881139226 3.3292e-05 75
1741881139974 3.3445835e-05 76
1741881140718 3.3479548e-05 77
1741881141467 3.3287015e-05 78
1741881142213 3.2892753e-05 79
1741881142959 3.2742006e-05 80
1741881143709 3.3024302e-05 81
1741881144465 3.298208e-05 82
1741881145246 3.268581e-05 83
1741881146012 3.3019245e-05 84
1741881146766 3.2466476e-05 85
1741881147516 3.2457876e-05 86
1741881148262 3.2078922e-05 87
1741881149007 3.239711e-05 88
1741881149759 3.2009528e-05 89
1741881150506 3.2083404e-05 90
1741881151253 3.1994903e-05 91
1741881152001 3.174639e-05 92
1741881152753 3.154661e-05 93
1741881153502 3.164923e-05 94
1741881154246 3.18489e-05 95
1741881154992 3.1249005e-05 96
1741881155735 3.1044052e-05 97
1741881156484 3.1046988e-05 98
1741881157230 3.0945765e-05 99
1741881157972 3.1248885e-05 100
1741881158722 3.1405965e-05 101
1741881159482 3.125057e-05 102
1741881160230 3.082449e-05 103
1741881160987 3.0929936e-05 104
1741881161739 3.089824e-05 105
1741881162489 3.108389e-05 106
1741881163243 3.1274812e-05 107
1741881163988 3.1108433e-05 108
1741881164740 3.031867e-05 109
1741881165483 3.0546227e-05 110
1741881166228 3.0414689e-05 111
1741881166976 3.0053037e-05 112
1741881167732 3.0723048e-05 113
1741881168477 3.0340094e-05 114
1741881169224 3.0284826e-05 115
1741881169959 2.9978351e-05 116
1741881170702 3.025673e-05 117
1741881171448 2.9294088e-05 118
1741881172196 3.0223635e-05 119
1741881172943 3.0055853e-05 120
1741881173688 3.0035322e-05 121
1741881174429 2.9862924e-05 122
1741881175172 2.9747807e-05 123
1741881175928 2.9326604e-05 124
1741881176686 2.9306539e-05 125
1741881177528 2.9629266e-05 126
1741881178278 2.9725461e-05 127
1741881179024 2.9261788e-05 128
1741881179773 2.9259993e-05 129
1741881180522 2.9021037e-05 130
1741881181265 2.8977991e-05 131
1741881182010 2.8752733e-05 132
1741881182754 2.9142018e-05 133
1741881183509 2.8248784e-05 134
1741881184249 2.8497023e-05 135
1741881184988 2.8419949e-05 136
1741881185740 2.8702549e-05 137
1741881186479 2.8818251e-05 138
1741881187222 2.8711018e-05 139
1741881187971 2.8248875e-05 140
1741881188722 2.8025637e-05 141
1741881189463 2.8311328e-05 142
1741881190205 2.7990214e-05 143
1741881190949 2.826686e-05 144
1741881191702 2.762199e-05 145
1741881192444 2.8333608e-05 146
1741881193199 2.8178698e-05 147
1741881193940 2.76299e-05 148
1741881194694 2.7681659e-05 149
1741881195428 2.77398e-05 150
1741881196169 2.7608268e-05 151
1741881196922 2.7295406e-05 152
1741881197670 2.738941e-05 153
1741881198418 2.7687805e-05 154
1741881199167 2.7079883e-05 155
1741881199917 2.7315866e-05 156
1741881200664 2.7146863e-05 157
1741881201410 2.7289325e-05 158
1741881202157 2.7445893e-05 159
1741881202907 2.7430211e-05 160
1741881203646 2.677295e-05 161
1741881204408 2.7063927e-05 162
1741881205167 2.6924441e-05 163
1741881205915 2.688757e-05 164
1741881206658 2.6579311e-05 165
1741881207402 2.682922e-05 166
1741881208150 2.6775311e-05 167
1741881208898 2.635313e-05 168
1741881209643 2.6885617e-05 169
1741881210383 2.6544494e-05 170
1741881211132 2.6863188e-05 171
1741881211884 2.5898753e-05 172
1741881212638 2.6405372e-05 173
1741881213389 2.5999836e-05 174
1741881214144 2.5964113e-05 175
1741881214890 2.60609e-05 176
1741881215632 2.602558e-05 177
1741881216377 2.6333786e-05 178
1741881217123 2.569957e-05 179
1741881217872 2.5708841e-05 180
1741881218610 2.5740128e-05 181
1741881219361 2.5900097e-05 182
1741881220101 2.5880587e-05 183
1741881220842 2.5432093e-05 184
1741881221599 2.530525e-05 185
1741881222362 2.5363282e-05 186
1741881223097 2.566149e-05 187
1741881223845 2.5302357e-05 188
1741881224590 2.4981862e-05 189
1741881225338 2.5485855e-05 190
1741881226081 2.5594962e-05 191
1741881226845 2.4982432e-05 192
1741881227601 2.5121917e-05 193
1741881228341 2.545191e-05 194
1741881229087 2.4508203e-05 195
1741881229836 2.4873723e-05 196
1741881230588 2.4934048e-05 197
1741881231329 2.5088833e-05 198
1741881232080 2.4891864e-05 199
1741881232828 2.4918581e-05 200
1741881233576 2.484302e-05 201
1741881234319 2.426498e-05 202
1741881235054 2.4539995e-05 203
1741881235803 2.4185774e-05 204
1741881236554 2.447068e-05 205
1741881237301 2.4453751e-05 206
1741881238042 2.4467088e-05 207
1741881238785 2.4552934e-05 208
1741881239537 2.429315e-05 209
1741881240271 2.3794926e-05 210
1741881241016 2.4288187e-05 211
1741881241752 2.4306533e-05 212
1741881242494 2.4321213e-05 213
1741881243243 2.3917913e-05 214
1741881243988 2.3539951e-05 215
1741881244741 2.3955256e-05 216
1741881245482 2.366706e-05 217
1741881246219 2.3510504e-05 218
1741881246966 2.383619e-05 219
1741881247711 2.3815712e-05 220
1741881248459 2.3563261e-05 221
1741881249202 2.3650788e-05 222
1741881249948 2.3540199e-05 223
1741881250700 2.3229353e-05 224
1741881251439 2.3434002e-05 225
1741881252280 2.32277e-05 226
1741881253030 2.335057e-05 227
1741881253776 2.330859e-05 228
1741881254525 2.335659e-05 229
1741881255271 2.3153407e-05 230
1741881256013 2.3085633e-05 231
1741881256761 2.3064964e-05 232
1741881257520 2.2821185e-05 233
1741881258267 2.3199456e-05 234
1741881259015 2.251711e-05 235
1741881259750 2.2783328e-05 236
1741881260491 2.3015245e-05 237
1741881261239 2.252323e-05 238
1741881261982 2.2849563e-05 239
1741881262727 2.2869366e-05 240
1741881263474 2.2440658e-05 241
1741881264215 2.2777069e-05 242
1741881264966 2.2579065e-05 243
1741881265715 2.2718537e-05 244
1741881266472 2.2781762e-05 245
1741881267227 2.2526046e-05 246
1741881267989 2.2135384e-05 247
1741881268744 2.235779e-05 248
1741881269495 2.209189e-05 249
1741881270247 2.2483164e-05 250
1741881270998 2.1944026e-05 251
1741881271743 2.1934213e-05 252
1741881272492 2.2155515e-05 253
1741881273236 2.2042048e-05 254
1741881273980 2.1930266e-05 255
1741881274728 2.185007e-05 256
1741881275475 2.204043e-05 257
1741881276214 2.1931246e-05 258
1741881276954 2.2312388e-05 259
1741881277720 2.1865066e-05 260
1741881278469 2.1718446e-05 261
1741881279222 2.1727425e-05 262
1741881279969 2.174962e-05 263
1741881280727 2.159699e-05 264
1741881281467 2.1738217e-05 265
1741881282213 2.1609983e-05 266
1741881282954 2.155929e-05 267
1741881283696 2.1451224e-05 268
1741881284453 2.150535e-05 269
1741881285203 2.1523483e-05 270
1741881285950 2.1186674e-05 271
1741881286683 2.1271151e-05 272
1741881287424 2.1206826e-05 273
1741881288173 2.1306178e-05 274
1741881288921 2.0844062e-05 275
1741881289661 2.101782e-05 276
1741881290415 2.1448368e-05 277
1741881291158 2.142501e-05 278
1741881291910 2.0942818e-05 279
1741881292663 2.071764e-05 280
1741881293413 2.0798276e-05 281
1741881294158 2.0877247e-05 282
1741881294903 2.0899022e-05 283
1741881295652 2.0532863e-05 284
1741881296400 2.0396428e-05 285
1741881297147 2.0648542e-05 286
1741881297895 2.0553578e-05 287
1741881298644 2.0667696e-05 288
1741881299389 2.054653e-05 289
1741881300126 2.0670586e-05 290
1741881300869 2.0454208e-05 291
1741881301617 2.0516414e-05 292
1741881302372 2.0256419e-05 293
1741881303124 2.030878e-05 294
1741881303872 2.0338575e-05 295
1741881304618 2.0369174e-05 296
1741881305362 2.018168e-05 297
1741881306098 2.0363308e-05 298
1741881306842 2.038448e-05 299
1741881307588 2.0117488e-05 300
1741881308331 1.9980856e-05 301
1741881309074 1.990197e-05 302
1741881309818 1.995034e-05 303
1741881310575 1.9889483e-05 304
1741881311324 2.0223115e-05 305
1741881312071 1.9952262e-05 306
1741881312813 2.0100046e-05 307
1741881313560 2.0021182e-05 308
1741881314306 1.9890784e-05 309
1741881315055 2.0132336e-05 310
1741881315797 1.9721383e-05 311
1741881316549 1.9980946e-05 312
1741881317302 1.956432e-05 313
1741881318051 1.9658744e-05 314
1741881318798 1.955063e-05 315
1741881319550 1.9792386e-05 316
1741881320295 1.9904539e-05 317
1741881321039 1.9428659e-05 318
1741881321783 1.9500603e-05 319
1741881322534 1.9669442e-05 320
1741881323278 1.9401137e-05 321
1741881324021 1.9590043e-05 322
1741881324760 1.9495588e-05 323
1741881325501 1.9280837e-05 324
1741881326249 1.944564e-05 325
1741881327089 1.9012034e-05 326
1741881327842 1.8801347e-05 327
1741881328622 1.9024312e-05 328
1741881329371 1.9065661e-05 329
1741881330141 1.8813269e-05 330
1741881330897 1.900862e-05 331
1741881331647 1.9292196e-05 332
1741881332397 1.883585e-05 333
1741881333145 1.887652e-05 334
1741881333896 1.8715418e-05 335
1741881334640 1.8907078e-05 336
1741881335397 1.9166155e-05 337
1741881336150 1.855974e-05 338
1741881336892 1.8744644e-05 339
1741881337637 1.8472367e-05 340
1741881338402 1.8675377e-05 341
1741881339144 1.8488015e-05 342
1741881339880 1.8285351e-05 343
1741881340636 1.856518e-05 344
1741881341385 1.8615823e-05 345
1741881342137 1.8382667e-05 346
1741881342877 1.8286028e-05 347
1741881343628 1.8546392e-05 348
1741881344397 1.8259449e-05 349
1741881345159 1.8606275e-05 350
1741881345904 1.8222716e-05 351
1741881346647 1.8542489e-05 352
1741881347393 1.8316989e-05 353
1741881348141 1.8221095e-05 354
1741881348882 1.8657887e-05 355
1741881349628 1.8066976e-05 356
1741881350382 1.8189061e-05 357
1741881351134 1.811309e-05 358
1741881351877 1.7726645e-05 359
1741881352626 1.8237837e-05 360
1741881353378 1.8234841e-05 361
1741881354129 1.7972443e-05 362
1741881354875 1.7938935e-05 363
1741881355617 1.7522785e-05 364
1741881356372 1.7675346e-05 365
1741881357122 1.764415e-05 366
1741881357872 1.775326e-05 367
1741881358620 1.7924534e-05 368
1741881359367 1.7820325e-05 369
1741881360114 1.7984501e-05 370
1741881360857 1.779768e-05 371
1741881361600 1.7616063e-05 372
1741881362341 1.7600438e-05 373
1741881363098 1.776431e-05 374
1741881363844 1.7746452e-05 375
1741881364584 1.736874e-05 376
1741881365325 1.7550881e-05 377
1741881366073 1.74392e-05 378
1741881366822 1.7661387e-05 379
1741881367572 1.727437e-05 380
1741881368318 1.7303873e-05 381
1741881369068 1.7455166e-05 382
1741881369813 1.7326809e-05 383
1741881370550 1.718531e-05 384
1741881371297 1.704781e-05 385
1741881372053 1.7144226e-05 386
1741881372798 1.7293374e-05 387
1741881373558 1.7257798e-05 388
1741881374300 1.7255874e-05 389
1741881375047 1.700631e-05 390
1741881375792 1.6850121e-05 391
1741881376537 1.6833736e-05 392
1741881377281 1.7117645e-05 393
1741881378029 1.7140088e-05 394
1741881378783 1.7132395e-05 395
1741881379531 1.7047925e-05 396
1741881380286 1.6998132e-05 397
1741881381030 1.703676e-05 398
1741881381780 1.6854383e-05 399
1741881382542 1.6588872e-05 400
1741881383285 1.6871203e-05 401
1741881384034 1.6865315e-05 402
1741881384782 1.6876189e-05 403
1741881385538 1.6597545e-05 404
1741881386282 1.6677614e-05 405
1741881387029 1.6906208e-05 406
1741881387777 1.6431834e-05 407
1741881388518 1.6488699e-05 408
1741881389259 1.6567095e-05 409
1741881390007 1.6535545e-05 410
1741881390758 1.6551412e-05 411
1741881391518 1.6369739e-05 412
1741881392269 1.6357282e-05 413
1741881393021 1.6454842e-05 414
1741881393771 1.6704562e-05 415
1741881394513 1.6331962e-05 416
1741881395258 1.6268632e-05 417
1741881396007 1.602036e-05 418
1741881396753 1.65442e-05 419
1741881397494 1.6534446e-05 420
1741881398242 1.62467e-05 421
1741881398996 1.6249973e-05 422
1741881399752 1.6310301e-05 423
1741881400501 1.5877158e-05 424
1741881401250 1.6152684e-05 425
1741881402099 1.6058768e-05 426
