1741880651983 1.4869844 0
1741880652759 1.429735 1
1741880653428 1.4085305 2
1741880654090 1.4042826 3
1741880654750 1.4018879 4
1741880655396 1.37484 5
1741880656055 1.3392127 6
1741880656712 1.3142061 7
1741880657361 1.3067222 8
1741880658013 1.3253493 9
1741880658677 1.3450952 10
1741880659333 1.3372736 11
1741880659980 1.3272924 12
1741880660628 1.341485 13
1741880661283 1.3383186 14
1741880661934 1.328745 15
1741880662594 1.3455873 16
1741880663244 1.3480282 17
1741880663906 1.3700038 18
1741880664557 1.3529966 19
1741880665202 1.3224752 20
1741880665858 1.3312929 21
1741880666507 1.3296232 22
1741880667167 1.3439556 23
1741880667927 1.3361888 24
1741880668685 1.3150991 25
1741880669441 1.3193014 26
1741880670199 1.3894749 27
1741880670952 1.5039705 28
1741880671722 1.5212862 29
1741880672473 1.4917798 30
1741880673226 1.448154 31
1741880673970 1.4075564 32
1741880674728 1.3748336 33
1741880675477 1.3500161 34
1741880676225 1.3397541 35
1741880676988 1.3687634 36
1741880677741 1.4009328 37
1741880678498 1.3748147 38
1741880679256 1.3595872 39
1741880680009 1.3852949 40
1741880680779 1.3642762 41
1741880681535 1.3346462 42
1741880682284 1.3397434 43
1741880683039 1.3665338 44
1741880683798 1.3680205 45
1741880684552 1.3884147 46
1741880685319 1.4479647 47
1741880686100 1.4801431 48
1741880686871 1.4979409 49
1741880687624 1.5159664 50
1741880688389 1.5091192 51
1741880689168 1.4824592 52
1741880689923 1.4388934 53
1741880690690 1.3971858 54
1741880691452 1.3750479 55
1741880692197 1.3714089 56
1741880692950 1.389533 57
1741880693720 1.4075487 58
1741880694503 1.441035 59
1741880695320 1.4726452 60
1741880696093 1.4660585 61
1741880696846 1.4462323 62
1741880697600 1.4522295 63
1741880698480 1.4287362 64
1741880699371 1.4275008 65
1741880700123 1.4311664 66
1741880700842 1.4436617 67
1741880701570 1.4567332 68
1741880702306 1.4555881 69
1741880703030 1.4470091 70
1741880703769 1.4553008 71
1741880704507 1.4376426 72
1741880705272 1.3986769 73
1741880706014 1.3449166 74
1741880706756 1.3118395 75
1741880707488 1.3065414 76
1741880708233 1.3314244 77
1741880709016 1.3558888 78
1741880709801 1.4252917 79
1741880710585 1.4763119 80
1741880711352 1.4934042 81
1741880712127 1.4977889 82
1741880712891 1.4740295 83
1741880713639 1.4428241 84
1741880714390 1.4448016 85
1741880715135 1.430522 86
1741880715885 1.4082713 87
1741880716631 1.4024255 88
1741880717371 1.4106171 89
1741880718119 1.4218494 90
1741880718876 1.4326239 91
1741880719636 1.4297738 92
1741880720391 1.4210191 93
1741880721147 1.407214 94
1741880721903 1.4194183 95
1741880722648 1.4117029 96
1741880723392 1.3810098 97
1741880724134 1.3518684 98
1741880724889 1.3383428 99
1741880725836 1.3263159 100
1741880726587 1.3101804 101
1741880727333 1.2950125 102
1741880728086 1.3899251 103
1741880728837 1.4169871 104
1741880729580 1.4077861 105
1741880730326 1.411588 106
1741880731078 1.4138293 107
1741880731826 1.3970721 108
1741880732583 1.392914 109
1741880733338 1.412507 110
1741880734084 1.454505 111
1741880734827 1.4853241 112
1741880735570 1.4908602 113
1741880736323 1.489161 114
1741880737076 1.4728558 115
1741880737824 1.424322 116
1741880738571 1.3695097 117
1741880739335 1.3364825 118
1741880740074 1.3348997 119
1741880740828 1.3609627 120
1741880741564 1.3705788 121
1741880742323 1.3681872 122
1741880743077 1.3595147 123
1741880743825 1.3667428 124
1741880744566 1.3937569 125
1741880745315 1.4156625 126
1741880746072 1.4145215 127
1741880746813 1.4266734 128
1741880747571 1.4015013 129
1741880748317 1.3826609 130
1741880749067 1.384666 131
1741880749818 1.3732269 132
1741880750568 1.3882484 133
1741880751312 1.4102021 134
1741880752054 1.3983903 135
1741880752799 1.3895352 136
1741880753550 1.4098272 137
1741880754297 1.4219444 138
1741880755048 1.4565735 139
1741880755803 1.4646957 140
1741880756546 1.4606835 141
1741880757298 1.4438503 142
1741880758048 1.414571 143
1741880758811 1.3853781 144
1741880759560 1.3784863 145
1741880760310 1.3933979 146
1741880761063 1.3976653 147
1741880761807 1.3892217 148
1741880762547 1.3825824 149
1741880763292 1.3807703 150
1741880764038 1.3765321 151
1741880764781 1.3651516 152
1741880765526 1.3544548 153
1741880766280 1.3691263 154
1741880767033 1.3768977 155
1741880767780 1.3472855 156
1741880768519 1.3819299 157
1741880769272 1.3883177 158
1741880770026 1.4233902 159
1741880770774 1.4887307 160
1741880771524 1.4721643 161
1741880772270 1.4194809 162
1741880773012 1.3743117 163
1741880773775 1.369617 164
1741880774523 1.4147809 165
1741880775272 1.4190792 166
1741880776035 1.4452806 167
1741880776791 1.4339662 168
1741880777547 1.3976665 169
1741880778300 1.3666203 170
1741880779062 1.3272296 171
1741880779809 1.3032767 172
1741880780553 1.2797129 173
1741880781304 1.2700324 174
1741880782047 1.2525638 175
1741880782798 1.342422 176
1741880783549 1.4008157 177
1741880784296 1.4751177 178
1741880785039 1.5244191 179
1741880785781 1.5171163 180
1741880786531 1.4971461 181
1741880787280 1.4788558 182
1741880788034 1.4474337 183
1741880788782 1.4256823 184
1741880789539 1.4114532 185
1741880790284 1.4141068 186
1741880791030 1.3980392 187
1741880791769 1.3844907 188
1741880792517 1.35218 189
1741880793267 1.3342754 190
1741880794024 1.3227345 191
1741880794802 1.3134 192
1741880795554 1.3180437 193
1741880796301 1.33428 194
1741880797055 1.3508388 195
1741880797804 1.3847835 196
1741880798553 1.4369447 197
1741880799302 1.42196 198
1741880800052 1.3659219 199
1741880800889 1.2969218 200
1741880801658 1.2598331 201
1741880802417 1.3256387 202
1741880803174 1.346678 203
1741880803914 1.3427479 204
1741880804662 1.3439689 205
1741880805407 1.3378915 206
1741880806154 1.3110487 207
1741880806920 1.3121719 208
1741880807678 1.3381865 209
1741880808426 1.3776088 210
1741880809183 1.4067352 211
1741880809926 1.4408101 212
1741880810685 1.434371 213
1741880811430 1.4333031 214
1741880812172 1.4201648 215
1741880812926 1.4245093 216
1741880813688 1.3812613 217
1741880814443 1.3657355 218
1741880815198 1.3760397 219
1741880815944 1.3716911 220
1741880816686 1.3612065 221
1741880817427 1.3731984 222
1741880818175 1.3775868 223
1741880818926 1.3616388 224
1741880819674 1.3677745 225
1741880820422 1.4013002 226
1741880821166 1.455641 227
1741880821916 1.4480075 228
1741880822680 1.444057 229
1741880823430 1.4461437 230
1741880824179 1.4413553 231
1741880824928 1.4282047 232
1741880825703 1.4126141 233
1741880826466 1.4091432 234
1741880827212 1.4006073 235
1741880827960 1.3779457 236
1741880828706 1.359375 237
1741880829460 1.3324702 238
1741880830219 1.3116176 239
1741880830975 1.3023926 240
1741880831726 1.3033249 241
1741880832478 1.3150761 242
1741880833237 1.3790369 243
1741880833984 1.4619863 244
1741880834732 1.4801372 245
1741880835485 1.4694993 246
1741880836242 1.4610763 247
1741880836991 1.4566234 248
1741880837735 1.3903573 249
1741880838478 1.3403311 250
1741880839232 1.318896 251
1741880839980 1.2885702 252
1741880840729 1.2463214 253
1741880841478 1.218964 254
1741880842233 1.19861 255
1741880842988 1.2515068 256
1741880843740 1.248295 257
1741880844496 1.2175899 258
1741880845243 1.2120538 259
1741880846000 1.1725993 260
1741880846755 1.2052808 261
1741880847505 1.2239151 262
1741880848247 1.3463628 263
1741880848998 1.5745966 264
1741880849749 1.5662279 265
1741880850504 1.4917359 266
1741880851250 1.4165422 267
1741880851998 1.342205 268
1741880852759 1.3173423 269
1741880853506 1.315687 270
1741880854255 1.3736172 271
1741880855016 1.4385208 272
1741880855779 1.4366646 273
1741880856535 1.436624 274
1741880857285 1.4209874 275
1741880858036 1.4137522 276
1741880858782 1.4153957 277
1741880859536 1.3683212 278
1741880860282 1.3389434 279
1741880861035 1.3387084 280
1741880861777 1.3104861 281
1741880862521 1.2402601 282
1741880863276 1.1950915 283
1741880864033 1.1786022 284
1741880864778 1.170629 285
1741880865520 1.2025068 286
1741880866278 1.2466786 287
1741880867039 1.2458353 288
1741880867796 1.2652893 289
1741880868545 1.3740346 290
1741880869293 1.3066344 291
1741880870040 1.2484391 292
1741880870786 1.2068614 293
1741880871549 1.1890984 294
1741880872303 1.1783047 295
1741880873066 1.1943325 296
1741880873828 1.2297742 297
1741880874582 1.2252535 298
1741880875334 1.1785655 299
1741880876176 1.164078 300
1741880876922 1.2041447 301
1741880877675 1.274648 302
1741880878429 1.3256879 303
1741880879176 1.4708626 304
1741880879927 1.4968684 305
1741880880680 1.5120682 306
1741880881428 1.5048482 307
1741880882178 1.5055783 308
1741880882941 1.4718957 309
1741880883690 1.4302865 310
1741880884438 1.4057469 311
1741880885189 1.3680922 312
1741880885940 1.3429353 313
1741880886689 1.3239186 314
1741880887443 1.2808924 315
1741880888202 1.2623851 316
1741880888955 1.2688072 317
1741880889694 1.2771322 318
1741880890441 1.2548499 319
1741880891194 1.2705055 320
1741880891950 1.3406817 321
1741880892696 1.2896917 322
1741880893448 1.2919457 323
1741880894202 1.3115025 324
1741880894952 1.3389904 325
1741880895706 1.3408785 326
1741880896452 1.328964 327
1741880897196 1.302733 328
1741880897951 1.2875901 329
1741880898719 1.2551813 330
1741880899483 1.2043399 331
1741880900250 1.2576799 332
1741880900998 1.2996514 333
1741880901742 1.2373695 334
1741880902502 1.194392 335
1741880903264 1.11394 336
1741880904007 1.0634487 337
1741880904749 1.0371518 338
1741880905496 0.99710244 339
1741880906253 1.0238104 340
1741880907004 1.0912793 341
1741880907755 1.2084948 342
1741880908515 1.337906 343
1741880909264 1.5895259 344
1741880910009 1.4917285 345
1741880910745 1.357151 346
1741880911487 1.2732 347
1741880912247 1.2355353 348
1741880912998 1.2267478 349
1741880913738 1.2176104 350
1741880914483 1.2479793 351
1741880915238 1.3155327 352
1741880915987 1.3458273 353
1741880916745 1.3439434 354
1741880917499 1.3352847 355
1741880918251 1.3576857 356
1741880919005 1.3882699 357
1741880919746 1.3953481 358
1741880920495 1.3904109 359
1741880921258 1.3603907 360
1741880922010 1.3049076 361
1741880922756 1.2625594 362
1741880923512 1.1675117 363
1741880924263 1.0780632 364
1741880925014 1.0120573 365
1741880925766 0.97186893 366
1741880926508 0.9534627 367
1741880927259 1.0671161 368
1741880928009 1.1908969 369
1741880928757 1.50042 370
1741880929500 1.5578403 371
1741880930256 1.4901536 372
1741880931006 1.3824391 373
1741880931752 1.3060961 374
1741880932513 1.2649233 375
1741880933260 1.248785 376
1741880934011 1.2640364 377
1741880934760 1.2065122 378
1741880935516 1.1708881 379
1741880936265 1.1367655 380
1741880937027 1.0732527 381
1741880937782 1.055232 382
1741880938531 1.0091454 383
1741880939288 1.0015763 384
1741880940047 0.9855816 385
1741880940795 1.0490246 386
1741880941537 1.0811938 387
1741880942291 1.0819898 388
1741880943050 1.0494454 389
1741880943803 0.9557173 390
1741880944546 0.9369489 391
1741880945286 0.9222373 392
1741880946039 1.113665 393
1741880946787 1.2251735 394
1741880947533 1.1613913 395
1741880948279 1.105968 396
1741880949032 1.0795219 397
1741880949776 1.1057463 398
1741880950524 1.3837489 399
1741880951370 1.2120461 400
1741880952115 1.1196024 401
1741880952859 1.0767983 402
1741880953605 1.0395813 403
1741880954357 1.0635285 404
1741880955111 1.0541661 405
1741880955871 0.99780047 406
1741880956631 1.0601735 407
1741880957388 1.0855442 408
1741880958143 1.0884352 409
1741880958891 1.0024148 410
1741880959648 1.1001327 411
1741880960403 1.5965085 412
1741880961152 1.5877309 413
1741880961906 1.4643183 414
1741880962654 1.4220155 415
1741880963408 1.3516908 416
1741880964146 1.3101119 417
1741880964893 1.2698659 418
1741880965642 1.18558 419
1741880966395 1.1538632 420
1741880967144 1.1321034 421
1741880967904 1.1390315 422
1741880968672 1.0833302 423
1741880969421 1.076267 424
1741880970178 1.003491 425
1741880970928 1.0139838 426
1741880971676 1.0275961 427
1741880972425 1.065063 428
1741880973175 1.0747795 429
1741880973928 1.0473533 430
1741880974675 0.96074855 431
1741880975429 0.963194 432
1741880976181 1.0253315 433
1741880976943 1.1800544 434
1741880977706 1.7658017 435
1741880978459 1.6307452 436
1741880979221 1.3555256 437
1741880979963 1.199978 438
1741880980714 1.1844605 439
1741880981462 1.099819 440
1741880982208 1.0434724 441
1741880982956 0.95245266 442
1741880983708 0.915462 443
1741880984454 0.9121483 444
1741880985199 0.9407028 445
1741880985956 0.96408963 446
1741880986713 0.94707596 447
1741880987461 0.9447839 448
1741880988205 1.0171602 449
1741880988953 0.9726289 450
1741880989704 0.89554036 451
1741880990446 0.8412241 452
1741880991196 0.8385489 453
1741880991938 0.83223724 454
1741880992699 0.8695144 455
1741880993442 0.8474977 456
1741880994181 1.0309627 457
1741880994933 1.3507936 458
1741880995684 1.3355708 459
1741880996433 1.3273218 460
1741880997188 1.302404 461
1741880997941 1.2139394 462
1741880998695 1.1139529 463
1741880999443 1.0770464 464
1741881000190 1.0668991 465
1741881000938 1.1153944 466
1741881001697 1.0788317 467
1741881002445 1.0783362 468
1741881003192 1.0312438 469
1741881003936 0.96041226 470
1741881004694 0.9158132 471
1741881005459 0.9486286 472
1741881006203 0.9459472 473
1741881006961 0.9935454 474
1741881007713 0.9923954 475
1741881008469 0.99341476 476
1741881009214 0.9528593 477
1741881009963 0.9587066 478
1741881010710 1.0442915 479
1741881011462 1.2056041 480
1741881012212 1.3700359 481
1741881012962 1.4664524 482
1741881013711 1.4209411 483
1741881014469 1.3756366 484
1741881015213 1.2298536 485
1741881015962 1.1172113 486
1741881016730 0.9944854 487
1741881017481 0.9484762 488
1741881018234 0.94237745 489
1741881018992 1.024805 490
1741881019745 1.1669903 491
1741881020492 1.2057664 492
1741881021240 1.270895 493
1741881022001 1.2934335 494
1741881022775 1.349599 495
1741881023528 1.4574475 496
1741881024271 1.5111656 497
1741881025017 1.5116489 498
1741881025768 1.5273592 499
1741881026614 1.5226917 500
1741881027367 1.4902688 501
1741881028108 1.4783498 502
1741881028858 1.4628654 503
1741881029610 1.4358759 504
1741881030362 1.3818578 505
1741881031108 1.3458543 506
1741881031865 1.3375783 507
1741881032618 1.3346586 508
1741881033369 1.345036 509
1741881034121 1.3824484 510
1741881034875 1.3970742 511
1741881035628 1.3702666 512
1741881036376 1.3799908 513
1741881037120 1.3732147 514
1741881037876 1.3722064 515
1741881038627 1.3651576 516
1741881039379 1.3614525 517
1741881040130 1.350969 518
1741881040890 1.3738074 519
1741881041634 1.3959017 520
1741881042396 1.4402349 521
1741881043138 1.4368894 522
1741881043891 1.4341539 523
1741881044640 1.4131991 524
1741881045393 1.3937638 525
1741881046147 1.3656037 526
1741881046893 1.3530154 527
1741881047651 1.3556709 528
1741881048398 1.3935889 529
1741881049147 1.3850627 530
1741881049895 1.3875101 531
1741881050646 1.3905402 532
1741881051388 1.3679843 533
1741881052123 1.3262553 534
1741881052867 1.3020866 535
1741881053615 1.2992569 536
1741881054365 1.2657425 537
1741881055111 1.272131 538
1741881055856 1.2727413 539
1741881056617 1.2905593 540
1741881057366 1.318076 541
1741881058120 1.3587117 542
1741881058868 1.3742757 543
1741881059615 1.3866842 544
1741881060387 1.3995386 545
1741881061129 1.3948889 546
1741881061878 1.3820283 547
1741881062632 1.3730172 548
1741881063393 1.3659782 549
1741881064146 1.366725 550
1741881064898 1.3527076 551
1741881065646 1.3255072 552
1741881066404 1.3163884 553
1741881067156 1.3049681 554
1741881067920 1.3011616 555
1741881068673 1.303726 556
1741881069424 1.3296118 557
1741881070177 1.3436377 558
1741881070931 1.3375766 559
1741881071678 1.3493837 560
1741881072420 1.3505077 561
1741881073172 1.3802531 562
1741881073927 1.4193196 563
1741881074675 1.4192678 564
1741881075428 1.404725 565
1741881076180 1.3615792 566
1741881076924 1.302382 567
1741881077683 1.2600434 568
1741881078433 1.2412035 569
1741881079189 1.2222055 570
1741881079942 1.2030382 571
1741881080695 1.2091173 572
1741881081450 1.2321916 573
1741881082844 1.2843602 0
1741881083601 1.2876427 1
1741881084363 1.244288 2
1741881085119 1.20276 3
1741881085864 1.2277036 4
1741881086621 1.2703056 5
1741881087369 1.3300017 6
1741881088116 1.4222953 7
1741881088862 1.4594012 8
1741881089614 1.4703951 9
1741881090370 1.4787071 10
1741881091119 1.4586525 11
1741881091876 1.4379852 12
1741881092619 1.3892223 13
1741881093391 1.3485394 14
1741881094160 1.314765 15
1741881094922 1.2939379 16
1741881095674 1.2720306 17
1741881096421 1.2452464 18
1741881097170 1.2249913 19
1741881097923 1.2380075 20
1741881098675 1.2779291 21
1741881099439 1.3121992 22
1741881100199 1.3308109 23
1741881100954 1.3446722 24
1741881101716 1.3583874 25
1741881102560 1.3746024 26
1741881103304 1.3741663 27
1741881104055 1.3735969 28
1741881104813 1.3743076 29
1741881105562 1.3655863 30
1741881106310 1.3295943 31
1741881107047 1.2960839 32
1741881107799 1.2423508 33
1741881108552 1.2507952 34
1741881109295 1.2529283 35
1741881110048 1.2699826 36
1741881110796 1.2779348 37
1741881111538 1.3025551 38
1741881112287 1.3069828 39
1741881113041 1.3152951 40
1741881113783 1.3276906 41
1741881114527 1.3011315 42
1741881115275 1.2986307 43
1741881116044 1.2761216 44
1741881116797 1.2473562 45
1741881117548 1.217962 46
1741881118301 1.230859 47
1741881119061 1.3111808 48
1741881119806 1.3441546 49
1741881120563 1.3797989 50
1741881121308 1.3831077 51
1741881122051 1.3560326 52
1741881122805 1.3251889 53
1741881123563 1.315695 54
1741881124304 1.2953978 55
1741881125068 1.2718798 56
1741881125809 1.265012 57
1741881126549 1.2559911 58
1741881127291 1.2307392 59
1741881128036 1.2208743 60
1741881128783 1.2164171 61
1741881129538 1.2127118 62
1741881130286 1.2381194 63
1741881131029 1.2944388 64
1741881131772 1.3884587 65
1741881132509 1.3879032 66
1741881133250 1.3647965 67
1741881133999 1.3181167 68
1741881134746 1.2804008 69
1741881135491 1.2774465 70
1741881136232 1.2884408 71
1741881136976 1.283658 72
1741881137730 1.2603586 73
1741881138477 1.2672428 74
1741881139224 1.3057969 75
1741881139970 1.3576924 76
1741881140714 1.401854 77
1741881141465 1.3680432 78
1741881142211 1.3442361 79
1741881142955 1.3124682 80
1741881143707 1.305157 81
1741881144461 1.2994431 82
1741881145244 1.2922037 83
1741881146010 1.3051697 84
1741881146763 1.3164959 85
1741881147514 1.3329849 86
1741881148260 1.3366377 87
1741881149003 1.3509452 88
1741881149757 1.3491185 89
1741881150503 1.3320464 90
1741881151249 1.2931846 91
1741881151999 1.24261 92
1741881152749 1.2168517 93
1741881153500 1.2041235 94
1741881154244 1.2101588 95
1741881154988 1.2294829 96
1741881155731 1.2353388 97
1741881156480 1.2343131 98
1741881157228 1.2320389 99
1741881157970 1.2483273 100
1741881158718 1.2585144 101
1741881159480 1.2718062 102
1741881160228 1.276323 103
1741881160984 1.3364941 104
1741881161737 1.3144879 105
1741881162487 1.2694018 106
1741881163239 1.231898 107
1741881163986 1.2031302 108
1741881164736 1.1862807 109
1741881165481 1.2132215 110
1741881166224 1.2182667 111
1741881166974 1.2454599 112
1741881167727 1.237917 113
1741881168475 1.2226636 114
1741881169222 1.2336094 115
1741881169957 1.2583575 116
1741881170700 1.2427399 117
1741881171444 1.2342913 118
1741881172192 1.2300563 119
1741881172939 1.2331798 120
1741881173682 1.2224017 121
1741881174425 1.2255869 122
1741881175170 1.2541806 123
1741881175924 1.3460015 124
1741881176682 1.3570048 125
1741881177526 1.331572 126
1741881178272 1.310114 127
1741881179022 1.2980311 128
1741881179769 1.275373 129
1741881180520 1.27055 130
1741881181262 1.2521851 131
1741881182008 1.219141 132
1741881182752 1.1849563 133
1741881183504 1.1791787 134
1741881184245 1.2045996 135
1741881184986 1.1985211 136
1741881185738 1.2183089 137
1741881186477 1.2482882 138
1741881187220 1.3298795 139
1741881187969 1.3885417 140
1741881188720 1.3555672 141
1741881189459 1.3285892 142
1741881190201 1.2819884 143
1741881190945 1.2432063 144
1741881191700 1.2388217 145
1741881192442 1.2335545 146
1741881193197 1.2255511 147
1741881193938 1.2003704 148
1741881194692 1.1525991 149
1741881195426 1.1313934 150
1741881196167 1.1166257 151
1741881196918 1.1231713 152
1741881197668 1.1320682 153
1741881198414 1.2458632 154
1741881199165 1.336079 155
1741881199913 1.4379488 156
1741881200662 1.4164108 157
1741881201406 1.3322982 158
1741881202155 1.2598386 159
1741881202901 1.2683926 160
1741881203644 1.2683656 161
1741881204404 1.278194 162
1741881205163 1.2975819 163
1741881205913 1.3205842 164
1741881206656 1.3086174 165
1741881207398 1.2529669 166
1741881208148 1.2024475 167
1741881208896 1.1679239 168
1741881209641 1.1819811 169
1741881210379 1.2704618 170
1741881211130 1.2746472 171
1741881211880 1.3199106 172
1741881212636 1.3298742 173
1741881213383 1.3211199 174
1741881214142 1.2506223 175
1741881214886 1.2094615 176
1741881215630 1.1937801 177
1741881216375 1.2848377 178
1741881217121 1.3087511 179
1741881217870 1.3012897 180
1741881218606 1.2770939 181
1741881219357 1.2300563 182
1741881220099 1.2196364 183
1741881220838 1.2100635 184
1741881221597 1.1634744 185
1741881222359 1.181931 186
1741881223093 1.2002016 187
1741881223843 1.2343916 188
1741881224586 1.2397192 189
1741881225334 1.2913172 190
1741881226079 1.2915208 191
1741881226841 1.3008411 192
1741881227599 1.280172 193
1741881228337 1.3144437 194
1741881229083 1.3432417 195
1741881229832 1.3474971 196
1741881230584 1.3329148 197
1741881231326 1.310049 198
1741881232078 1.2961991 199
1741881232824 1.2917056 200
1741881233574 1.2307286 201
1741881234315 1.2948895 202
1741881235051 1.3109132 203
1741881235801 1.4060684 204
1741881236550 1.4502317 205
1741881237297 1.4816022 206
1741881238040 1.4397247 207
1741881238781 1.3737652 208
1741881239533 1.3293499 209
1741881240269 1.2992022 210
1741881241014 1.229884 211
1741881241750 1.200536 212
1741881242492 1.1903214 213
1741881243241 1.1467292 214
1741881243986 1.15382 215
1741881244739 1.1264341 216
1741881245480 1.1544492 217
1741881246216 1.1487845 218
1741881246964 1.1873218 219
1741881247707 1.2203736 220
1741881248457 1.2640159 221
1741881249198 1.2598455 222
1741881249946 1.2485001 223
1741881250696 1.2401811 224
1741881251435 1.23486 225
1741881252274 1.2291436 226
1741881253028 1.2589353 227
1741881253774 1.2994709 228
1741881254522 1.273482 229
1741881255270 1.2417035 230
1741881256012 1.2029889 231
1741881256759 1.1621898 232
1741881257518 1.1366322 233
1741881258265 1.1228886 234
1741881259013 1.1538868 235
1741881259746 1.1579623 236
1741881260489 1.1511872 237
1741881261237 1.2290757 238
1741881261980 1.3674006 239
1741881262723 1.4073062 240
1741881263472 1.3998629 241
1741881264213 1.3577956 242
1741881264964 1.3246126 243
1741881265713 1.3209438 244
1741881266465 1.3516792 245
1741881267225 1.3386277 246
1741881267987 1.3499401 247
1741881268742 1.3840847 248
1741881269489 1.415774 249
1741881270242 1.3849759 250
1741881270996 1.3480574 251
1741881271741 1.2899458 252
1741881272490 1.2833819 253
1741881273234 1.2864447 254
1741881273978 1.2905641 255
1741881274726 1.2776519 256
1741881275473 1.2674251 257
1741881276210 1.2988234 258
1741881276952 1.2699093 259
1741881277716 1.257915 260
1741881278467 1.2708514 261
1741881279218 1.2839565 262
1741881279967 1.3188802 263
1741881280723 1.3284297 264
1741881281465 1.3289745 265
1741881282211 1.3352814 266
1741881282950 1.3590026 267
1741881283694 1.3553457 268
1741881284451 1.3334602 269
1741881285199 1.3130798 270
1741881285947 1.3290393 271
1741881286681 1.3459013 272
1741881287422 1.3589714 273
1741881288171 1.3869511 274
1741881288917 1.388424 275
1741881289659 1.3544722 276
1741881290412 1.3270061 277
1741881291155 1.3129008 278
1741881291908 1.2908149 279
1741881292659 1.2964416 280
1741881293409 1.2822237 281
1741881294156 1.2679005 282
1741881294901 1.2541237 283
1741881295648 1.2498806 284
1741881296398 1.2805152 285
1741881297143 1.3320475 286
1741881297891 1.3582971 287
1741881298642 1.3343668 288
1741881299385 1.3361697 289
1741881300122 1.2919605 290
1741881300865 1.2201837 291
1741881301613 1.1813575 292
1741881302370 1.1313294 293
1741881303122 1.1363055 294
1741881303870 1.1689816 295
1741881304616 1.1884128 296
1741881305360 1.1958475 297
1741881306096 1.2552605 298
1741881306838 1.3230165 299
1741881307586 1.3106194 300
1741881308327 1.2940221 301
1741881309072 1.2794495 302
1741881309816 1.2347696 303
1741881310573 1.1972843 304
1741881311320 1.2067368 305
1741881312069 1.2122741 306
1741881312811 1.2312443 307
1741881313558 1.2539165 308
1741881314304 1.2646487 309
1741881315053 1.2701678 310
1741881315795 1.237916 311
1741881316545 1.2319028 312
1741881317298 1.1832108 313
1741881318049 1.1859316 314
1741881318795 1.2103896 315
1741881319548 1.1943825 316
1741881320292 1.210677 317
1741881321035 1.2270496 318
1741881321781 1.2284658 319
1741881322530 1.2417891 320
1741881323275 1.2250044 321
1741881324019 1.1796345 322
1741881324758 1.1119735 323
1741881325498 1.1115118 324
1741881326247 1.0957782 325
1741881327085 1.1352986 326
1741881327838 1.1464157 327
1741881328618 1.176671 328
1741881329367 1.1183506 329
1741881330137 1.1403843 330
1741881330893 1.2062781 331
1741881331644 1.3106847 332
1741881332395 1.3312948 333
1741881333143 1.335787 334
1741881333893 1.3222753 335
1741881334636 1.3782732 336
1741881335392 1.3829548 337
1741881336148 1.3858054 338
1741881336888 1.3785722 339
1741881337635 1.4334815 340
1741881338398 1.459272 341
1741881339140 1.4613302 342
1741881339878 1.43099 343
1741881340634 1.4466554 344
1741881341383 1.3815677 345
1741881342133 1.3309909 346
1741881342873 1.2634839 347
1741881343626 1.1768258 348
1741881344396 1.1044395 349
1741881345157 1.1105964 350
1741881345901 1.0479145 351
1741881346645 1.0846922 352
1741881347388 1.1124105 353
1741881348139 1.0941194 354
1741881348880 1.0591457 355
1741881349623 1.1125591 356
1741881350380 1.200192 357
1741881351129 1.2282165 358
1741881351875 1.2843974 359
1741881352624 1.3934915 360
1741881353377 1.4964228 361
1741881354127 1.4539711 362
1741881354873 1.4088626 363
1741881355615 1.3834597 364
1741881356370 1.360892 365
1741881357118 1.3190341 366
1741881357868 1.2557638 367
1741881358616 1.2537357 368
1741881359363 1.2322406 369
1741881360110 1.2148932 370
1741881360855 1.1659994 371
1741881361598 1.1534731 372
1741881362339 1.1506557 373
1741881363096 1.1310599 374
1741881363840 1.1575518 375
1741881364582 1.1534791 376
1741881365323 1.1544721 377
1741881366071 1.1702167 378
1741881366818 1.2003462 379
1741881367570 1.3433425 380
1741881368316 1.3482347 381
1741881369066 1.288832 382
1741881369809 1.2897856 383
1741881370548 1.2734737 384
1741881371291 1.2337723 385
1741881372051 1.1847994 386
1741881372794 1.147799 387
1741881373556 1.1221738 388
1741881374298 1.1137104 389
1741881375042 1.0956545 390
1741881375788 1.0899724 391
1741881376531 1.1301825 392
1741881377277 1.1803203 393
1741881378027 1.2203124 394
1741881378781 1.1950715 395
1741881379527 1.2137542 396
1741881380280 1.1744716 397
1741881381026 1.1893886 398
1741881381776 1.1582055 399
1741881382538 1.1534466 400
1741881383283 1.1545621 401
1741881384032 1.1796739 402
1741881384778 1.1999966 403
1741881385536 1.1324166 404
1741881386280 1.1000457 405
1741881387027 1.1179307 406
1741881387775 1.1498147 407
1741881388514 1.1078727 408
1741881389255 1.0964859 409
1741881390002 1.134011 410
1741881390754 1.0808432 411
1741881391516 1.0560927 412
1741881392267 1.0444105 413
1741881393018 1.023515 414
1741881393769 0.9966002 415
1741881394511 0.9877401 416
1741881395254 0.98814005 417
1741881396003 1.035155 418
1741881396751 1.1349378 419
1741881397490 1.1167481 420
1741881398238 1.1483649 421
1741881398994 1.2059402 422
1741881399748 1.2797691 423
1741881400495 1.3566129 424
1741881401248 1.3617139 425
1741881402097 1.2960055 426
