1741880651987 4.790613 0
1741880652761 6.864306 1
1741880653430 8.6348915 2
1741880654090 10.127738 3
1741880654752 11.346624 4
1741880655396 12.417506 5
1741880656057 13.409795 6
1741880656714 14.266234 7
1741880657362 14.964297 8
1741880658015 15.508833 9
1741880658679 15.926205 10
1741880659335 16.376026 11
1741880659980 16.761944 12
1741880660630 17.018475 13
1741880661285 17.288906 14
1741880661936 17.60675 15
1741880662594 17.8461 16
1741880663246 18.107424 17
1741880663908 18.162828 18
1741880664559 18.240166 19
1741880665202 18.447714 20
1741880665860 18.557585 21
1741880666509 18.66257 22
1741880667169 18.71096 23
1741880667927 18.881739 24
1741880668685 19.253891 25
1741880669441 19.60933 26
1741880670201 19.789904 27
1741880670952 19.760498 28
1741880671724 19.952488 29
1741880672473 20.241327 30
1741880673228 20.55263 31
1741880673972 20.857744 32
1741880674729 21.144562 33
1741880675477 21.411545 34
1741880676230 21.598787 35
1741880676990 21.633556 36
1741880677743 21.557674 37
1741880678500 21.706038 38
1741880679258 21.70204 39
1741880680009 21.574638 40
1741880680779 21.598347 41
1741880681537 21.77459 42
1741880682284 21.915037 43
1741880683042 21.927963 44
1741880683800 21.989779 45
1741880684554 22.101059 46
1741880685321 22.14179 47
1741880686104 22.313639 48
1741880686873 22.462727 49
1741880687624 22.523052 50
1741880688391 22.684528 51
1741880689170 22.897816 52
1741880689926 23.266714 53
1741880690690 23.637032 54
1741880691452 24.001818 55
1741880692199 24.303074 56
1741880692952 24.430538 57
1741880693722 24.396044 58
1741880694507 24.168259 59
1741880695322 23.7988 60
1741880696095 23.492022 61
1741880696849 23.33782 62
1741880697602 23.205877 63
1741880698482 23.167747 64
1741880699372 23.182667 65
1741880700124 23.212885 66
1741880700844 23.144344 67
1741880701572 22.961327 68
1741880702308 22.805782 69
1741880703030 22.670769 70
1741880703770 22.534584 71
1741880704509 22.490576 72
1741880705274 22.610567 73
1741880706016 22.907309 74
1741880706757 23.2267 75
1741880707489 23.484652 76
1741880708236 23.59714 77
1741880709019 23.666885 78
1741880709805 23.601738 79
1741880710587 23.452303 80
1741880711355 23.233353 81
1741880712129 23.018158 82
1741880712893 22.89989 83
1741880713641 22.869078 84
1741880714392 22.767406 85
1741880715136 22.708118 86
1741880715887 22.717909 87
1741880716632 22.800804 88
1741880717373 22.859415 89
1741880718121 22.896616 90
1741880718877 22.888866 91
1741880719637 22.87461 92
1741880720393 22.913626 93
1741880721148 23.007526 94
1741880721905 22.960405 95
1741880722649 22.857388 96
1741880723394 22.780916 97
1741880724135 22.733164 98
1741880724891 22.725906 99
1741880725837 22.782902 100
1741880726589 22.892235 101
1741880727334 23.094692 102
1741880728088 23.093143 103
1741880728839 23.052885 104
1741880729582 23.052273 105
1741880730327 22.951729 106
1741880731079 22.814337 107
1741880731828 22.81873 108
1741880732584 22.923521 109
1741880733340 22.94726 110
1741880734086 22.856647 111
1741880734828 22.61746 112
1741880735572 22.347137 113
1741880736324 22.074936 114
1741880737079 21.80028 115
1741880737826 21.741922 116
1741880738573 21.869574 117
1741880739337 22.009735 118
1741880740076 22.147257 119
1741880740830 22.194765 120
1741880741566 22.204344 121
1741880742326 22.219255 122
1741880743079 22.258839 123
1741880743827 22.316713 124
1741880744568 22.313318 125
1741880745317 22.255772 126
1741880746074 22.171452 127
1741880746815 22.004402 128
1741880747574 21.91491 129
1741880748319 21.921566 130
1741880749068 21.981548 131
1741880749819 22.086735 132
1741880750569 22.098612 133
1741880751314 22.008423 134
1741880752056 22.016962 135
1741880752800 22.044014 136
1741880753552 22.010302 137
1741880754298 22.024971 138
1741880755049 21.895412 139
1741880755804 21.714237 140
1741880756548 21.563833 141
1741880757300 21.458315 142
1741880758049 21.396935 143
1741880758812 21.404943 144
1741880759562 21.417324 145
1741880760311 21.41342 146
1741880761065 21.414925 147
1741880761809 21.421888 148
1741880762549 21.410418 149
1741880763294 21.444984 150
1741880764039 21.567049 151
1741880764782 21.745922 152
1741880765529 21.93006 153
1741880766281 22.04026 154
1741880767034 22.144434 155
1741880767782 22.445387 156
1741880768521 22.624601 157
1741880769274 22.70787 158
1741880770028 22.637663 159
1741880770776 22.312098 160
1741880771526 22.105482 161
1741880772271 22.087305 162
1741880773016 22.16622 163
1741880773777 22.272041 164
1741880774525 22.236647 165
1741880775274 22.209044 166
1741880776037 22.025423 167
1741880776793 21.882956 168
1741880777548 21.842257 169
1741880778301 21.988451 170
1741880779063 22.279793 171
1741880779810 22.587614 172
1741880780555 22.94747 173
1741880781305 23.324026 174
1741880782048 23.766333 175
1741880782799 23.940683 176
1741880783550 24.102074 177
1741880784298 24.045425 178
1741880785041 23.889685 179
1741880785783 23.77852 180
1741880786533 23.620892 181
1741880787282 23.423956 182
1741880788035 23.258675 183
1741880788785 23.231508 184
1741880789541 23.297024 185
1741880790285 23.352 186
1741880791031 23.466806 187
1741880791771 23.612131 188
1741880792518 23.871353 189
1741880793269 24.075848 190
1741880794026 24.260187 191
1741880794804 24.454039 192
1741880795557 24.582668 193
1741880796302 24.661152 194
1741880797056 24.725962 195
1741880797806 24.778877 196
1741880798555 24.707504 197
1741880799304 24.69514 198
1741880800053 24.839487 199
1741880800890 25.119717 200
1741880801660 25.53725 201
1741880802418 25.816414 202
1741880803176 25.991535 203
1741880803916 26.101461 204
1741880804664 26.156763 205
1741880805408 26.245062 206
1741880806156 26.458858 207
1741880806922 26.595642 208
1741880807680 26.677916 209
1741880808428 26.792393 210
1741880809184 26.852814 211
1741880809929 26.670792 212
1741880810686 26.491058 213
1741880811431 26.312998 214
1741880812175 26.130354 215
1741880812927 25.912151 216
1741880813690 25.886267 217
1741880814444 25.923079 218
1741880815200 26.004036 219
1741880815945 26.14364 220
1741880816687 26.38186 221
1741880817428 26.617048 222
1741880818177 26.828545 223
1741880818927 27.042585 224
1741880819676 27.179688 225
1741880820423 27.22187 226
1741880821167 26.972307 227
1741880821917 26.794807 228
1741880822682 26.583963 229
1741880823432 26.324745 230
1741880824180 26.042822 231
1741880824931 25.829796 232
1741880825704 25.675732 233
1741880826468 25.593203 234
1741880827214 25.570536 235
1741880827962 25.650536 236
1741880828707 25.796892 237
1741880829462 25.999353 238
1741880830220 26.252056 239
1741880830977 26.492 240
1741880831727 26.72046 241
1741880832479 26.93581 242
1741880833239 26.936405 243
1741880833986 26.768717 244
1741880834734 26.606558 245
1741880835486 26.380617 246
1741880836244 26.131477 247
1741880836992 25.993492 248
1741880837737 26.123104 249
1741880838479 26.216698 250
1741880839234 26.253061 251
1741880839982 26.36364 252
1741880840731 26.58828 253
1741880841480 26.886757 254
1741880842234 27.40942 255
1741880842989 27.787817 256
1741880843742 28.233238 257
1741880844498 28.606934 258
1741880845246 29.091711 259
1741880846001 29.733463 260
1741880846757 30.167715 261
1741880847507 30.600136 262
1741880848248 30.60718 263
1741880849000 30.141964 264
1741880849751 29.84645 265
1741880850506 29.432102 266
1741880851252 29.131985 267
1741880851999 29.16574 268
1741880852760 29.283289 269
1741880853508 29.40553 270
1741880854256 29.366661 271
1741880855017 29.246159 272
1741880855781 29.169638 273
1741880856536 29.013357 274
1741880857287 28.900894 275
1741880858038 28.801971 276
1741880858784 28.582947 277
1741880859537 28.53933 278
1741880860283 28.470186 279
1741880861037 28.423319 280
1741880861778 28.529997 281
1741880862523 28.975893 282
1741880863279 29.56043 283
1741880864034 30.15884 284
1741880864780 30.840393 285
1741880865521 31.246422 286
1741880866280 31.73129 287
1741880867040 32.151302 288
1741880867798 32.379543 289
1741880868546 32.33786 290
1741880869295 32.568504 291
1741880870042 32.611454 292
1741880870787 32.80693 293
1741880871551 33.15212 294
1741880872305 33.5299 295
1741880873068 33.838276 296
1741880873830 34.090263 297
1741880874583 34.461258 298
1741880875335 35.060635 299
1741880876177 35.534733 300
1741880876924 35.98996 301
1741880877677 36.293568 302
1741880878431 36.475185 303
1741880879177 36.262695 304
1741880879928 36.11004 305
1741880880683 35.856743 306
1741880881429 35.57902 307
1741880882179 35.365803 308
1741880882942 35.271236 309
1741880883692 35.19381 310
1741880884439 35.101273 311
1741880885190 35.04035 312
1741880885942 35.03699 313
1741880886691 35.177536 314
1741880887444 35.60107 315
1741880888203 36.04388 316
1741880888956 36.477867 317
1741880889696 36.888542 318
1741880890444 37.453667 319
1741880891196 37.824368 320
1741880891952 38.044186 321
1741880892698 38.508915 322
1741880893449 38.507206 323
1741880894203 38.553944 324
1741880894954 38.59813 325
1741880895708 38.823254 326
1741880896454 39.047108 327
1741880897199 39.29023 328
1741880897953 39.578304 329
1741880898721 39.97843 330
1741880899484 40.461548 331
1741880900251 40.724506 332
1741880901000 41.18917 333
1741880901744 41.7148 334
1741880902504 42.103558 335
1741880903266 42.88577 336
1741880904008 43.746643 337
1741880904752 44.530945 338
1741880905497 45.44303 339
1741880906255 46.006374 340
1741880907005 46.415794 341
1741880907757 46.626476 342
1741880908516 46.58174 343
1741880909266 45.8847 344
1741880910010 45.46711 345
1741880910746 44.989964 346
1741880911490 44.8586 347
1741880912249 44.92256 348
1741880912999 45.023037 349
1741880913739 45.19231 350
1741880914485 45.32932 351
1741880915240 45.369003 352
1741880915989 45.443207 353
1741880916746 45.510864 354
1741880917500 45.518387 355
1741880918253 45.48624 356
1741880919007 45.515293 357
1741880919748 45.465733 358
1741880920498 45.421825 359
1741880921260 45.432045 360
1741880922011 45.45722 361
1741880922758 45.594666 362
1741880923514 46.07391 363
1741880924265 46.568142 364
1741880925016 47.295692 365
1741880925767 48.13713 366
1741880926511 48.93992 367
1741880927261 49.453835 368
1741880928011 50.005714 369
1741880928759 49.47567 370
1741880929501 49.222103 371
1741880930257 48.67966 372
1741880931008 48.30771 373
1741880931754 48.23761 374
1741880932514 48.23334 375
1741880933262 48.51367 376
1741880934013 48.741173 377
1741880934761 49.102993 378
1741880935517 49.308113 379
1741880936268 49.701538 380
1741880937028 50.31518 381
1741880937784 50.892776 382
1741880938533 51.901848 383
1741880939290 52.747543 384
1741880940049 53.652435 385
1741880940797 54.443325 386
1741880941538 55.03369 387
1741880942292 55.54356 388
1741880943052 56.057644 389
1741880943805 57.135143 390
1741880944547 58.071697 391
1741880945287 59.260075 392
1741880946042 59.863243 393
1741880946789 60.340557 394
1741880947534 60.97336 395
1741880948281 61.298695 396
1741880949033 61.73656 397
1741880949777 62.033302 398
1741880950526 61.531715 399
1741880951372 61.75763 400
1741880952116 61.532413 401
1741880952860 61.65407 402
1741880953606 61.726154 403
1741880954358 61.715176 404
1741880955112 62.079258 405
1741880955873 62.61506 406
1741880956633 63.00631 407
1741880957389 63.54409 408
1741880958145 63.924305 409
1741880958893 64.67886 410
1741880959649 65.09519 411
1741880960404 64.63446 412
1741880961154 64.43882 413
1741880961907 63.6935 414
1741880962655 63.16035 415
1741880963410 62.86361 416
1741880964149 62.475925 417
1741880964894 62.124363 418
1741880965643 62.15706 419
1741880966397 62.17922 420
1741880967146 62.36131 421
1741880967906 62.5588 422
1741880968674 63.130157 423
1741880969423 63.51768 424
1741880970180 64.34588 425
1741880970930 65.015 426
1741880971678 65.79596 427
1741880972426 66.50375 428
1741880973177 67.14307 429
1741880973929 67.862816 430
1741880974676 68.82045 431
1741880975431 69.58445 432
1741880976183 70.354645 433
1741880976944 70.69394 434
1741880977709 69.91674 435
1741880978460 69.818665 436
1741880979222 69.513855 437
1741880979965 69.343895 438
1741880980715 69.113495 439
1741880981463 69.16663 440
1741880982209 69.1796 441
1741880982958 69.47004 442
1741880983709 69.96823 443
1741880984456 70.49532 444
1741880985201 70.963554 445
1741880985958 71.38394 446
1741880986715 71.78104 447
1741880987462 72.260574 448
1741880988206 72.49996 449
1741880988955 72.996086 450
1741880989705 73.63457 451
1741880990448 74.32904 452
1741880991197 75.09873 453
1741880991940 75.60363 454
1741880992702 75.87947 455
1741880993444 76.2685 456
1741880994182 76.04201 457
1741880994934 75.41995 458
1741880995685 75.24034 459
1741880996434 74.511345 460
1741880997190 73.99248 461
1741880997943 73.79719 462
1741880998698 73.58608 463
1741880999444 73.307236 464
1741881000192 73.05177 465
1741881000939 72.594635 466
1741881001700 72.49122 467
1741881002447 72.164955 468
1741881003193 71.98583 469
1741881003938 72.18067 470
1741881004697 72.4266 471
1741881005460 72.50469 472
1741881006205 72.697556 473
1741881006962 72.67203 474
1741881007715 72.79402 475
1741881008471 72.96939 476
1741881009216 73.48505 477
1741881009965 73.97288 478
1741881010711 74.30792 479
1741881011464 74.086105 480
1741881012213 73.60386 481
1741881012965 72.72145 482
1741881013713 72.070595 483
1741881014471 71.31203 484
1741881015214 70.85635 485
1741881015964 70.57866 486
1741881016732 70.81635 487
1741881017483 71.08641 488
1741881018235 71.34673 489
1741881018994 71.51309 490
1741881019747 71.26541 491
1741881020493 71.06348 492
1741881021242 70.68453 493
1741881022003 70.31367 494
1741881022776 69.929886 495
1741881023529 69.08853 496
1741881024273 68.3335 497
1741881025018 67.44976 498
1741881025770 66.3307 499
1741881026615 65.2277 500
1741881027368 64.19066 501
1741881028109 63.09852 502
1741881028859 62.030727 503
1741881029612 60.966236 504
1741881030364 60.021935 505
1741881031109 59.164295 506
1741881031866 58.376442 507
1741881032619 57.58858 508
1741881033370 56.84566 509
1741881034123 56.068993 510
1741881034877 55.35158 511
1741881035629 54.673138 512
1741881036378 54.04757 513
1741881037121 53.39066 514
1741881037877 52.760677 515
1741881038629 52.186996 516
1741881039381 51.561394 517
1741881040132 50.925625 518
1741881040891 50.341896 519
1741881041635 49.70307 520
1741881042397 48.98998 521
1741881043140 48.28419 522
1741881043892 47.501804 523
1741881044642 46.77844 524
1741881045395 46.096634 525
1741881046149 45.45705 526
1741881046894 44.91736 527
1741881047652 44.29921 528
1741881048399 43.666958 529
1741881049150 43.0958 530
1741881049897 42.56523 531
1741881050648 42.08847 532
1741881051389 41.710667 533
1741881052125 41.408844 534
1741881052869 41.148037 535
1741881053616 40.92724 536
1741881054366 40.820526 537
1741881055112 40.650597 538
1741881055857 40.450954 539
1741881056620 40.185574 540
1741881057368 39.883286 541
1741881058122 39.686096 542
1741881058870 39.559956 543
1741881059617 39.31385 544
1741881060388 39.050865 545
1741881061130 38.796772 546
1741881061879 38.369736 547
1741881062634 38.007732 548
1741881063395 37.658348 549
1741881064147 37.272026 550
1741881064900 36.97566 551
1741881065649 36.764942 552
1741881066406 36.511692 553
1741881067158 36.396843 554
1741881067921 36.431343 555
1741881068674 36.34098 556
1741881069425 36.228848 557
1741881070186 36.008427 558
1741881070932 35.79433 559
1741881071680 35.503773 560
1741881072422 35.200344 561
1741881073174 34.820988 562
1741881073928 34.31404 563
1741881074677 33.878624 564
1741881075430 33.48397 565
1741881076183 33.210842 566
1741881076927 33.17057 567
1741881077685 33.2571 568
1741881078435 33.383076 569
1741881079190 33.525665 570
1741881079944 33.688538 571
1741881080698 33.81365 572
1741881081452 33.78769 573
1741881082844 33.596645 0
1741881083604 33.460682 1
1741881084366 33.459114 2
1741881085120 33.552917 3
1741881085867 33.46937 4
1741881086622 33.31114 5
1741881087370 33.101505 6
1741881088118 32.781796 7
1741881088865 32.40851 8
1741881089615 32.06652 9
1741881090371 31.688757 10
1741881091121 31.460514 11
1741881091877 31.185755 12
1741881092620 30.94736 13
1741881093392 30.862583 14
1741881094162 30.757244 15
1741881094925 30.694696 16
1741881095676 30.774939 17
1741881096422 30.89618 18
1741881097171 31.043493 19
1741881097924 31.196217 20
1741881098676 31.17678 21
1741881099441 31.051792 22
1741881100201 30.825409 23
1741881100955 30.564236 24
1741881101717 30.314512 25
1741881102561 30.070366 26
1741881103306 29.800957 27
1741881104057 29.550385 28
1741881104815 29.255198 29
1741881105563 29.101688 30
1741881106312 28.937405 31
1741881107048 28.983635 32
1741881107800 29.131914 33
1741881108555 29.1956 34
1741881109296 29.310556 35
1741881110049 29.386 36
1741881110798 29.410826 37
1741881111539 29.309183 38
1741881112290 29.30426 39
1741881113042 29.277521 40
1741881113784 29.361282 41
1741881114529 29.589981 42
1741881115277 29.798237 43
1741881116046 30.08392 44
1741881116798 30.137877 45
1741881117549 30.374115 46
1741881118302 30.34991 47
1741881119063 30.082464 48
1741881119807 29.693605 49
1741881120565 29.303204 50
1741881121310 28.902475 51
1741881122053 28.758629 52
1741881122807 28.672247 53
1741881123565 28.666487 54
1741881124304 28.716618 55
1741881125068 28.830904 56
1741881125811 29.04103 57
1741881126551 29.401598 58
1741881127293 29.661142 59
1741881128038 29.835203 60
1741881128789 30.064915 61
1741881129540 30.167368 62
1741881130286 30.136774 63
1741881131031 29.973719 64
1741881131774 29.460972 65
1741881132509 28.964958 66
1741881133252 28.547167 67
1741881134001 28.323536 68
1741881134748 28.234354 69
1741881135491 28.179785 70
1741881136234 28.144724 71
1741881136978 28.176094 72
1741881137732 28.299053 73
1741881138479 28.398993 74
1741881139226 28.400917 75
1741881139972 28.302412 76
1741881140716 28.193026 77
1741881141467 28.248583 78
1741881142213 28.215658 79
1741881142957 28.328884 80
1741881143707 28.354652 81
1741881144463 28.39648 82
1741881145246 28.402313 83
1741881146012 28.324049 84
1741881146764 28.297901 85
1741881147514 28.339247 86
1741881148262 28.369476 87
1741881149005 28.49641 88
1741881149757 28.400824 89
1741881150504 28.47447 90
1741881151251 28.492268 91
1741881151999 28.614489 92
1741881152753 28.7013 93
1741881153502 28.792992 94
1741881154244 28.847778 95
1741881154990 28.824541 96
1741881155733 28.884125 97
1741881156482 28.86819 98
1741881157230 29.037533 99
1741881157972 29.023512 100
1741881158720 29.311235 101
1741881159480 29.26089 102
1741881160228 29.650654 103
1741881160987 29.54045 104
1741881161739 29.872349 105
1741881162487 30.194492 106
1741881163241 30.671322 107
1741881163986 31.21067 108
1741881164738 31.702621 109
1741881165481 31.96534 110
1741881166226 32.214607 111
1741881166976 32.357315 112
1741881167729 32.547268 113
1741881168477 32.690895 114
1741881169224 32.89162 115
1741881169959 33.11379 116
1741881170702 33.509434 117
1741881171446 33.968777 118
1741881172194 34.38993 119
1741881172941 34.757652 120
1741881173686 35.163223 121
1741881174427 35.327312 122
1741881175172 35.412514 123
1741881175926 35.06379 124
1741881176684 34.884254 125
1741881177528 34.67438 126
1741881178276 34.51767 127
1741881179024 34.41044 128
1741881179771 34.36609 129
1741881180520 34.229156 130
1741881181263 34.341343 131
1741881182010 34.482243 132
1741881182754 34.766098 133
1741881183508 35.19598 134
1741881184247 35.589035 135
1741881184986 36.009403 136
1741881185738 36.323563 137
1741881186479 36.78181 138
1741881187222 36.85483 139
1741881187971 37.03042 140
1741881188720 37.01254 141
1741881189461 36.974655 142
1741881190203 37.034485 143
1741881190947 36.987766 144
1741881191700 36.861446 145
1741881192444 36.78143 146
1741881193199 36.570972 147
1741881193940 36.494743 148
1741881194694 36.51856 149
1741881195428 36.522804 150
1741881196169 36.706306 151
1741881196920 36.651947 152
1741881197670 36.83504 153
1741881198416 36.60175 154
1741881199167 36.815662 155
1741881199915 36.208252 156
1741881200664 36.453457 157
1741881201408 35.93284 158
1741881202157 36.138767 159
1741881202905 36.004955 160
1741881203646 35.8748 161
1741881204406 35.887344 162
1741881205167 35.660957 163
1741881205913 35.407402 164
1741881206658 35.33782 165
1741881207400 35.296276 166
1741881208150 35.435078 167
1741881208898 35.472412 168
1741881209643 35.830517 169
1741881210381 35.766525 170
1741881211130 35.987904 171
1741881211882 35.539898 172
1741881212636 35.79737 173
1741881213387 35.50711 174
1741881214142 35.884674 175
1741881214888 36.12655 176
1741881215632 36.282288 177
1741881216377 36.34093 178
1741881217121 36.23027 179
1741881217872 36.101955 180
1741881218608 36.017426 181
1741881219361 36.011364 182
1741881220101 35.893295 183
1741881220840 35.865253 184
1741881221599 36.005653 185
1741881222360 36.148907 186
1741881223095 36.406292 187
1741881223845 36.426537 188
1741881224588 36.52312 189
1741881225336 36.473804 190
1741881226079 36.515064 191
1741881226843 36.57601 192
1741881227599 36.759262 193
1741881228339 36.685165 194
1741881229085 36.643734 195
1741881229836 36.36082 196
1741881230586 36.40174 197
1741881231328 36.324883 198
1741881232080 36.45749 199
1741881232826 36.378124 200
1741881233576 36.772873 201
1741881234317 36.48095 202
1741881235052 36.72379 203
1741881235803 36.11467 204
1741881236552 36.05956 205
1741881237299 35.44078 206
1741881238042 35.36453 207
1741881238783 35.243217 208
1741881239535 35.129505 209
1741881240269 35.274113 210
1741881241014 35.342358 211
1741881241750 35.435333 212
1741881242492 35.54145 213
1741881243243 35.908035 214
1741881243988 36.172016 215
1741881244739 36.628162 216
1741881245480 36.925568 217
1741881246219 37.380234 218
1741881246964 37.58432 219
1741881247709 37.775715 220
1741881248457 37.818916 221
1741881249200 38.00257 222
1741881249946 38.21358 223
1741881250698 38.391872 224
1741881251437 38.620266 225
1741881252278 38.730145 226
1741881253028 38.726414 227
1741881253776 38.737392 228
1741881254523 38.661137 229
1741881255270 38.707676 230
1741881256013 38.782097 231
1741881256761 39.12411 232
1741881257520 39.331226 233
1741881258267 39.727066 234
1741881259013 39.58598 235
1741881259748 39.86955 236
1741881260489 39.579906 237
1741881261239 39.559425 238
1741881261982 38.921764 239
1741881262725 38.828262 240
1741881263474 38.18731 241
1741881264213 38.495247 242
1741881264964 37.85988 243
1741881265715 37.699577 244
1741881266472 37.44265 245
1741881267227 37.175587 246
1741881267987 37.061108 247
1741881268742 36.73943 248
1741881269493 36.506744 249
1741881270244 36.443855 250
1741881270998 36.376656 251
1741881271743 36.37953 252
1741881272492 36.393238 253
1741881273236 36.444218 254
1741881273978 36.47527 255
1741881274728 36.57703 256
1741881275475 36.619408 257
1741881276212 36.450256 258
1741881276954 36.40583 259
1741881277718 36.368004 260
1741881278467 36.272484 261
1741881279220 36.385036 262
1741881279969 36.11606 263
1741881280725 36.089264 264
1741881281465 35.953037 265
1741881282211 36.099667 266
1741881282952 35.936108 267
1741881283696 36.137093 268
1741881284453 35.973495 269
1741881285201 35.968666 270
1741881285949 35.951206 271
1741881286681 35.777225 272
1741881287422 35.977158 273
1741881288173 35.594685 274
1741881288919 35.67322 275
1741881289661 35.285892 276
1741881290415 35.345703 277
1741881291155 35.178986 278
1741881291909 35.195004 279
1741881292661 35.032627 280
1741881293411 34.965202 281
1741881294158 34.67457 282
1741881294903 34.518475 283
1741881295650 34.306625 284
1741881296398 34.057495 285
1741881297145 33.76252 286
1741881297893 33.369564 287
1741881298644 33.254692 288
1741881299387 33.06146 289
1741881300124 33.277912 290
1741881300867 33.581337 291
1741881301615 33.996758 292
1741881302372 34.673073 293
1741881303122 35.13515 294
1741881303872 35.430172 295
1741881304618 35.637543 296
1741881305360 35.69432 297
1741881306096 35.776733 298
1741881306840 35.624126 299
1741881307588 35.462692 300
1741881308329 35.40837 301
1741881309072 35.30052 302
1741881309818 35.451653 303
1741881310575 35.445293 304
1741881311322 35.47851 305
1741881312071 35.571995 306
1741881312811 35.46837 307
1741881313560 35.56409 308
1741881314304 35.32357 309
1741881315053 35.583054 310
1741881315795 35.39499 311
1741881316547 35.645065 312
1741881317300 35.714657 313
1741881318051 36.04794 314
1741881318797 36.195602 315
1741881319550 36.62395 316
1741881320294 36.745594 317
1741881321037 36.883266 318
1741881321783 36.890575 319
1741881322532 37.126194 320
1741881323277 37.24795 321
1741881324021 37.685486 322
1741881324760 38.29876 323
1741881325500 38.65319 324
1741881326249 39.474537 325
1741881327087 39.708626 326
1741881327840 40.404057 327
1741881328620 40.5222 328
1741881329369 41.340828 329
1741881330139 41.468746 330
1741881330895 41.86358 331
1741881331646 41.676003 332
1741881332395 41.63109 333
1741881333145 41.444714 334
1741881333895 41.34252 335
1741881334638 40.936478 336
1741881335395 40.75227 337
1741881336148 40.502884 338
1741881336890 40.436897 339
1741881337635 39.944164 340
1741881338400 39.487267 341
1741881339142 38.891487 342
1741881339880 38.423958 343
1741881340634 37.90107 344
1741881341383 37.851788 345
1741881342135 37.758915 346
1741881342875 38.131985 347
1741881343628 38.503437 348
1741881344396 39.246536 349
1741881345159 39.454754 350
1741881345903 40.3107 351
1741881346647 40.557384 352
1741881347390 41.26445 353
1741881348139 41.401955 354
1741881348882 42.32041 355
1741881349628 42.446777 356
1741881350382 42.50374 357
1741881351131 42.498055 358
1741881351875 42.14135 359
1741881352626 41.74546 360
1741881353378 41.11464 361
1741881354127 40.736378 362
1741881354873 40.26821 363
1741881355615 39.920574 364
1741881356372 39.580894 365
1741881357120 39.34393 366
1741881357870 39.603687 367
1741881358618 39.616474 368
1741881359365 39.979637 369
1741881360112 39.894283 370
1741881360855 40.364586 371
1741881361598 40.474007 372
1741881362341 40.870296 373
1741881363096 41.328907 374
1741881363842 41.634842 375
1741881364584 42.11886 376
1741881365325 42.415825 377
1741881366071 42.9561 378
1741881366820 43.158157 379
1741881367572 42.946526 380
1741881368318 42.897663 381
1741881369068 42.567802 382
1741881369811 42.37673 383
1741881370550 42.192646 384
1741881371293 42.184998 385
1741881372053 42.471504 386
1741881372798 42.773952 387
1741881373558 43.02058 388
1741881374298 43.309914 389
1741881375044 43.555676 390
1741881375790 43.79712 391
1741881376533 43.97305 392
1741881377279 44.101936 393
1741881378029 44.05473 394
1741881378783 44.303253 395
1741881379529 44.03797 396
1741881380284 44.93544 397
1741881381028 44.429108 398
1741881381778 44.765907 399
1741881382540 44.720333 400
1741881383285 44.82949 401
1741881384034 44.98424 402
1741881384780 45.12375 403
1741881385538 45.396275 404
1741881386280 45.70813 405
1741881387027 46.04899 406
1741881387777 46.34131 407
1741881388516 46.736492 408
1741881389257 47.053406 409
1741881390006 47.301186 410
1741881390756 47.759663 411
1741881391516 48.04042 412
1741881392269 48.594166 413
1741881393020 49.186413 414
1741881393771 49.821587 415
1741881394513 50.50384 416
1741881395256 51.111183 417
1741881396005 51.624523 418
1741881396753 51.883526 419
1741881397492 52.05638 420
1741881398240 52.04424 421
1741881398996 51.91428 422
1741881399750 51.43216 423
1741881400497 50.760376 424
1741881401250 50.140327 425
1741881402099 49.6463 426
