1743125427222 1.6855079 0
1743125427226 1.6855079 0
1743125428013 1.701982 1
1743125428017 1.701982 1
1743125428677 1.6690749 2
1743125428681 1.6690749 2
1743125429340 1.6286328 3
1743125429344 1.6286328 3
1743125429991 1.5677176 4
1743125429995 1.5677176 4
1743125430647 1.5023506 5
1743125430651 1.5023506 5
1743125431302 1.455936 6
1743125431306 1.455936 6
1743125431958 1.418031 7
1743125431962 1.418031 7
1743125432622 1.3860328 8
1743125432626 1.3860328 8
1743125433269 1.3565433 9
1743125433273 1.3565433 9
1743125433929 1.3333904 10
1743125433933 1.3333904 10
1743125434585 1.3209027 11
1743125434589 1.3209027 11
1743125435248 1.3208011 12
1743125435252 1.3208011 12
1743125435903 1.3326924 13
1743125435914 1.3326924 13
1743125436574 1.3467436 14
1743125436578 1.3467436 14
1743125437236 1.3619789 15
1743125437243 1.3619789 15
1743125437890 1.3609915 16
1743125437894 1.3609915 16
1743125438560 1.3578954 17
1743125438564 1.3578954 17
1743125439213 1.3603578 18
1743125439217 1.3603578 18
1743125439874 1.3705641 19
1743125439878 1.3705641 19
1743125440596 1.3865204 20
1743125440604 1.3865204 20
1743125441359 1.4274371 21
1743125441363 1.4274371 21
1743125442128 1.4386451 22
1743125442134 1.4386451 22
1743125442910 1.4341862 23
1743125442915 1.4341862 23
1743125443668 1.4242752 24
1743125443673 1.4242752 24
1743125444434 1.4292393 25
1743125444440 1.4292393 25
1743125445213 1.4415131 26
1743125445218 1.4415131 26
1743125445995 1.4551821 27
1743125445999 1.4551821 27
1743125446764 1.450124 28
1743125446768 1.450124 28
1743125447542 1.448173 29
1743125447548 1.448173 29
1743125448327 1.4450719 30
1743125448331 1.4450719 30
1743125449104 1.4367771 31
1743125449108 1.4367771 31
1743125449887 1.4119036 32
1743125449892 1.4119036 32
1743125450670 1.4101603 33
1743125450675 1.4101603 33
1743125451447 1.413558 34
1743125451451 1.413558 34
1743125452232 1.4183329 35
1743125452237 1.4183329 35
1743125453013 1.4216689 36
1743125453018 1.4216689 36
1743125453793 1.4350481 37
1743125453798 1.4350481 37
1743125454570 1.4437871 38
1743125454575 1.4437871 38
1743125455357 1.4291458 39
1743125455363 1.4291458 39
1743125456143 1.4076157 40
1743125456147 1.4076157 40
1743125456917 1.4086387 41
1743125456921 1.4086387 41
1743125457701 1.4231496 42
1743125457705 1.4231496 42
1743125458470 1.4000206 43
1743125458475 1.4000206 43
1743125459235 1.3788438 44
1743125459240 1.3788438 44
1743125460012 1.3803996 45
1743125460018 1.3803996 45
1743125460793 1.397938 46
1743125460798 1.397938 46
1743125461572 1.4037361 47
1743125461576 1.4037361 47
1743125462349 1.4159539 48
1743125462353 1.4159539 48
1743125463124 1.4325144 49
1743125463129 1.4325144 49
1743125463898 1.445267 50
1743125463904 1.445267 50
1743125464676 1.4420888 51
1743125464680 1.4420888 51
1743125465442 1.4182564 52
1743125465447 1.4182564 52
1743125466202 1.4167905 53
1743125466207 1.4167905 53
1743125466989 1.4415299 54
1743125466997 1.4415299 54
1743125467812 1.4537427 55
1743125467816 1.4537427 55
1743125468595 1.4437909 56
1743125468600 1.4437909 56
1743125469374 1.4153968 57
1743125469378 1.4153968 57
1743125470146 1.3847349 58
1743125470150 1.3847349 58
1743125470926 1.3721678 59
1743125470930 1.3721678 59
1743125471698 1.3577912 60
1743125471702 1.3577912 60
1743125472478 1.3727089 61
1743125472482 1.3727089 61
1743125473246 1.383735 62
1743125473250 1.383735 62
1743125474032 1.3715096 63
1743125474036 1.3715096 63
1743125474813 1.3608179 64
1743125474817 1.3608179 64
1743125475596 1.3604703 65
1743125475600 1.3604703 65
1743125476372 1.4034979 66
1743125476376 1.4034979 66
1743125477142 1.463894 67
1743125477148 1.463894 67
1743125477927 1.5220003 68
1743125477931 1.5220003 68
1743125478703 1.5099123 69
1743125478708 1.5099123 69
1743125479504 1.4898874 70
1743125479510 1.4898874 70
1743125480318 1.4751956 71
1743125480322 1.4751956 71
1743125481124 1.4797014 72
1743125481129 1.4797014 72
1743125481941 1.482208 73
1743125481950 1.482208 73
1743125482755 1.4638989 74
1743125482761 1.4638989 74
1743125483552 1.4449193 75
1743125483557 1.4449193 75
1743125484354 1.432548 76
1743125484363 1.432548 76
1743125485166 1.4237761 77
1743125485170 1.4237761 77
1743125485944 1.4213347 78
1743125485955 1.4213347 78
1743125486723 1.4132993 79
1743125486727 1.4132993 79
1743125487495 1.3903785 80
1743125487499 1.3903785 80
1743125488264 1.3703744 81
1743125488272 1.3703744 81
1743125489040 1.3789511 82
1743125489044 1.3789511 82
1743125489800 1.4122295 83
1743125489804 1.4122295 83
1743125490578 1.4303365 84
1743125490582 1.4303365 84
1743125491345 1.4321104 85
1743125491349 1.4321104 85
1743125492118 1.4329671 86
1743125492122 1.4329671 86
1743125492890 1.409018 87
1743125492895 1.409018 87
1743125493659 1.3867204 88
1743125493663 1.3867204 88
1743125494426 1.3696015 89
1743125494430 1.3696015 89
1743125495206 1.3689833 90
1743125495210 1.3689833 90
1743125495972 1.3748558 91
1743125495976 1.3748558 91
1743125496744 1.3993969 92
1743125496748 1.3993969 92
1743125497513 1.48086 93
1743125497517 1.48086 93
1743125498281 1.4961317 94
1743125498285 1.4961317 94
1743125499046 1.4878235 95
1743125499051 1.4878235 95
1743125499818 1.4741609 96
1743125499822 1.4741609 96
1743125500597 1.4527271 97
1743125500601 1.4527271 97
1743125501370 1.4322953 98
1743125501374 1.4322953 98
1743125502135 1.404736 99
1743125502139 1.404736 99
1743125503110 1.408522 100
1743125503115 1.408522 100
1743125503881 1.4355314 101
1743125503885 1.4355314 101
1743125504652 1.4327328 102
1743125504657 1.4327328 102
1743125505429 1.430069 103
1743125505433 1.430069 103
1743125506208 1.4289956 104
1743125506212 1.4289956 104
1743125506981 1.4377351 105
1743125506985 1.4377351 105
1743125507746 1.4329302 106
1743125507758 1.4329302 106
1743125508520 1.4207599 107
1743125508525 1.4207599 107
1743125509303 1.4136233 108
1743125509308 1.4136233 108
1743125510085 1.4067266 109
1743125510090 1.4067266 109
1743125510858 1.3928977 110
1743125510862 1.3928977 110
1743125511635 1.3659661 111
1743125511643 1.3659661 111
1743125512410 1.3507591 112
1743125512414 1.3507591 112
1743125513178 1.3646722 113
1743125513183 1.3646722 113
1743125513937 1.3871566 114
1743125513942 1.3871566 114
1743125514711 1.4337265 115
1743125514715 1.4337265 115
1743125515487 1.4602463 116
1743125515491 1.4602463 116
1743125516253 1.4612871 117
1743125516257 1.4612871 117
1743125517037 1.4555826 118
1743125517041 1.4555826 118
1743125517808 1.4345729 119
1743125517812 1.4345729 119
1743125518577 1.4226016 120
1743125518581 1.4226016 120
1743125519346 1.4157509 121
1743125519350 1.4157509 121
1743125520115 1.4156327 122
1743125520121 1.4156327 122
1743125520886 1.4174831 123
1743125520890 1.4174831 123
1743125521663 1.4202628 124
1743125521667 1.4202628 124
1743125522427 1.4275458 125
1743125522431 1.4275458 125
1743125523188 1.4366754 126
1743125523192 1.4366754 126
1743125523957 1.4472083 127
1743125523962 1.4472083 127
1743125524722 1.4507587 128
1743125524729 1.4507587 128
1743125525504 1.450573 129
1743125525509 1.450573 129
1743125526275 1.4295638 130
1743125526279 1.4295638 130
1743125527052 1.4080501 131
1743125527056 1.4080501 131
1743125527833 1.4094009 132
1743125527837 1.4094009 132
1743125528609 1.4152584 133
1743125528614 1.4152584 133
1743125529382 1.4028597 134
1743125529387 1.4028597 134
1743125530155 1.3848171 135
1743125530159 1.3848171 135
1743125530933 1.3693366 136
1743125530937 1.3693366 136
1743125531709 1.3635902 137
1743125531714 1.3635902 137
1743125532487 1.3564942 138
1743125532491 1.3564942 138
1743125533283 1.3476017 139
1743125533288 1.3476017 139
1743125534084 1.3413419 140
1743125534089 1.3413419 140
1743125534904 1.3260393 141
1743125534910 1.3260393 141
1743125535716 1.320673 142
1743125535724 1.320673 142
1743125536523 1.4015877 143
1743125536531 1.4015877 143
1743125537346 1.3857936 144
1743125537353 1.3857936 144
1743125538156 1.3638678 145
1743125538163 1.3638678 145
1743125538960 1.3613958 146
1743125538965 1.3613958 146
1743125539742 1.3861306 147
1743125539746 1.3861306 147
1743125540519 1.4031495 148
1743125540524 1.4031495 148
1743125541294 1.409526 149
1743125541298 1.409526 149
1743125542067 1.430357 150
1743125542072 1.430357 150
1743125542853 1.4806801 151
1743125542858 1.4806801 151
1743125543633 1.4860749 152
1743125543638 1.4860749 152
1743125544405 1.5042174 153
1743125544409 1.5042174 153
1743125545174 1.5085518 154
1743125545178 1.5085518 154
1743125545952 1.4939344 155
1743125545956 1.4939344 155
1743125546732 1.4685895 156
1743125546736 1.4685895 156
1743125547506 1.4338336 157
1743125547510 1.4338336 157
1743125548286 1.3987806 158
1743125548290 1.3987806 158
1743125549056 1.367657 159
1743125549061 1.367657 159
1743125549841 1.3384217 160
1743125549845 1.3384217 160
1743125550617 1.3304466 161
1743125550622 1.3304466 161
1743125551393 1.3441632 162
1743125551398 1.3441632 162
1743125552172 1.35273 163
1743125552177 1.35273 163
1743125552948 1.3771764 164
1743125552953 1.3771764 164
1743125553728 1.4097803 165
1743125553732 1.4097803 165
1743125554505 1.4218495 166
1743125554509 1.4218495 166
1743125555277 1.4192516 167
1743125555281 1.4192516 167
1743125556051 1.4216869 168
1743125556059 1.4216869 168
1743125556822 1.4188857 169
1743125556833 1.4188857 169
1743125557600 1.4133193 170
1743125557605 1.4133193 170
1743125558371 1.4083927 171
1743125558376 1.4083927 171
1743125559147 1.4130769 172
1743125559152 1.4130769 172
1743125559931 1.4179534 173
1743125559935 1.4179534 173
1743125560709 1.4188821 174
1743125560717 1.4188821 174
1743125561475 1.4358301 175
1743125561481 1.4358301 175
1743125562255 1.4440783 176
1743125562259 1.4440783 176
1743125563031 1.4316741 177
1743125563036 1.4316741 177
1743125563812 1.4165356 178
1743125563817 1.4165356 178
1743125564597 1.4267797 179
1743125564601 1.4267797 179
1743125565373 1.4222373 180
1743125565378 1.4222373 180
1743125566138 1.4239829 181
1743125566143 1.4239829 181
1743125566910 1.4124691 182
1743125566915 1.4124691 182
1743125567672 1.4013927 183
1743125567677 1.4013927 183
1743125568430 1.3870761 184
1743125568435 1.3870761 184
1743125569175 1.3769345 185
1743125569181 1.3769345 185
1743125569928 1.3751535 186
1743125569932 1.3751535 186
1743125570687 1.3894837 187
1743125570693 1.3894837 187
1743125571446 1.3878574 188
1743125571450 1.3878574 188
1743125572218 1.4057823 189
1743125572222 1.4057823 189
1743125572988 1.4142501 190
1743125572992 1.4142501 190
1743125573752 1.4280941 191
1743125573756 1.4280941 191
1743125574518 1.4501956 192
1743125574522 1.4501956 192
1743125575286 1.457823 193
1743125575292 1.457823 193
1743125576053 1.458235 194
1743125576057 1.458235 194
1743125576822 1.4484342 195
1743125576826 1.4484342 195
1743125577597 1.4379995 196
1743125577601 1.4379995 196
1743125578371 1.4294581 197
1743125578375 1.4294581 197
1743125579138 1.4268932 198
1743125579142 1.4268932 198
1743125579903 1.4318792 199
1743125579909 1.4318792 199
1743125580774 1.4326179 200
1743125580780 1.4326179 200
1743125581559 1.4316409 201
1743125581563 1.4316409 201
1743125582317 1.4213338 202
1743125582321 1.4213338 202
1743125583070 1.4103235 203
1743125583075 1.4103235 203
1743125583857 1.3986245 204
1743125583862 1.3986245 204
1743125584619 1.3938618 205
1743125584623 1.3938618 205
1743125585385 1.3957198 206
1743125585389 1.3957198 206
1743125586154 1.403625 207
1743125586160 1.403625 207
1743125586938 1.4128301 208
1743125586941 1.4128301 208
1743125587710 1.4192638 209
1743125587714 1.4192638 209
1743125588475 1.4135104 210
1743125588479 1.4135104 210
1743125589255 1.409055 211
1743125589259 1.409055 211
1743125590044 1.401568 212
1743125590050 1.401568 212
1743125590825 1.3902473 213
1743125590829 1.3902473 213
1743125591591 1.3805101 214
1743125591600 1.3805101 214
1743125592361 1.3808885 215
1743125592365 1.3808885 215
1743125593113 1.384316 216
1743125593117 1.384316 216
1743125593875 1.3801228 217
1743125593879 1.3801228 217
1743125594646 1.3683068 218
1743125594650 1.3683068 218
1743125595413 1.3586445 219
1743125595417 1.3586445 219
1743125596185 1.3609326 220
1743125596191 1.3609326 220
1743125596949 1.3677943 221
1743125596953 1.3677943 221
1743125597717 1.3719729 222
1743125597727 1.3719729 222
1743125598492 1.3687003 223
1743125598496 1.3687003 223
1743125599250 1.3634973 224
1743125599254 1.3634973 224
1743125600007 1.3637319 225
1743125600011 1.3637319 225
1743125600771 1.372282 226
1743125600775 1.372282 226
1743125601531 1.3825243 227
1743125601537 1.3825243 227
1743125602313 1.3821449 228
1743125602317 1.3821449 228
1743125603084 1.3848428 229
1743125603088 1.3848428 229
1743125603863 1.3817759 230
1743125603866 1.3817759 230
1743125604637 1.3720307 231
1743125604641 1.3720307 231
1743125605411 1.3902342 232
1743125605414 1.3902342 232
1743125606193 1.3905203 233
1743125606199 1.3905203 233
1743125606983 1.3946745 234
1743125606989 1.3946745 234
1743125607765 1.4115958 235
1743125607769 1.4115958 235
1743125608551 1.43389 236
1743125608555 1.43389 236
1743125609324 1.4541676 237
1743125609328 1.4541676 237
1743125610105 1.4754882 238
1743125610107 1.4754882 238
1743125610871 1.4760377 239
1743125610875 1.4760377 239
1743125611660 1.4806274 240
1743125611664 1.4806274 240
1743125612433 1.4722447 241
1743125612437 1.4722447 241
1743125613207 1.4593751 242
1743125613211 1.4593751 242
1743125613977 1.4391904 243
1743125613981 1.4391904 243
1743125614750 1.422214 244
1743125614754 1.422214 244
1743125615533 1.4171073 245
1743125615536 1.4171073 245
1743125616308 1.4250292 246
1743125616312 1.4250292 246
1743125617075 1.4470489 247
1743125617079 1.4470489 247
1743125617841 1.4458601 248
1743125617846 1.4458601 248
1743125618616 1.4353245 249
1743125618620 1.4353245 249
1743125619396 1.4225518 250
1743125619402 1.4225518 250
1743125620174 1.4074659 251
1743125620178 1.4074659 251
1743125620956 1.3942715 252
1743125620960 1.3942715 252
1743125621730 1.3847797 253
1743125621734 1.3847797 253
1743125622501 1.3816355 254
1743125622507 1.3816355 254
1743125623284 1.3787595 255
1743125623288 1.3787595 255
1743125624054 1.3778725 256
1743125624060 1.3778725 256
1743125624832 1.3768754 257
1743125624838 1.3768754 257
1743125625609 1.377243 258
1743125625613 1.377243 258
1743125626390 1.3743153 259
1743125626394 1.3743153 259
1743125627164 1.3726156 260
1743125627168 1.3726156 260
1743125627936 1.3681117 261
1743125627940 1.3681117 261
1743125628706 1.3679453 262
1743125628710 1.3679453 262
1743125629483 1.3662288 263
1743125629486 1.3662288 263
1743125630260 1.3711643 264
1743125630264 1.3711643 264
1743125631034 1.3890758 265
1743125631038 1.3890758 265
1743125631819 1.418653 266
1743125631825 1.418653 266
1743125632595 1.4873555 267
1743125632601 1.4873555 267
1743125633384 1.472594 268
1743125633388 1.472594 268
1743125634159 1.4491315 269
1743125634163 1.4491315 269
1743125634938 1.4200008 270
1743125634946 1.4200008 270
1743125635729 1.3940914 271
1743125635733 1.3940914 271
1743125636504 1.3701003 272
1743125636510 1.3701003 272
1743125637289 1.3482702 273
1743125637295 1.3482702 273
1743125638058 1.3435941 274
1743125638062 1.3435941 274
1743125638827 1.369635 275
1743125638833 1.369635 275
1743125639599 1.3979506 276
1743125639603 1.3979506 276
1743125640376 1.4253325 277
1743125640382 1.4253325 277
1743125641152 1.4336013 278
1743125641156 1.4336013 278
1743125641922 1.4385598 279
1743125641928 1.4385598 279
1743125642706 1.4326551 280
1743125642716 1.4326551 280
1743125643489 1.4256091 281
1743125643493 1.4256091 281
1743125644275 1.4119875 282
1743125644279 1.4119875 282
1743125645057 1.3977711 283
1743125645061 1.3977711 283
1743125645834 1.3855894 284
1743125645837 1.3855894 284
1743125646612 1.371882 285
1743125646617 1.371882 285
1743125647398 1.3628676 286
1743125647402 1.3628676 286
1743125648165 1.3545802 287
1743125648168 1.3545802 287
1743125648936 1.3667817 288
1743125648942 1.3667817 288
1743125649713 1.3974484 289
1743125649719 1.3974484 289
1743125650490 1.3992659 290
1743125650496 1.3992659 290
1743125651266 1.3914859 291
1743125651269 1.3914859 291
1743125652034 1.3854749 292
1743125652040 1.3854749 292
1743125652796 1.3743738 293
1743125652801 1.3743738 293
1743125653591 1.3555276 294
1743125653595 1.3555276 294
1743125654378 1.3388506 295
1743125654382 1.3388506 295
1743125655152 1.3337265 296
1743125655158 1.3337265 296
1743125655922 1.3390074 297
1743125655926 1.3390074 297
1743125656688 1.3582399 298
1743125656692 1.3582399 298
1743125657516 1.3636734 299
1743125657520 1.3636734 299
1743125658407 1.3552709 300
1743125658411 1.3552709 300
1743125659192 1.3597748 301
1743125659196 1.3597748 301
1743125659965 1.3870373 302
1743125659971 1.3870373 302
1743125660741 1.5089018 303
1743125660745 1.5089018 303
1743125661517 1.5246148 304
1743125661521 1.5246148 304
1743125662306 1.5181866 305
1743125662312 1.5181866 305
1743125663084 1.498045 306
1743125663088 1.498045 306
1743125663856 1.4809561 307
1743125663860 1.4809561 307
1743125664636 1.4590123 308
1743125664642 1.4590123 308
1743125665423 1.4476867 309
1743125665429 1.4476867 309
1743125666205 1.4271362 310
1743125666211 1.4271362 310
1743125666985 1.4026165 311
1743125666991 1.4026165 311
1743125667766 1.3806765 312
1743125667770 1.3806765 312
1743125668551 1.3648449 313
1743125668554 1.3648449 313
1743125669326 1.3522236 314
1743125669330 1.3522236 314
1743125670097 1.346957 315
1743125670101 1.346957 315
1743125670869 1.3425248 316
1743125670873 1.3425248 316
1743125671634 1.3430452 317
1743125671638 1.3430452 317
1743125672402 1.355983 318
1743125672408 1.355983 318
1743125673164 1.3801214 319
1743125673170 1.3801214 319
1743125673944 1.3999947 320
1743125673948 1.3999947 320
1743125674712 1.4109747 321
1743125674716 1.4109747 321
1743125675493 1.4244244 322
1743125675497 1.4244244 322
1743125676275 1.429076 323
1743125676279 1.429076 323
1743125677056 1.430196 324
1743125677060 1.430196 324
1743125677829 1.425142 325
1743125677835 1.425142 325
1743125678602 1.4227161 326
1743125678606 1.4227161 326
1743125679373 1.415904 327
1743125679377 1.415904 327
1743125680151 1.4099327 328
1743125680155 1.4099327 328
1743125680924 1.3952188 329
1743125680928 1.3952188 329
1743125681699 1.3787811 330
1743125681703 1.3787811 330
1743125682476 1.3607197 331
1743125682482 1.3607197 331
1743125683242 1.342176 332
1743125683247 1.342176 332
1743125684013 1.3357079 333
1743125684019 1.3357079 333
1743125684830 1.3466281 334
1743125684836 1.3466281 334
1743125685662 1.3712507 335
1743125685667 1.3712507 335
1743125686500 1.3784041 336
1743125686506 1.3784041 336
1743125687333 1.3944612 337
1743125687337 1.3944612 337
1743125688160 1.4008787 338
1743125688164 1.4008787 338
1743125689006 1.4025929 339
1743125689012 1.4025929 339
1743125689826 1.4024001 340
1743125689831 1.4024001 340
1743125690616 1.4049575 341
1743125690620 1.4049575 341
1743125691393 1.4147 342
1743125691397 1.4147 342
1743125692171 1.4217925 343
1743125692175 1.4217925 343
1743125692943 1.4256494 344
1743125692947 1.4256494 344
1743125693717 1.4323142 345
1743125693720 1.4323142 345
1743125694492 1.4483562 346
1743125694498 1.4483562 346
1743125695263 1.4457754 347
1743125695268 1.4457754 347
1743125696036 1.4399309 348
1743125696040 1.4399309 348
1743125696807 1.4283724 349
1743125696811 1.4283724 349
1743125697577 1.4203327 350
1743125697581 1.4203327 350
1743125698356 1.4090188 351
1743125698362 1.4090188 351
1743125699149 1.3976961 352
1743125699153 1.3976961 352
1743125699938 1.3905147 353
1743125699944 1.3905147 353
1743125700721 1.3837516 354
1743125700725 1.3837516 354
1743125701501 1.3847413 355
1743125701505 1.3847413 355
1743125702277 1.3849877 356
1743125702281 1.3849877 356
1743125703044 1.3750373 357
1743125703048 1.3750373 357
1743125703808 1.3618622 358
1743125703812 1.3618622 358
1743125704591 1.3500476 359
1743125704595 1.3500476 359
1743125705367 1.3457273 360
1743125705371 1.3457273 360
1743125706138 1.3579118 361
1743125706142 1.3579118 361
1743125706908 1.3814023 362
1743125706912 1.3814023 362
1743125707689 1.3996418 363
1743125707693 1.3996418 363
1743125708457 1.3975233 364
1743125708463 1.3975233 364
1743125709243 1.3965262 365
1743125709249 1.3965262 365
1743125710026 1.4127364 366
1743125710030 1.4127364 366
1743125710812 1.4334679 367
1743125710815 1.4334679 367
1743125711586 1.4421985 368
1743125711592 1.4421985 368
1743125712360 1.4379679 369
1743125712364 1.4379679 369
1743125713132 1.4317926 370
1743125713136 1.4317926 370
1743125713906 1.423266 371
1743125713910 1.423266 371
1743125714677 1.4167504 372
1743125714681 1.4167504 372
1743125715445 1.4114988 373
1743125715451 1.4114988 373
1743125716214 1.4040952 374
1743125716218 1.4040952 374
1743125716983 1.40026 375
1743125716987 1.40026 375
1743125717756 1.3987873 376
1743125717760 1.3987873 376
1743125718519 1.4097624 377
1743125718522 1.4097624 377
1743125719293 1.4129735 378
1743125719297 1.4129735 378
1743125720071 1.4084413 379
1743125720075 1.4084413 379
1743125720853 1.4010916 380
1743125720857 1.4010916 380
1743125721629 1.3936297 381
1743125721633 1.3936297 381
1743125722406 1.3806436 382
1743125722410 1.3806436 382
1743125723177 1.3734884 383
1743125723181 1.3734884 383
1743125723951 1.3676131 384
1743125723955 1.3676131 384
1743125724723 1.3648062 385
1743125724726 1.3648062 385
1743125725495 1.3690367 386
1743125725502 1.3690367 386
1743125726269 1.3674144 387
1743125726275 1.3674144 387
1743125727032 1.3695734 388
1743125727036 1.3695734 388
1743125727807 1.3792623 389
1743125727811 1.3792623 389
1743125728577 1.387476 390
1743125728581 1.387476 390
1743125729350 1.3900268 391
1743125729354 1.3900268 391
1743125730122 1.3953574 392
1743125730126 1.3953574 392
1743125730901 1.3949461 393
1743125730905 1.3949461 393
1743125731683 1.3952968 394
1743125731687 1.3952968 394
1743125732471 1.3965621 395
1743125732475 1.3965621 395
1743125733246 1.4017036 396
1743125733249 1.4017036 396
1743125734029 1.4089556 397
1743125734033 1.4089556 397
1743125734809 1.412358 398
1743125734815 1.412358 398
1743125735586 1.4292388 399
1743125735590 1.4292388 399
1743125736460 1.4341545 400
1743125736464 1.4341545 400
1743125737241 1.4273578 401
1743125737247 1.4273578 401
1743125738012 1.4177277 402
1743125738016 1.4177277 402
1743125738787 1.4146771 403
1743125738792 1.4146771 403
1743125739553 1.4121022 404
1743125739557 1.4121022 404
1743125740315 1.4112117 405
1743125740319 1.4112117 405
1743125741095 1.4099674 406
1743125741099 1.4099674 406
1743125741874 1.4068146 407
1743125741880 1.4068146 407
1743125742647 1.4077959 408
1743125742651 1.4077959 408
1743125743429 1.409275 409
1743125743433 1.409275 409
1743125744197 1.4074358 410
1743125744202 1.4074358 410
1743125744973 1.4101325 411
1743125744977 1.4101325 411
1743125745739 1.4073948 412
1743125745743 1.4073948 412
1743125746508 1.4032743 413
1743125746512 1.4032743 413
1743125747282 1.3947489 414
1743125747290 1.3947489 414
1743125748063 1.3885317 415
1743125748068 1.3885317 415
1743125748832 1.3871989 416
1743125748836 1.3871989 416
1743125749598 1.3814242 417
1743125749604 1.3814242 417
1743125750361 1.3724048 418
1743125750364 1.3724048 418
1743125751140 1.3583252 419
1743125751144 1.3583252 419
1743125751917 1.3440288 420
1743125751922 1.3440288 420
1743125752689 1.3300397 421
1743125752698 1.3300397 421
1743125753461 1.3216791 422
1743125753465 1.3216791 422
1743125754232 1.3197657 423
1743125754237 1.3197657 423
1743125754997 1.3278599 424
1743125755003 1.3278599 424
1743125755763 1.385757 425
1743125755769 1.385757 425
1743125756532 1.4222863 426
1743125756536 1.4222863 426
1743125757303 1.4293504 427
1743125757309 1.4293504 427
1743125758089 1.4297311 428
1743125758093 1.4297311 428
1743125758866 1.4161212 429
1743125758869 1.4161212 429
1743125759652 1.4069244 430
1743125759656 1.4069244 430
1743125760429 1.4098876 431
1743125760433 1.4098876 431
1743125761204 1.4137142 432
1743125761208 1.4137142 432
1743125761977 1.4259727 433
1743125761981 1.4259727 433
1743125762744 1.4286942 434
1743125762748 1.4286942 434
1743125763528 1.4231489 435
1743125763532 1.4231489 435
1743125764316 1.4144626 436
1743125764322 1.4144626 436
1743125765087 1.4039028 437
1743125765091 1.4039028 437
1743125765857 1.3914793 438
1743125765861 1.3914793 438
1743125766633 1.3862026 439
1743125766637 1.3862026 439
1743125767406 1.3938268 440
1743125767410 1.3938268 440
1743125768172 1.4023532 441
1743125768176 1.4023532 441
1743125768947 1.4072219 442
1743125768951 1.4072219 442
1743125769724 1.3958018 443
1743125769730 1.3958018 443
1743125770503 1.380928 444
1743125770507 1.380928 444
1743125771275 1.3687308 445
1743125771281 1.3687308 445
1743125772048 1.3590403 446
1743125772052 1.3590403 446
1743125772827 1.3509681 447
1743125772835 1.3509681 447
1743125773596 1.3515384 448
1743125773600 1.3515384 448
1743125774365 1.3594 449
1743125774369 1.3594 449
1743125775135 1.3615658 450
1743125775139 1.3615658 450
1743125775918 1.3660026 451
1743125775922 1.3660026 451
1743125776697 1.3724451 452
1743125776701 1.3724451 452
1743125777467 1.3702288 453
1743125777471 1.3702288 453
1743125778241 1.3630542 454
1743125778245 1.3630542 454
1743125779015 1.3529432 455
1743125779019 1.3529432 455
1743125779788 1.3472849 456
1743125779794 1.3472849 456
1743125780552 1.3484854 457
1743125780556 1.3484854 457
1743125781318 1.3501749 458
1743125781323 1.3501749 458
1743125782089 1.3674629 459
1743125782093 1.3674629 459
1743125782866 1.4016175 460
1743125782870 1.4016175 460
1743125783640 1.426711 461
1743125783644 1.426711 461
1743125784416 1.4311528 462
1743125784420 1.4311528 462
1743125785191 1.4281877 463
1743125785195 1.4281877 463
1743125785965 1.4260416 464
1743125785969 1.4260416 464
1743125786740 1.4272606 465
1743125786744 1.4272606 465
1743125787510 1.427865 466
1743125787514 1.427865 466
1743125788294 1.4302709 467
1743125788300 1.4302709 467
1743125789073 1.4229889 468
1743125789077 1.4229889 468
1743125789844 1.4188079 469
1743125789848 1.4188079 469
1743125790622 1.4147514 470
1743125790626 1.4147514 470
1743125791404 1.4091109 471
1743125791408 1.4091109 471
1743125792187 1.3996365 472
1743125792191 1.3996365 472
1743125792956 1.3952546 473
1743125792960 1.3952546 473
1743125793729 1.3945692 474
1743125793733 1.3945692 474
1743125794523 1.3961468 475
1743125794527 1.3961468 475
1743125795302 1.3928545 476
1743125795306 1.3928545 476
1743125796076 1.3870265 477
1743125796080 1.3870265 477
1743125796852 1.3839346 478
1743125796858 1.3839346 478
1743125797634 1.388869 479
1743125797640 1.388869 479
1743125798409 1.4022682 480
1743125798413 1.4022682 480
1743125799179 1.4127595 481
1743125799183 1.4127595 481
1743125799944 1.4057188 482
1743125799948 1.4057188 482
1743125800717 1.3969958 483
1743125800723 1.3969958 483
1743125801489 1.3859211 484
1743125801493 1.3859211 484
1743125802265 1.3750603 485
1743125802270 1.3750603 485
1743125803044 1.3787358 486
1743125803050 1.3787358 486
1743125803814 1.3991451 487
1743125803818 1.3991451 487
1743125804587 1.4191278 488
1743125804593 1.4191278 488
1743125805366 1.416867 489
1743125805370 1.416867 489
1743125806142 1.4134142 490
1743125806146 1.4134142 490
1743125806914 1.4062278 491
1743125806920 1.4062278 491
1743125807696 1.4005994 492
1743125807700 1.4005994 492
1743125808462 1.3979385 493
1743125808466 1.3979385 493
1743125809230 1.4016464 494
1743125809234 1.4016464 494
1743125810006 1.4025944 495
1743125810012 1.4025944 495
1743125810775 1.3972745 496
1743125810779 1.3972745 496
1743125811551 1.3928939 497
1743125811555 1.3928939 497
1743125812328 1.3937097 498
1743125812333 1.3937097 498
1743125813110 1.412339 499
1743125813114 1.412339 499
1743125813978 1.4188871 500
1743125813984 1.4188871 500
1743125814755 1.4174283 501
1743125814759 1.4174283 501
1743125815539 1.4129624 502
1743125815543 1.4129624 502
1743125816321 1.4071902 503
1743125816327 1.4071902 503
1743125817099 1.4020247 504
1743125817103 1.4020247 504
1743125817870 1.399399 505
1743125817874 1.399399 505
1743125818633 1.3971237 506
1743125818636 1.3971237 506
1743125819402 1.3940728 507
1743125819406 1.3940728 507
1743125820186 1.3912877 508
1743125820192 1.3912877 508
1743125820944 1.3905461 509
1743125820947 1.3905461 509
1743125821702 1.3900324 510
1743125821704 1.3900324 510
1743125822462 1.3896952 511
1743125822466 1.3896952 511
1743125823239 1.3908865 512
1743125823246 1.3908865 512
1743125824011 1.388762 513
1743125824015 1.388762 513
1743125824769 1.3877776 514
1743125824772 1.3877776 514
1743125825538 1.3938504 515
1743125825542 1.3938504 515
1743125826299 1.4072351 516
1743125826303 1.4072351 516
1743125827057 1.4058807 517
1743125827061 1.4058807 517
1743125827814 1.402142 518
1743125827818 1.402142 518
1743125828576 1.4004676 519
1743125828580 1.4004676 519
1743125829348 1.3997984 520
1743125829351 1.3997984 520
1743125830123 1.402307 521
1743125830130 1.402307 521
1743125830904 1.4025878 522
1743125830908 1.4025878 522
1743125831699 1.3992014 523
1743125831703 1.3992014 523
1743125832475 1.3943884 524
1743125832478 1.3943884 524
1743125833253 1.3955381 525
1743125833257 1.3955381 525
1743125834042 1.4011228 526
1743125834046 1.4011228 526
1743125834826 1.4038801 527
1743125834830 1.4038801 527
1743125835606 1.4032471 528
1743125835610 1.4032471 528
1743125836380 1.3983839 529
1743125836384 1.3983839 529
1743125837155 1.3935072 530
1743125837159 1.3935072 530
1743125837933 1.3906431 531
1743125837937 1.3906431 531
1743125838708 1.3848413 532
1743125838712 1.3848413 532
1743125839482 1.3803902 533
1743125839486 1.3803902 533
1743125840261 1.3742003 534
1743125840265 1.3742003 534
1743125841031 1.3683994 535
1743125841037 1.3683994 535
1743125841806 1.3876947 536
1743125841810 1.3876947 536
1743125842574 1.3970432 537
1743125842578 1.3970432 537
1743125843336 1.4013438 538
1743125843340 1.4013438 538
1743125844114 1.4055042 539
1743125844118 1.4055042 539
1743125844888 1.4128649 540
1743125844896 1.4128649 540
1743125845715 1.4057256 541
1743125845720 1.4057256 541
1743125846500 1.393515 542
1743125846504 1.393515 542
1743125847306 1.3874639 543
1743125847312 1.3874639 543
1743125848078 1.3862016 544
1743125848082 1.3862016 544
1743125848858 1.3761196 545
1743125848862 1.3761196 545
1743125849633 1.3648834 546
1743125849637 1.3648834 546
1743125850406 1.3556497 547
1743125850410 1.3556497 547
1743125851180 1.3511682 548
1743125851184 1.3511682 548
1743125851957 1.3564569 549
1743125851961 1.3564569 549
1743125852743 1.3626376 550
1743125852747 1.3626376 550
1743125853522 1.3641862 551
1743125853526 1.3641862 551
1743125854292 1.3701555 552
1743125854296 1.3701555 552
1743125855076 1.3786341 553
1743125855080 1.3786341 553
1743125855858 1.3843391 554
1743125855862 1.3843391 554
1743125856632 1.4138191 555
1743125856636 1.4138191 555
1743125857405 1.4446638 556
1743125857409 1.4446638 556
1743125858173 1.4619943 557
1743125858181 1.4619943 557
1743125858954 1.4554079 558
1743125858960 1.4554079 558
1743125859736 1.4413804 559
1743125859739 1.4413804 559
1743125860510 1.4290774 560
1743125860514 1.4290774 560
1743125861291 1.4168153 561
1743125861295 1.4168153 561
1743125862062 1.4053743 562
1743125862066 1.4053743 562
1743125862850 1.3935957 563
1743125862856 1.3935957 563
1743125863632 1.3830669 564
1743125863636 1.3830669 564
1743125864429 1.3741353 565
1743125864435 1.3741353 565
1743125865213 1.3673537 566
1743125865217 1.3673537 566
1743125865986 1.3652685 567
1743125865990 1.3652685 567
1743125866762 1.3629851 568
1743125866768 1.3629851 568
1743125867535 1.3570552 569
1743125867539 1.3570552 569
1743125868324 1.3494203 570
1743125868328 1.3494203 570
1743125869105 1.3516333 571
1743125869109 1.3516333 571
1743125869875 1.3540506 572
1743125869879 1.3540506 572
1743125870644 1.3490992 573
1743125870646 1.3490992 573
1743125872068 1.3602502 0
1743125872072 1.3602502 0
1743125872833 1.3861511 1
1743125872837 1.3861511 1
1743125873606 1.4339935 2
1743125873610 1.4339935 2
1743125874383 1.4427317 3
1743125874386 1.4427317 3
1743125875170 1.4412005 4
1743125875174 1.4412005 4
1743125875930 1.4431672 5
1743125875934 1.4431672 5
1743125876707 1.4433124 6
1743125876711 1.4433124 6
1743125877480 1.4304616 7
1743125877484 1.4304616 7
1743125878250 1.4198374 8
1743125878253 1.4198374 8
1743125879023 1.4085432 9
1743125879029 1.4085432 9
1743125879795 1.4018373 10
1743125879798 1.4018373 10
1743125880575 1.4011667 11
1743125880581 1.4011667 11
1743125881347 1.3994782 12
1743125881353 1.3994782 12
1743125882127 1.4275141 13
1743125882131 1.4275141 13
1743125882890 1.4219141 14
1743125882894 1.4219141 14
1743125883657 1.4066122 15
1743125883663 1.4066122 15
1743125884425 1.3914294 16
1743125884430 1.3914294 16
1743125885190 1.3857368 17
1743125885196 1.3857368 17
1743125885964 1.3885448 18
1743125885968 1.3885448 18
1743125886724 1.3987288 19
1743125886728 1.3987288 19
1743125887490 1.4064876 20
1743125887494 1.4064876 20
1743125888254 1.4123075 21
1743125888260 1.4123075 21
1743125889017 1.4189081 22
1743125889021 1.4189081 22
1743125889781 1.4225857 23
1743125889785 1.4225857 23
1743125890558 1.4207764 24
1743125890562 1.4207764 24
1743125891319 1.416256 25
1743125891325 1.416256 25
1743125892180 1.4103501 26
1743125892183 1.4103501 26
1743125892946 1.4057128 27
1743125892950 1.4057128 27
1743125893723 1.3990803 28
1743125893727 1.3990803 28
1743125894498 1.3919439 29
1743125894504 1.3919439 29
1743125895273 1.3896616 30
1743125895277 1.3896616 30
1743125896035 1.3900406 31
1743125896043 1.3900406 31
1743125896808 1.388458 32
1743125896812 1.388458 32
1743125897570 1.3884248 33
1743125897573 1.3884248 33
1743125898337 1.3896213 34
1743125898340 1.3896213 34
1743125899112 1.3873782 35
1743125899116 1.3873782 35
1743125899876 1.3834405 36
1743125899880 1.3834405 36
1743125900642 1.3807901 37
1743125900647 1.3807901 37
1743125901405 1.3746502 38
1743125901409 1.3746502 38
1743125902166 1.3685364 39
1743125902172 1.3685364 39
1743125902932 1.3617306 40
1743125902938 1.3617306 40
1743125903691 1.3563151 41
1743125903695 1.3563151 41
1743125904454 1.3571198 42
1743125904458 1.3571198 42
1743125905215 1.3567212 43
1743125905219 1.3567212 43
1743125905983 1.3571368 44
1743125905987 1.3571368 44
1743125906747 1.359833 45
1743125906752 1.359833 45
1743125907518 1.35887 46
1743125907522 1.35887 46
1743125908285 1.3603778 47
1743125908289 1.3603778 47
1743125909043 1.3772899 48
1743125909047 1.3772899 48
1743125909820 1.3873596 49
1743125909824 1.3873596 49
1743125910585 1.3881326 50
1743125910589 1.3881326 50
1743125911353 1.3821015 51
1743125911357 1.3821015 51
1743125912123 1.3787866 52
1743125912127 1.3787866 52
1743125912892 1.3686721 53
1743125912896 1.3686721 53
1743125913657 1.361258 54
1743125913661 1.361258 54
1743125914418 1.3611668 55
1743125914423 1.3611668 55
1743125915182 1.359412 56
1743125915186 1.359412 56
1743125915953 1.367483 57
1743125915957 1.367483 57
1743125916723 1.4055574 58
1743125916727 1.4055574 58
1743125917490 1.4166788 59
1743125917495 1.4166788 59
1743125918266 1.424067 60
1743125918272 1.424067 60
1743125919027 1.4415252 61
1743125919031 1.4415252 61
1743125919793 1.4436712 62
1743125919797 1.4436712 62
1743125920560 1.4307079 63
1743125920564 1.4307079 63
1743125921325 1.4145827 64
1743125921329 1.4145827 64
1743125922079 1.3979459 65
1743125922083 1.3979459 65
1743125922841 1.3810391 66
1743125922845 1.3810391 66
1743125923606 1.366565 67
1743125923610 1.366565 67
1743125924382 1.3639016 68
1743125924386 1.3639016 68
1743125925142 1.3577956 69
1743125925146 1.3577956 69
1743125925907 1.3706242 70
1743125925913 1.3706242 70
1743125926678 1.4052465 71
1743125926682 1.4052465 71
1743125927454 1.4172192 72
1743125927458 1.4172192 72
1743125928219 1.421893 73
1743125928224 1.421893 73
1743125928976 1.4245393 74
1743125928982 1.4245393 74
1743125929732 1.4241893 75
1743125929737 1.4241893 75
1743125930507 1.4213386 76
1743125930510 1.4213386 76
1743125931263 1.4208915 77
1743125931267 1.4208915 77
1743125932017 1.4305813 78
1743125932021 1.4305813 78
1743125932787 1.4237313 79
1743125932793 1.4237313 79
1743125933564 1.4129047 80
1743125933570 1.4129047 80
1743125934325 1.4027779 81
1743125934331 1.4027779 81
1743125935094 1.3908275 82
1743125935098 1.3908275 82
1743125935863 1.3802301 83
1743125935867 1.3802301 83
1743125936631 1.3745401 84
1743125936635 1.3745401 84
1743125937400 1.3738604 85
1743125937404 1.3738604 85
1743125938167 1.3760682 86
1743125938171 1.3760682 86
1743125938933 1.3804184 87
1743125938937 1.3804184 87
1743125939710 1.3786726 88
1743125939713 1.3786726 88
1743125940488 1.3716474 89
1743125940494 1.3716474 89
1743125941261 1.3689185 90
1743125941265 1.3689185 90
1743125942024 1.3713987 91
1743125942028 1.3713987 91
1743125942804 1.3768592 92
1743125942808 1.3768592 92
1743125943562 1.3709769 93
1743125943566 1.3709769 93
1743125944316 1.3717511 94
1743125944321 1.3717511 94
1743125945094 1.3760375 95
1743125945098 1.3760375 95
1743125945857 1.3784592 96
1743125945861 1.3784592 96
1743125946617 1.3834648 97
1743125946621 1.3834648 97
1743125947390 1.389286 98
1743125947394 1.389286 98
1743125948163 1.3966796 99
1743125948170 1.3966796 99
1743125948935 1.3979911 100
1743125948939 1.3979911 100
1743125949703 1.4057 101
1743125949711 1.4057 101
1743125950471 1.407789 102
1743125950475 1.407789 102
1743125951238 1.4045271 103
1743125951242 1.4045271 103
1743125952008 1.4026823 104
1743125952012 1.4026823 104
1743125952765 1.3997171 105
1743125952769 1.3997171 105
1743125953523 1.3973475 106
1743125953527 1.3973475 106
1743125954293 1.3949314 107
1743125954297 1.3949314 107
1743125955069 1.3978802 108
1743125955072 1.3978802 108
1743125955825 1.3979408 109
1743125955829 1.3979408 109
1743125956588 1.4014137 110
1743125956592 1.4014137 110
1743125957356 1.4014525 111
1743125957360 1.4014525 111
1743125958123 1.4045753 112
1743125958127 1.4045753 112
1743125958903 1.4064736 113
1743125958905 1.4064736 113
1743125959657 1.408812 114
1743125959661 1.408812 114
1743125960420 1.4035513 115
1743125960426 1.4035513 115
1743125961196 1.3926835 116
1743125961202 1.3926835 116
1743125961964 1.3764216 117
1743125961968 1.3764216 117
1743125962733 1.3697482 118
1743125962736 1.3697482 118
1743125963489 1.3629785 119
1743125963493 1.3629785 119
1743125964263 1.3573265 120
1743125964267 1.3573265 120
1743125965025 1.3640242 121
1743125965029 1.3640242 121
1743125965795 1.3887296 122
1743125965799 1.3887296 122
1743125966564 1.3873711 123
1743125966567 1.3873711 123
1743125967327 1.378665 124
1743125967331 1.378665 124
1743125968094 1.3705909 125
1743125968100 1.3705909 125
1743125968966 1.3725512 126
1743125968970 1.3725512 126
1743125969729 1.3868377 127
1743125969733 1.3868377 127
1743125970510 1.3867898 128
1743125970516 1.3867898 128
1743125971277 1.3817592 129
1743125971283 1.3817592 129
1743125972050 1.3769994 130
1743125972054 1.3769994 130
1743125972816 1.3748872 131
1743125972820 1.3748872 131
1743125973583 1.3732179 132
1743125973589 1.3732179 132
1743125974356 1.3726771 133
1743125974360 1.3726771 133
1743125975127 1.379245 134
1743125975131 1.379245 134
1743125975894 1.3648062 135
1743125975898 1.3648062 135
1743125976668 1.3497033 136
1743125976683 1.3497033 136
1743125977457 1.3414984 137
1743125977463 1.3414984 137
1743125978232 1.3626735 138
1743125978236 1.3626735 138
1743125978997 1.400815 139
1743125979003 1.400815 139
1743125979772 1.4168391 140
1743125979777 1.4168391 140
1743125980527 1.4279338 141
1743125980531 1.4279338 141
1743125981291 1.4372039 142
1743125981295 1.4372039 142
1743125982056 1.4378626 143
1743125982060 1.4378626 143
1743125982826 1.441316 144
1743125982832 1.441316 144
1743125983587 1.4302884 145
1743125983590 1.4302884 145
1743125984355 1.4306611 146
1743125984359 1.4306611 146
1743125985120 1.4310346 147
1743125985124 1.4310346 147
1743125985883 1.428586 148
1743125985888 1.428586 148
1743125986650 1.4155927 149
1743125986654 1.4155927 149
1743125987408 1.3996174 150
1743125987412 1.3996174 150
1743125988171 1.3843946 151
1743125988179 1.3843946 151
1743125988945 1.3746674 152
1743125988949 1.3746674 152
1743125989701 1.3704308 153
1743125989705 1.3704308 153
1743125990456 1.371881 154
1743125990463 1.371881 154
1743125991232 1.3764395 155
1743125991236 1.3764395 155
1743125991995 1.3743718 156
1743125991999 1.3743718 156
1743125992746 1.3774374 157
1743125992750 1.3774374 157
1743125993504 1.3778197 158
1743125993510 1.3778197 158
1743125994262 1.3758647 159
1743125994270 1.3758647 159
1743125995031 1.3715117 160
1743125995035 1.3715117 160
1743125995791 1.3703036 161
1743125995795 1.3703036 161
1743125996562 1.3737681 162
1743125996570 1.3737681 162
1743125997334 1.3850884 163
1743125997337 1.3850884 163
1743125998095 1.4100237 164
1743125998099 1.4100237 164
1743125998872 1.4476571 165
1743125998876 1.4476571 165
1743125999641 1.4545474 166
1743125999645 1.4545474 166
1743126000423 1.4333792 167
1743126000427 1.4333792 167
1743126001197 1.4111009 168
1743126001203 1.4111009 168
1743126001962 1.3901681 169
1743126001968 1.3901681 169
1743126002735 1.3733325 170
1743126002741 1.3733325 170
1743126003501 1.3683239 171
1743126003507 1.3683239 171
1743126004266 1.3600001 172
1743126004272 1.3600001 172
1743126005033 1.3591261 173
1743126005037 1.3591261 173
1743126005804 1.379552 174
1743126005808 1.379552 174
1743126006573 1.3998342 175
1743126006579 1.3998342 175
1743126007338 1.4030033 176
1743126007344 1.4030033 176
1743126008109 1.4058344 177
1743126008113 1.4058344 177
1743126008883 1.4037153 178
1743126008887 1.4037153 178
1743126009658 1.39922 179
1743126009661 1.39922 179
1743126010426 1.4000218 180
1743126010430 1.4000218 180
1743126011184 1.3981752 181
1743126011188 1.3981752 181
1743126011948 1.394745 182
1743126011952 1.394745 182
1743126012712 1.3880708 183
1743126012718 1.3880708 183
1743126013477 1.3813951 184
1743126013488 1.3813951 184
1743126014254 1.3777466 185
1743126014260 1.3777466 185
1743126015025 1.3735118 186
1743126015031 1.3735118 186
1743126015800 1.3705178 187
1743126015804 1.3705178 187
1743126016557 1.3670081 188
1743126016561 1.3670081 188
1743126017321 1.3636746 189
1743126017325 1.3636746 189
1743126018094 1.3596811 190
1743126018098 1.3596811 190
1743126018851 1.3553631 191
1743126018857 1.3553631 191
1743126019613 1.3514273 192
1743126019616 1.3514273 192
1743126020389 1.3429866 193
1743126020393 1.3429866 193
1743126021158 1.3432226 194
1743126021162 1.3432226 194
1743126021922 1.3363105 195
1743126021925 1.3363105 195
1743126022688 1.3298627 196
1743126022695 1.3298627 196
1743126023450 1.3251292 197
1743126023454 1.3251292 197
1743126024212 1.316821 198
1743126024216 1.316821 198
1743126024977 1.3272253 199
1743126024982 1.3272253 199
1743126025746 1.3268509 200
1743126025759 1.3268509 200
1743126026536 1.3621435 201
1743126026541 1.3621435 201
1743126027307 1.3666534 202
1743126027311 1.3666534 202
1743126028076 1.4318013 203
1743126028082 1.4318013 203
1743126028848 1.4252801 204
1743126028853 1.4252801 204
1743126029624 1.4230578 205
1743126029628 1.4230578 205
1743126030396 1.4120457 206
1743126030400 1.4120457 206
1743126031165 1.4038715 207
1743126031170 1.4038715 207
1743126031931 1.3955412 208
1743126031934 1.3955412 208
1743126032696 1.390383 209
1743126032700 1.390383 209
1743126033471 1.390506 210
1743126033475 1.390506 210
1743126034243 1.3947365 211
1743126034246 1.3947365 211
1743126035013 1.3978448 212
1743126035017 1.3978448 212
1743126035779 1.4088953 213
1743126035783 1.4088953 213
1743126036551 1.4170314 214
1743126036555 1.4170314 214
1743126037316 1.4088991 215
1743126037320 1.4088991 215
1743126038098 1.4045352 216
1743126038102 1.4045352 216
1743126038871 1.3994262 217
1743126038877 1.3994262 217
1743126039656 1.3998456 218
1743126039660 1.3998456 218
1743126040423 1.3981714 219
1743126040426 1.3981714 219
1743126041186 1.3948727 220
1743126041190 1.3948727 220
1743126041954 1.3935374 221
1743126041959 1.3935374 221
1743126042719 1.3956759 222
1743126042723 1.3956759 222
1743126043483 1.3979423 223
1743126043487 1.3979423 223
1743126044245 1.3978465 224
1743126044248 1.3978465 224
1743126045008 1.396971 225
1743126045016 1.396971 225
1743126045867 1.3938775 226
1743126045871 1.3938775 226
1743126046625 1.3912213 227
1743126046629 1.3912213 227
1743126047397 1.3897574 228
1743126047403 1.3897574 228
1743126048161 1.3900473 229
1743126048165 1.3900473 229
1743126048933 1.3887956 230
1743126048937 1.3887956 230
1743126049706 1.3898426 231
1743126049710 1.3898426 231
1743126050466 1.3945482 232
1743126050470 1.3945482 232
1743126051223 1.3978006 233
1743126051229 1.3978006 233
1743126051982 1.4005027 234
1743126051986 1.4005027 234
1743126052739 1.4027101 235
1743126052743 1.4027101 235
1743126053502 1.4008929 236
1743126053506 1.4008929 236
1743126054273 1.4001353 237
1743126054277 1.4001353 237
1743126055036 1.4006827 238
1743126055040 1.4006827 238
1743126055809 1.4045584 239
1743126055813 1.4045584 239
1743126056587 1.4069192 240
1743126056591 1.4069192 240
1743126057368 1.4112706 241
1743126057372 1.4112706 241
1743126058127 1.4156048 242
1743126058131 1.4156048 242
1743126058895 1.4145913 243
1743126058899 1.4145913 243
1743126059665 1.4129835 244
1743126059669 1.4129835 244
1743126060442 1.4134684 245
1743126060446 1.4134684 245
1743126061218 1.4122765 246
1743126061222 1.4122765 246
1743126061981 1.4093056 247
1743126061985 1.4093056 247
1743126062759 1.4059939 248
1743126062765 1.4059939 248
1743126063542 1.4015458 249
1743126063545 1.4015458 249
1743126064313 1.3990555 250
1743126064319 1.3990555 250
1743126065078 1.3950126 251
1743126065082 1.3950126 251
1743126065849 1.3909919 252
1743126065853 1.3909919 252
1743126066617 1.3861742 253
1743126066621 1.3861742 253
1743126067376 1.3799174 254
1743126067380 1.3799174 254
1743126068147 1.3748534 255
1743126068151 1.3748534 255
1743126068918 1.3712802 256
1743126068922 1.3712802 256
1743126069689 1.368284 257
1743126069693 1.368284 257
1743126070450 1.3638201 258
1743126070454 1.3638201 258
1743126071217 1.3623544 259
1743126071221 1.3623544 259
1743126071975 1.3630539 260
1743126071979 1.3630539 260
1743126072757 1.3766174 261
1743126072761 1.3766174 261
1743126073510 1.3945471 262
1743126073514 1.3945471 262
1743126074267 1.4045558 263
1743126074273 1.4045558 263
1743126075022 1.4009793 264
1743126075026 1.4009793 264
1743126075785 1.395595 265
1743126075789 1.395595 265
1743126076541 1.3894594 266
1743126076544 1.3894594 266
1743126077291 1.3856046 267
1743126077295 1.3856046 267
1743126078051 1.3824319 268
1743126078057 1.3824319 268
1743126078813 1.3818662 269
1743126078817 1.3818662 269
1743126079570 1.3820224 270
1743126079575 1.3820224 270
1743126080335 1.3958552 271
1743126080339 1.3958552 271
1743126081098 1.4050417 272
1743126081102 1.4050417 272
1743126081873 1.400461 273
1743126081877 1.400461 273
1743126082647 1.3951244 274
1743126082651 1.3951244 274
1743126083413 1.3887519 275
1743126083417 1.3887519 275
1743126084196 1.3829961 276
1743126084200 1.3829961 276
1743126084967 1.3757766 277
1743126084971 1.3757766 277
1743126085724 1.3692969 278
1743126085735 1.3692969 278
1743126086490 1.3555429 279
1743126086494 1.3555429 279
1743126087247 1.335597 280
1743126087251 1.335597 280
1743126088004 1.3216715 281
1743126088010 1.3216715 281
1743126088762 1.3078792 282
1743126088766 1.3078792 282
1743126089520 1.3020312 283
1743126089526 1.3020312 283
1743126090266 1.3900263 284
1743126090272 1.3900263 284
1743126091026 1.4257319 285
1743126091030 1.4257319 285
1743126091785 1.4358393 286
1743126091792 1.4358393 286
1743126092545 1.4351419 287
1743126092557 1.4351419 287
1743126093314 1.43241 288
1743126093320 1.43241 288
1743126094088 1.4179926 289
1743126094092 1.4179926 289
1743126094845 1.4088719 290
1743126094849 1.4088719 290
1743126095603 1.4012911 291
1743126095607 1.4012911 291
1743126096363 1.3971276 292
1743126096368 1.3971276 292
1743126097131 1.3946496 293
1743126097136 1.3946496 293
1743126097893 1.4141631 294
1743126097897 1.4141631 294
1743126098649 1.4326525 295
1743126098655 1.4326525 295
1743126099409 1.42941 296
1743126099413 1.42941 296
1743126100174 1.423248 297
1743126100178 1.423248 297
1743126100925 1.4102366 298
1743126100928 1.4102366 298
1743126101680 1.3992226 299
1743126101684 1.3992226 299
1743126102438 1.3891501 300
1743126102442 1.3891501 300
1743126103204 1.3809946 301
1743126103208 1.3809946 301
1743126103961 1.3720058 302
1743126103966 1.3720058 302
1743126104720 1.363617 303
1743126104724 1.363617 303
1743126105478 1.3558874 304
1743126105482 1.3558874 304
1743126106236 1.3531026 305
1743126106240 1.3531026 305
1743126107005 1.3649099 306
1743126107009 1.3649099 306
1743126107750 1.3820617 307
1743126107753 1.3820617 307
1743126108503 1.3890951 308
1743126108509 1.3890951 308
1743126109252 1.4142721 309
1743126109261 1.4142721 309
1743126110015 1.4135218 310
1743126110019 1.4135218 310
1743126110762 1.4051971 311
1743126110766 1.4051971 311
1743126111521 1.3988652 312
1743126111525 1.3988652 312
1743126112290 1.392277 313
1743126112296 1.392277 313
1743126113058 1.3844278 314
1743126113062 1.3844278 314
1743126113838 1.3793952 315
1743126113842 1.3793952 315
1743126114601 1.3847563 316
1743126114605 1.3847563 316
1743126115372 1.38588 317
1743126115376 1.38588 317
1743126116137 1.3839691 318
1743126116146 1.3839691 318
1743126116896 1.3785707 319
1743126116900 1.3785707 319
1743126117665 1.380008 320
1743126117669 1.380008 320
1743126118422 1.3828292 321
1743126118427 1.3828292 321
1743126119175 1.3830734 322
1743126119179 1.3830734 322
1743126119920 1.3824184 323
1743126119928 1.3824184 323
1743126120676 1.3814054 324
1743126120681 1.3814054 324
1743126121429 1.381351 325
1743126121433 1.381351 325
1743126122266 1.381597 326
1743126122269 1.381597 326
1743126123024 1.3839073 327
1743126123030 1.3839073 327
1743126123773 1.3865347 328
1743126123777 1.3865347 328
1743126124532 1.3943937 329
1743126124536 1.3943937 329
1743126125283 1.396109 330
1743126125289 1.396109 330
1743126126036 1.3907119 331
1743126126040 1.3907119 331
1743126126783 1.3854809 332
1743126126787 1.3854809 332
1743126127533 1.3883884 333
1743126127537 1.3883884 333
1743126128291 1.3952972 334
1743126128295 1.3952972 334
1743126129036 1.395555 335
1743126129040 1.395555 335
1743126129790 1.4042912 336
1743126129794 1.4042912 336
1743126130550 1.4172322 337
1743126130556 1.4172322 337
1743126131326 1.418072 338
1743126131330 1.418072 338
1743126132090 1.416163 339
1743126132094 1.416163 339
1743126132852 1.4093494 340
1743126132858 1.4093494 340
1743126133612 1.4068549 341
1743126133616 1.4068549 341
1743126134391 1.40662 342
1743126134395 1.40662 342
1743126135162 1.4047291 343
1743126135168 1.4047291 343
1743126135944 1.4051152 344
1743126135947 1.4051152 344
1743126136710 1.4077379 345
1743126136714 1.4077379 345
1743126137497 1.4083756 346
1743126137502 1.4083756 346
1743126138274 1.4078023 347
1743126138280 1.4078023 347
1743126139040 1.4064121 348
1743126139043 1.4064121 348
1743126139806 1.4017371 349
1743126139810 1.4017371 349
1743126140585 1.4011387 350
1743126140589 1.4011387 350
1743126141350 1.4010746 351
1743126141354 1.4010746 351
1743126142109 1.4038496 352
1743126142113 1.4038496 352
1743126142877 1.402293 353
1743126142881 1.402293 353
1743126143640 1.3979228 354
1743126143644 1.3979228 354
1743126144406 1.3928652 355
1743126144410 1.3928652 355
1743126145181 1.3879724 356
1743126145184 1.3879724 356
1743126145953 1.3862021 357
1743126145957 1.3862021 357
1743126146722 1.3853418 358
1743126146726 1.3853418 358
1743126147501 1.385493 359
1743126147505 1.385493 359
1743126148267 1.3873291 360
1743126148271 1.3873291 360
1743126149037 1.3848135 361
1743126149042 1.3848135 361
1743126149810 1.3823357 362
1743126149814 1.3823357 362
1743126150576 1.3803574 363
1743126150580 1.3803574 363
1743126151344 1.3751421 364
1743126151349 1.3751421 364
1743126152117 1.3715105 365
1743126152121 1.3715105 365
1743126152882 1.368021 366
1743126152886 1.368021 366
1743126153642 1.3644996 367
1743126153646 1.3644996 367
1743126154409 1.3663037 368
1743126154413 1.3663037 368
1743126155176 1.3671107 369
1743126155180 1.3671107 369
1743126155942 1.3654144 370
1743126155947 1.3654144 370
1743126156707 1.3642708 371
1743126156713 1.3642708 371
1743126157471 1.362716 372
1743126157475 1.362716 372
1743126158233 1.3613324 373
1743126158237 1.3613324 373
1743126158997 1.3623943 374
1743126159001 1.3623943 374
1743126159763 1.3639733 375
1743126159767 1.3639733 375
1743126160536 1.3664079 376
1743126160542 1.3664079 376
1743126161296 1.3733482 377
1743126161300 1.3733482 377
1743126162072 1.376229 378
1743126162076 1.376229 378
1743126162836 1.3790975 379
1743126162843 1.3790975 379
1743126163616 1.3848832 380
1743126163620 1.3848832 380
1743126164374 1.3872012 381
1743126164378 1.3872012 381
1743126165148 1.394348 382
1743126165152 1.394348 382
1743126165925 1.402839 383
1743126165929 1.402839 383
1743126166691 1.4041405 384
1743126166695 1.4041405 384
1743126167457 1.4057995 385
1743126167463 1.4057995 385
1743126168233 1.4068938 386
1743126168237 1.4068938 386
1743126168987 1.4036579 387
1743126168991 1.4036579 387
1743126169755 1.3966887 388
1743126169759 1.3966887 388
1743126170526 1.3947883 389
1743126170532 1.3947883 389
1743126171290 1.391079 390
1743126171294 1.391079 390
1743126172058 1.3891565 391
1743126172064 1.3891565 391
1743126172831 1.3865521 392
1743126172835 1.3865521 392
1743126173596 1.3864595 393
1743126173600 1.3864595 393
1743126174374 1.3878148 394
1743126174378 1.3878148 394
1743126175141 1.3882272 395
1743126175145 1.3882272 395
1743126175905 1.3950775 396
1743126175909 1.3950775 396
1743126176674 1.3973752 397
1743126176677 1.3973752 397
1743126177448 1.3959589 398
1743126177452 1.3959589 398
1743126178207 1.3928828 399
1743126178211 1.3928828 399
1743126178980 1.3906407 400
1743126178985 1.3906407 400
1743126179744 1.3889065 401
1743126179750 1.3889065 401
1743126180531 1.3882034 402
1743126180535 1.3882034 402
1743126181284 1.3886135 403
1743126181288 1.3886135 403
1743126182051 1.3868449 404
1743126182057 1.3868449 404
1743126182807 1.3842988 405
1743126182815 1.3842988 405
1743126183576 1.3817877 406
1743126183580 1.3817877 406
1743126184336 1.3779737 407
1743126184343 1.3779737 407
1743126185093 1.3769486 408
1743126185097 1.3769486 408
1743126185859 1.3754479 409
1743126185865 1.3754479 409
1743126186617 1.3738285 410
1743126186621 1.3738285 410
1743126187387 1.373504 411
1743126187392 1.373504 411
1743126188154 1.37353 412
1743126188158 1.37353 412
1743126188915 1.378089 413
1743126188919 1.378089 413
1743126189681 1.3814538 414
1743126189685 1.3814538 414
1743126190441 1.381353 415
1743126190445 1.381353 415
1743126191179 1.3788888 416
1743126191182 1.3788888 416
1743126191933 1.3771355 417
1743126191936 1.3771355 417
1743126192684 1.3734674 418
1743126192688 1.3734674 418
1743126193439 1.3697345 419
1743126193445 1.3697345 419
1743126194197 1.3649788 420
1743126194201 1.3649788 420
1743126194951 1.3603091 421
1743126194957 1.3603091 421
1743126195708 1.3542559 422
1743126195712 1.3542559 422
1743126196474 1.4025811 423
1743126196478 1.4025811 423
1743126197229 1.4107707 424
1743126197234 1.4107707 424
1743126197985 1.4264233 425
1743126197991 1.4264233 425
1743126198845 1.4449376 426
1743126198849 1.4449376 426
1743126199689 1.4552047 427
1743126199693 1.4552047 427
1743126200460 1.4388845 428
1743126200465 1.4388845 428
1743126201219 1.4228723 429
1743126201223 1.4228723 429
1743126201985 1.4142745 430
1743126201989 1.4142745 430
1743126202756 1.4062476 431
1743126202760 1.4062476 431
1743126203516 1.3967154 432
1743126203520 1.3967154 432
1743126204275 1.3932025 433
1743126204279 1.3932025 433
1743126205040 1.3874643 434
1743126205044 1.3874643 434
1743126205797 1.3767767 435
1743126205802 1.3767767 435
1743126206543 1.3644197 436
1743126206547 1.3644197 436
1743126207302 1.3553042 437
1743126207306 1.3553042 437
1743126208078 1.3508234 438
1743126208082 1.3508234 438
1743126208857 1.3692822 439
1743126208864 1.3692822 439
1743126209626 1.3844738 440
1743126209630 1.3844738 440
1743126210399 1.3838811 441
1743126210403 1.3838811 441
1743126211168 1.392703 442
1743126211174 1.392703 442
1743126211939 1.403085 443
1743126211945 1.403085 443
1743126212710 1.4131587 444
1743126212714 1.4131587 444
1743126213470 1.4099133 445
1743126213475 1.4099133 445
1743126214225 1.403708 446
1743126214228 1.403708 446
1743126214971 1.4036798 447
1743126214975 1.4036798 447
1743126215723 1.4020054 448
1743126215727 1.4020054 448
1743126216480 1.4011346 449
1743126216482 1.4011346 449
1743126217242 1.4017057 450
1743126217246 1.4017057 450
1743126217999 1.401968 451
1743126218002 1.401968 451
1743126218766 1.4001172 452
1743126218770 1.4001172 452
1743126219531 1.3962103 453
1743126219540 1.3962103 453
1743126220298 1.3897889 454
1743126220301 1.3897889 454
1743126221059 1.3862083 455
1743126221065 1.3862083 455
1743126221819 1.3818355 456
1743126221823 1.3818355 456
1743126222577 1.3805437 457
1743126222581 1.3805437 457
1743126223337 1.3792417 458
1743126223341 1.3792417 458
1743126224089 1.3791258 459
1743126224093 1.3791258 459
1743126224853 1.3801413 460
1743126224856 1.3801413 460
1743126225611 1.3805941 461
1743126225615 1.3805941 461
1743126226379 1.3813086 462
1743126226383 1.3813086 462
1743126227142 1.3828017 463
1743126227146 1.3828017 463
1743126227902 1.3847263 464
1743126227907 1.3847263 464
1743126228673 1.3853477 465
1743126228677 1.3853477 465
1743126229431 1.386809 466
1743126229435 1.386809 466
1743126230198 1.384419 467
1743126230205 1.384419 467
1743126230963 1.3811252 468
1743126230967 1.3811252 468
1743126231720 1.3792202 469
1743126231724 1.3792202 469
1743126232473 1.375487 470
1743126232477 1.375487 470
1743126233234 1.3759465 471
1743126233237 1.3759465 471
1743126233983 1.3767674 472
1743126233987 1.3767674 472
1743126234733 1.3746688 473
1743126234739 1.3746688 473
1743126235486 1.3739808 474
1743126235489 1.3739808 474
1743126236233 1.3806024 475
1743126236240 1.3806024 475
1743126237001 1.3913534 476
1743126237007 1.3913534 476
1743126237752 1.3990262 477
1743126237759 1.3990262 477
1743126238502 1.3976799 478
1743126238506 1.3976799 478
1743126239264 1.3997542 479
1743126239268 1.3997542 479
1743126240032 1.3983333 480
1743126240036 1.3983333 480
1743126240809 1.396452 481
1743126240813 1.396452 481
1743126241575 1.3917495 482
1743126241579 1.3917495 482
1743126242340 1.3895091 483
1743126242344 1.3895091 483
1743126243106 1.386519 484
1743126243110 1.386519 484
1743126243874 1.3821416 485
1743126243878 1.3821416 485
1743126244635 1.378731 486
1743126244638 1.378731 486
1743126245391 1.3730593 487
1743126245395 1.3730593 487
1743126246157 1.3688993 488
1743126246161 1.3688993 488
1743126246917 1.366379 489
1743126246921 1.366379 489
1743126247672 1.3697803 490
1743126247679 1.3697803 490
1743126248422 1.370172 491
1743126248431 1.370172 491
1743126249177 1.3588393 492
1743126249181 1.3588393 492
1743126249927 1.3479944 493
1743126249932 1.3479944 493
1743126250679 1.3353353 494
1743126250682 1.3353353 494
1743126251431 1.3215601 495
1743126251435 1.3215601 495
1743126252193 1.3401687 496
1743126252197 1.3401687 496
1743126252954 1.3626919 497
1743126252958 1.3626919 497
1743126253702 1.4262998 498
1743126253706 1.4262998 498
1743126254457 1.4211001 499
1743126254461 1.4211001 499
1743126255225 1.4046481 500
1743126255231 1.4046481 500
1743126255987 1.3991561 501
1743126255995 1.3991561 501
1743126256747 1.3893007 502
1743126256751 1.3893007 502
1743126257500 1.3893254 503
1743126257504 1.3893254 503
1743126258270 1.4043198 504
1743126258274 1.4043198 504
1743126259026 1.4094074 505
1743126259030 1.4094074 505
1743126259782 1.4092009 506
1743126259788 1.4092009 506
1743126260549 1.4026375 507
1743126260553 1.4026375 507
1743126261312 1.4014771 508
1743126261318 1.4014771 508
1743126262079 1.4040825 509
1743126262085 1.4040825 509
1743126262852 1.4214396 510
1743126262856 1.4214396 510
1743126263636 1.4230314 511
1743126263642 1.4230314 511
1743126264434 1.4231496 512
1743126264438 1.4231496 512
1743126265210 1.4221876 513
1743126265214 1.4221876 513
1743126265982 1.4228097 514
1743126265986 1.4228097 514
1743126266748 1.4196123 515
1743126266752 1.4196123 515
1743126267516 1.4105251 516
1743126267521 1.4105251 516
1743126268280 1.4058706 517
1743126268284 1.4058706 517
1743126269043 1.4037385 518
1743126269047 1.4037385 518
1743126269807 1.4098866 519
1743126269812 1.4098866 519
1743126270581 1.4017897 520
1743126270585 1.4017897 520
1743126271347 1.397481 521
1743126271351 1.397481 521
1743126272116 1.3951275 522
1743126272120 1.3951275 522
1743126272884 1.39293 523
1743126272887 1.39293 523
1743126273661 1.391123 524
1743126273665 1.391123 524
1743126274428 1.3879935 525
1743126274434 1.3879935 525
1743126275285 1.3838801 526
1743126275289 1.3838801 526
1743126276051 1.3815832 527
1743126276057 1.3815832 527
1743126276840 1.3778434 528
1743126276844 1.3778434 528
1743126277617 1.3777013 529
1743126277621 1.3777013 529
1743126278407 1.3785658 530
1743126278411 1.3785658 530
1743126279197 1.3762023 531
1743126279202 1.3762023 531
1743126279973 1.3749307 532
1743126279977 1.3749307 532
1743126280753 1.3824258 533
1743126280757 1.3824258 533
1743126281528 1.3860378 534
1743126281532 1.3860378 534
1743126282307 1.3820593 535
1743126282312 1.3820593 535
1743126283077 1.3756323 536
1743126283083 1.3756323 536
1743126283835 1.3702681 537
1743126283839 1.3702681 537
1743126284589 1.3606398 538
1743126284593 1.3606398 538
1743126285347 1.3487526 539
1743126285351 1.3487526 539
1743126286107 1.3377261 540
1743126286115 1.3377261 540
1743126286871 1.3457129 541
1743126286875 1.3457129 541
1743126287627 1.3662888 542
1743126287631 1.3662888 542
1743126288582 1.3693309 543
1743126288588 1.3693309 543
1743126289571 1.3713777 544
1743126289577 1.3713777 544
1743126290457 1.3704298 545
1743126290463 1.3704298 545
1743126291285 1.3709172 546
1743126291289 1.3709172 546
1743126292087 1.3694506 547
1743126292094 1.3694506 547
1743126292882 1.3719802 548
1743126292891 1.3719802 548
1743126293690 1.3780272 549
1743126293694 1.3780272 549
1743126294492 1.4017622 550
1743126294497 1.4017622 550
1743126295289 1.413367 551
1743126295293 1.413367 551
1743126296082 1.4118102 552
1743126296086 1.4118102 552
1743126296867 1.3999269 553
1743126296871 1.3999269 553
1743126297632 1.3874209 554
1743126297636 1.3874209 554
1743126298412 1.3856614 555
1743126298416 1.3856614 555
1743126299184 1.4073108 556
1743126299188 1.4073108 556
1743126299954 1.4117575 557
1743126299958 1.4117575 557
1743126300732 1.4041257 558
1743126300737 1.4041257 558
1743126301513 1.4035678 559
1743126301519 1.4035678 559
1743126302288 1.4028847 560
1743126302294 1.4028847 560
1743126303065 1.3992939 561
1743126303069 1.3992939 561
1743126303834 1.3994355 562
1743126303837 1.3994355 562
1743126304602 1.4022093 563
1743126304606 1.4022093 563
1743126305375 1.4003907 564
1743126305379 1.4003907 564
1743126306152 1.3935571 565
1743126306158 1.3935571 565
1743126306928 1.3864429 566
1743126306931 1.3864429 566
1743126307695 1.3805263 567
1743126307701 1.3805263 567
1743126308465 1.375212 568
1743126308469 1.375212 568
1743126309236 1.3713446 569
1743126309244 1.3713446 569
1743126310003 1.3669999 570
1743126310007 1.3669999 570
1743126310782 1.3605204 571
1743126310787 1.3605204 571
1743126311553 1.3569031 572
1743126311557 1.3569031 572
1743126312314 1.3498838 573
1743126312320 1.3498838 573
1743126313713 1.3379772 0
1743126313717 1.3379772 0
1743126314488 1.3243976 1
1743126314492 1.3243976 1
1743126315261 1.3243661 2
1743126315267 1.3243661 2
1743126316026 1.3706148 3
1743126316030 1.3706148 3
1743126316790 1.4029137 4
1743126316794 1.4029137 4
1743126317539 1.400749 5
1743126317543 1.400749 5
1743126318283 1.3999444 6
1743126318288 1.3999444 6
1743126319030 1.4076359 7
1743126319034 1.4076359 7
1743126319784 1.4061875 8
1743126319787 1.4061875 8
1743126320530 1.4012899 9
1743126320534 1.4012899 9
1743126321276 1.3960912 10
1743126321284 1.3960912 10
1743126322039 1.3947532 11
1743126322043 1.3947532 11
1743126322795 1.3879066 12
1743126322799 1.3879066 12
1743126323548 1.3906827 13
1743126323552 1.3906827 13
1743126324306 1.385953 14
1743126324310 1.385953 14
1743126325056 1.3833003 15
1743126325064 1.3833003 15
1743126325818 1.3888936 16
1743126325823 1.3888936 16
1743126326583 1.3920342 17
1743126326587 1.3920342 17
1743126327342 1.392947 18
1743126327349 1.392947 18
1743126328111 1.3957634 19
1743126328115 1.3957634 19
1743126328883 1.3946652 20
1743126328887 1.3946652 20
1743126329653 1.3914254 21
1743126329657 1.3914254 21
1743126330416 1.3869783 22
1743126330420 1.3869783 22
1743126331182 1.3831805 23
1743126331186 1.3831805 23
1743126331954 1.3861097 24
1743126331958 1.3861097 24
1743126332715 1.3927383 25
1743126332720 1.3927383 25
1743126333478 1.3880994 26
1743126333484 1.3880994 26
1743126334245 1.3750842 27
1743126334249 1.3750842 27
1743126335020 1.3763669 28
1743126335024 1.3763669 28
1743126335790 1.3657551 29
1743126335794 1.3657551 29
1743126336567 1.3651724 30
1743126336571 1.3651724 30
1743126337343 1.362304 31
1743126337347 1.362304 31
1743126338128 1.3617136 32
1743126338134 1.3617136 32
1743126338894 1.3495072 33
1743126338899 1.3495072 33
1743126339666 1.3463595 34
1743126339670 1.3463595 34
1743126340435 1.3453822 35
1743126340438 1.3453822 35
1743126341198 1.3413115 36
1743126341202 1.3413115 36
1743126341948 1.3504016 37
1743126341952 1.3504016 37
1743126342703 1.3587921 38
1743126342709 1.3587921 38
1743126343462 1.3601362 39
1743126343465 1.3601362 39
1743126344215 1.3790109 40
1743126344219 1.3790109 40
1743126344975 1.4502585 41
1743126344979 1.4502585 41
1743126345726 1.4340034 42
1743126345730 1.4340034 42
1743126346481 1.4081411 43
1743126346487 1.4081411 43
1743126347232 1.3902236 44
1743126347239 1.3902236 44
1743126347997 1.3870118 45
1743126348001 1.3870118 45
1743126348748 1.3930753 46
1743126348752 1.3930753 46
1743126349495 1.4027674 47
1743126349499 1.4027674 47
1743126350254 1.3999093 48
1743126350258 1.3999093 48
1743126351005 1.4011931 49
1743126351009 1.4011931 49
1743126351762 1.3980541 50
1743126351766 1.3980541 50
1743126352527 1.3983128 51
1743126352535 1.3983128 51
1743126353380 1.3977768 52
1743126353385 1.3977768 52
1743126354148 1.39747 53
1743126354151 1.39747 53
1743126354902 1.3993618 54
1743126354906 1.3993618 54
1743126355665 1.4084771 55
1743126355669 1.4084771 55
1743126356425 1.4176779 56
1743126356429 1.4176779 56
1743126357186 1.4193947 57
1743126357190 1.4193947 57
1743126357944 1.4212482 58
1743126357948 1.4212482 58
1743126358697 1.4215062 59
1743126358701 1.4215062 59
1743126359455 1.4190171 60
1743126359459 1.4190171 60
1743126360224 1.4134741 61
1743126360228 1.4134741 61
1743126360984 1.4082847 62
1743126360988 1.4082847 62
1743126361736 1.4025273 63
1743126361739 1.4025273 63
1743126362491 1.3961821 64
1743126362495 1.3961821 64
1743126363259 1.3951863 65
1743126363264 1.3951863 65
1743126364025 1.3986963 66
1743126364031 1.3986963 66
1743126364777 1.4023966 67
1743126364781 1.4023966 67
1743126365531 1.3997581 68
1743126365535 1.3997581 68
1743126366291 1.4096613 69
1743126366295 1.4096613 69
1743126367047 1.4023972 70
1743126367051 1.4023972 70
1743126367819 1.3971589 71
1743126367825 1.3971589 71
1743126368597 1.3937736 72
1743126368601 1.3937736 72
1743126369367 1.3910136 73
1743126369374 1.3910136 73
1743126370156 1.3915551 74
1743126370160 1.3915551 74
1743126370933 1.3927169 75
1743126370939 1.3927169 75
1743126371712 1.3919241 76
1743126371716 1.3919241 76
1743126372477 1.391823 77
1743126372481 1.391823 77
1743126373243 1.3954883 78
1743126373247 1.3954883 78
1743126374001 1.3935157 79
1743126374005 1.3935157 79
1743126374755 1.3860949 80
1743126374760 1.3860949 80
1743126375515 1.3997931 81
1743126375522 1.3997931 81
1743126376282 1.4216187 82
1743126376286 1.4216187 82
1743126377034 1.4142983 83
1743126377038 1.4142983 83
1743126377779 1.4011242 84
1743126377782 1.4011242 84
1743126378530 1.3942155 85
1743126378534 1.3942155 85
1743126379290 1.3942323 86
1743126379294 1.3942323 86
1743126380040 1.3957974 87
1743126380046 1.3957974 87
1743126380795 1.3969195 88
1743126380799 1.3969195 88
1743126381548 1.3983219 89
1743126381552 1.3983219 89
1743126382296 1.3943079 90
1743126382300 1.3943079 90
1743126383054 1.3897331 91
1743126383058 1.3897331 91
1743126383816 1.3851097 92
1743126383819 1.3851097 92
1743126384575 1.3863817 93
1743126384583 1.3863817 93
1743126385345 1.3936949 94
1743126385351 1.3936949 94
1743126386108 1.400276 95
1743126386112 1.400276 95
1743126386868 1.4065454 96
1743126386872 1.4065454 96
1743126387638 1.4102409 97
1743126387642 1.4102409 97
1743126388391 1.4078094 98
1743126388397 1.4078094 98
1743126389144 1.4072034 99
1743126389150 1.4072034 99
1743126389907 1.4035387 100
1743126389910 1.4035387 100
1743126390665 1.4038243 101
1743126390669 1.4038243 101
1743126391444 1.4028757 102
1743126391448 1.4028757 102
1743126392205 1.403723 103
1743126392211 1.403723 103
1743126392992 1.4061731 104
1743126392997 1.4061731 104
1743126393769 1.4057455 105
1743126393773 1.4057455 105
1743126394535 1.4056771 106
1743126394541 1.4056771 106
1743126395300 1.4095048 107
1743126395304 1.4095048 107
1743126396066 1.41171 108
1743126396072 1.41171 108
1743126396836 1.4124744 109
1743126396842 1.4124744 109
1743126397621 1.4130249 110
1743126397625 1.4130249 110
1743126398398 1.4115894 111
1743126398402 1.4115894 111
1743126399169 1.4083765 112
1743126399173 1.4083765 112
1743126399941 1.4019654 113
1743126399945 1.4019654 113
1743126400702 1.3961937 114
1743126400706 1.3961937 114
1743126401454 1.3925736 115
1743126401458 1.3925736 115
1743126402210 1.3892996 116
1743126402216 1.3892996 116
1743126402953 1.3880897 117
1743126402959 1.3880897 117
1743126403707 1.3880695 118
1743126403720 1.3880695 118
1743126404474 1.3890383 119
1743126404478 1.3890383 119
1743126405233 1.3897256 120
1743126405237 1.3897256 120
1743126406000 1.3892753 121
1743126406006 1.3892753 121
1743126406788 1.3837621 122
1743126406793 1.3837621 122
1743126407555 1.3811408 123
1743126407560 1.3811408 123
1743126408328 1.3818632 124
1743126408332 1.3818632 124
1743126409129 1.3822237 125
1743126409135 1.3822237 125
1743126409932 1.3801172 126
1743126409935 1.3801172 126
1743126410705 1.3771915 127
1743126410709 1.3771915 127
1743126411476 1.3758922 128
1743126411482 1.3758922 128
1743126412256 1.373913 129
1743126412262 1.373913 129
1743126413040 1.3764741 130
1743126413044 1.3764741 130
1743126413808 1.3839072 131
1743126413814 1.3839072 131
1743126414578 1.3928798 132
1743126414584 1.3928798 132
1743126415359 1.393683 133
1743126415363 1.393683 133
1743126416135 1.390723 134
1743126416141 1.390723 134
1743126416911 1.3885736 135
1743126416915 1.3885736 135
1743126417671 1.3903387 136
1743126417675 1.3903387 136
1743126418441 1.3912985 137
1743126418445 1.3912985 137
1743126419204 1.3914015 138
1743126419208 1.3914015 138
1743126419967 1.3892477 139
1743126419971 1.3892477 139
1743126420726 1.3869975 140
1743126420730 1.3869975 140
1743126421489 1.3836365 141
1743126421493 1.3836365 141
1743126422252 1.3797982 142
1743126422256 1.3797982 142
1743126423008 1.375701 143
1743126423015 1.375701 143
1743126423764 1.3732557 144
1743126423768 1.3732557 144
1743126424537 1.3699911 145
1743126424543 1.3699911 145
1743126425312 1.3663735 146
1743126425316 1.3663735 146
1743126426082 1.3629279 147
1743126426085 1.3629279 147
1743126426845 1.3622258 148
1743126426849 1.3622258 148
1743126427608 1.3586736 149
1743126427613 1.3586736 149
1743126428391 1.3618894 150
1743126428397 1.3618894 150
1743126429167 1.3683594 151
1743126429171 1.3683594 151
1743126430032 1.3695647 152
1743126430039 1.3695647 152
1743126430804 1.3710436 153
1743126430810 1.3710436 153
1743126431581 1.3691331 154
1743126431585 1.3691331 154
1743126432360 1.3663044 155
1743126432366 1.3663044 155
1743126433145 1.3693546 156
1743126433149 1.3693546 156
1743126433923 1.3792274 157
1743126433929 1.3792274 157
1743126434703 1.3875518 158
1743126434706 1.3875518 158
1743126435482 1.3919277 159
1743126435486 1.3919277 159
1743126436261 1.393491 160
1743126436267 1.393491 160
1743126437043 1.3908744 161
1743126437047 1.3908744 161
1743126437820 1.4044964 162
1743126437825 1.4044964 162
1743126438592 1.4017723 163
1743126438598 1.4017723 163
1743126439363 1.3997881 164
1743126439367 1.3997881 164
1743126440131 1.3971676 165
1743126440139 1.3971676 165
1743126440895 1.3950545 166
1743126440899 1.3950545 166
1743126441662 1.3926542 167
1743126441666 1.3926542 167
1743126442426 1.3902915 168
1743126442429 1.3902915 168
1743126443192 1.387182 169
1743126443196 1.387182 169
1743126443956 1.3855038 170
1743126443959 1.3855038 170
1743126444726 1.3830247 171
1743126444730 1.3830247 171
1743126445485 1.3816092 172
1743126445489 1.3816092 172
1743126446246 1.380028 173
1743126446250 1.380028 173
1743126447012 1.3776588 174
1743126447016 1.3776588 174
1743126447784 1.3746936 175
1743126447790 1.3746936 175
1743126448549 1.3729306 176
1743126448553 1.3729306 176
1743126449313 1.3706985 177
1743126449317 1.3706985 177
1743126450059 1.3704796 178
1743126450063 1.3704796 178
1743126450814 1.371904 179
1743126450819 1.371904 179
1743126451570 1.3766391 180
1743126451573 1.3766391 180
1743126452320 1.3802865 181
1743126452329 1.3802865 181
1743126453076 1.3867085 182
1743126453080 1.3867085 182
1743126453827 1.3883966 183
1743126453833 1.3883966 183
1743126454582 1.3859619 184
1743126454586 1.3859619 184
1743126455334 1.3858075 185
1743126455338 1.3858075 185
1743126456095 1.3903319 186
1743126456100 1.3903319 186
1743126456852 1.392431 187
1743126456860 1.392431 187
1743126457622 1.3992417 188
1743126457626 1.3992417 188
1743126458376 1.4061805 189
1743126458380 1.4061805 189
1743126459134 1.4039304 190
1743126459137 1.4039304 190
1743126459885 1.4054613 191
1743126459893 1.4054613 191
1743126460650 1.4039595 192
1743126460659 1.4039595 192
1743126461419 1.397394 193
1743126461423 1.397394 193
1743126462192 1.3936603 194
1743126462196 1.3936603 194
1743126462978 1.3920751 195
1743126462982 1.3920751 195
1743126463763 1.3952682 196
1743126463767 1.3952682 196
1743126464545 1.4131339 197
1743126464550 1.4131339 197
1743126465319 1.4128004 198
1743126465325 1.4128004 198
1743126466090 1.4076152 199
1743126466094 1.4076152 199
1743126466858 1.4096867 200
1743126466862 1.4096867 200
1743126467631 1.4143492 201
1743126467637 1.4143492 201
1743126468404 1.4125682 202
1743126468410 1.4125682 202
1743126469180 1.4116518 203
1743126469184 1.4116518 203
1743126469952 1.4102427 204
1743126469956 1.4102427 204
1743126470705 1.40628 205
1743126470709 1.40628 205
1743126471478 1.4038992 206
1743126471483 1.4038992 206
1743126472246 1.4009855 207
1743126472252 1.4009855 207
1743126473019 1.3967743 208
1743126473023 1.3967743 208
1743126473781 1.3941052 209
1743126473785 1.3941052 209
1743126474546 1.3915598 210
1743126474552 1.3915598 210
1743126475323 1.3919294 211
1743126475329 1.3919294 211
1743126476077 1.3901614 212
1743126476081 1.3901614 212
1743126476834 1.3902375 213
1743126476842 1.3902375 213
1743126477598 1.3919967 214
1743126477601 1.3919967 214
1743126478363 1.391731 215
1743126478367 1.391731 215
1743126479123 1.3924844 216
1743126479126 1.3924844 216
1743126479879 1.3921657 217
1743126479883 1.3921657 217
1743126480653 1.3934515 218
1743126480659 1.3934515 218
1743126481400 1.3933083 219
1743126481405 1.3933083 219
1743126482165 1.3946357 220
1743126482169 1.3946357 220
1743126482921 1.3963293 221
1743126482927 1.3963293 221
1743126483687 1.3992565 222
1743126483691 1.3992565 222
1743126484440 1.4023539 223
1743126484443 1.4023539 223
1743126485190 1.4035213 224
1743126485193 1.4035213 224
1743126485939 1.4032795 225
1743126485943 1.4032795 225
1743126486695 1.4044538 226
1743126486703 1.4044538 226
1743126487455 1.4055002 227
1743126487459 1.4055002 227
1743126488213 1.4054058 228
1743126488219 1.4054058 228
1743126488967 1.4023576 229
1743126488973 1.4023576 229
1743126489727 1.4004798 230
1743126489731 1.4004798 230
1743126490479 1.3984859 231
1743126490483 1.3984859 231
1743126491230 1.3953269 232
1743126491234 1.3953269 232
1743126491982 1.393373 233
1743126491986 1.393373 233
1743126492742 1.3917112 234
1743126492748 1.3917112 234
1743126493498 1.3895867 235
1743126493501 1.3895867 235
1743126494255 1.3856692 236
1743126494259 1.3856692 236
1743126495009 1.379509 237
1743126495013 1.379509 237
1743126495790 1.3717453 238
1743126495794 1.3717453 238
1743126496568 1.3634334 239
1743126496574 1.3634334 239
1743126497357 1.3570712 240
1743126497360 1.3570712 240
1743126498123 1.3510327 241
1743126498129 1.3510327 241
1743126498890 1.3994255 242
1743126498894 1.3994255 242
1743126499650 1.4081551 243
1743126499654 1.4081551 243
1743126500421 1.4125587 244
1743126500425 1.4125587 244
1743126501171 1.4114697 245
1743126501178 1.4114697 245
1743126501932 1.4180139 246
1743126501936 1.4180139 246
1743126502681 1.4167747 247
1743126502685 1.4167747 247
1743126503442 1.4135702 248
1743126503446 1.4135702 248
1743126504191 1.4081794 249
1743126504195 1.4081794 249
1743126504955 1.404666 250
1743126504959 1.404666 250
1743126505701 1.3997915 251
1743126505705 1.3997915 251
1743126506547 1.3967355 252
1743126506553 1.3967355 252
1743126507306 1.392341 253
1743126507309 1.392341 253
1743126508065 1.3881598 254
1743126508069 1.3881598 254
1743126508815 1.3870566 255
1743126508819 1.3870566 255
1743126509566 1.3866615 256
1743126509570 1.3866615 256
1743126510318 1.3847127 257
1743126510324 1.3847127 257
1743126511077 1.3828781 258
1743126511082 1.3828781 258
1743126511831 1.3811948 259
1743126511836 1.3811948 259
1743126512597 1.3801305 260
1743126512601 1.3801305 260
1743126513363 1.3792388 261
1743126513369 1.3792388 261
1743126514123 1.3797915 262
1743126514126 1.3797915 262
1743126514888 1.3787413 263
1743126514892 1.3787413 263
1743126515647 1.3778489 264
1743126515651 1.3778489 264
1743126516408 1.3785374 265
1743126516412 1.3785374 265
1743126517176 1.3796303 266
1743126517180 1.3796303 266
1743126517934 1.3774488 267
1743126517940 1.3774488 267
1743126518697 1.3785717 268
1743126518707 1.3785717 268
1743126519462 1.3800588 269
1743126519466 1.3800588 269
1743126520224 1.3802903 270
1743126520229 1.3802903 270
1743126520988 1.3805277 271
1743126520994 1.3805277 271
1743126521763 1.3789972 272
1743126521767 1.3789972 272
1743126522544 1.3769289 273
1743126522548 1.3769289 273
1743126523317 1.374361 274
1743126523323 1.374361 274
1743126524097 1.3764815 275
1743126524103 1.3764815 275
1743126524870 1.3937483 276
1743126524874 1.3937483 276
1743126525663 1.4059916 277
1743126525667 1.4059916 277
1743126526442 1.419068 278
1743126526446 1.419068 278
1743126527205 1.4142771 279
1743126527209 1.4142771 279
1743126527975 1.404553 280
1743126527979 1.404553 280
1743126528753 1.3957361 281
1743126528757 1.3957361 281
1743126529515 1.3858564 282
1743126529521 1.3858564 282
1743126530278 1.3749232 283
1743126530284 1.3749232 283
1743126531049 1.3662574 284
1743126531053 1.3662574 284
1743126531812 1.3589644 285
1743126531816 1.3589644 285
1743126532578 1.3519635 286
1743126532582 1.3519635 286
1743126533357 1.3509874 287
1743126533363 1.3509874 287
1743126534130 1.349441 288
1743126534134 1.349441 288
1743126534915 1.3567376 289
1743126534919 1.3567376 289
1743126535682 1.4004887 290
1743126535686 1.4004887 290
1743126536460 1.3979945 291
1743126536464 1.3979945 291
1743126537228 1.389672 292
1743126537234 1.389672 292
1743126537999 1.3802199 293
1743126538003 1.3802199 293
1743126538772 1.3710492 294
1743126538778 1.3710492 294
1743126539540 1.3611176 295
1743126539549 1.3611176 295
1743126540325 1.3501079 296
1743126540331 1.3501079 296
1743126541104 1.3452868 297
1743126541108 1.3452868 297
1743126541890 1.3353754 298
1743126541894 1.3353754 298
1743126542660 1.3114932 299
1743126542664 1.3114932 299
1743126543427 1.3005965 300
1743126543433 1.3005965 300
1743126544199 1.3124906 301
1743126544203 1.3124906 301
1743126544970 1.3432174 302
1743126544974 1.3432174 302
1743126545740 1.3310783 303
1743126545744 1.3310783 303
1743126546508 1.3416073 304
1743126546512 1.3416073 304
1743126547279 1.3892901 305
1743126547283 1.3892901 305
1743126548031 1.5553578 306
1743126548037 1.5553578 306
1743126548805 1.5198681 307
1743126548810 1.5198681 307
1743126549562 1.4571638 308
1743126549568 1.4571638 308
1743126550331 1.4277446 309
1743126550334 1.4277446 309
1743126551101 1.418295 310
1743126551105 1.418295 310
1743126551865 1.4081036 311
1743126551871 1.4081036 311
1743126552619 1.397623 312
1743126552623 1.397623 312
1743126553374 1.3904741 313
1743126553380 1.3904741 313
1743126554138 1.380228 314
1743126554142 1.380228 314
1743126554896 1.370872 315
1743126554900 1.370872 315
1743126555646 1.3610282 316
1743126555651 1.3610282 316
1743126556415 1.3490844 317
1743126556419 1.3490844 317
1743126557190 1.3345103 318
1743126557196 1.3345103 318
1743126557983 1.3309181 319
1743126557989 1.3309181 319
1743126558764 1.328093 320
1743126558768 1.328093 320
1743126559548 1.3248634 321
1743126559552 1.3248634 321
1743126560324 1.3209515 322
1743126560327 1.3209515 322
1743126561099 1.3185487 323
1743126561103 1.3185487 323
1743126561877 1.3217721 324
1743126561883 1.3217721 324
1743126562655 1.3262823 325
1743126562659 1.3262823 325
1743126563417 1.3745354 326
1743126563421 1.3745354 326
1743126564196 1.3949294 327
1743126564201 1.3949294 327
1743126564970 1.3929694 328
1743126564974 1.3929694 328
1743126565738 1.3879218 329
1743126565744 1.3879218 329
1743126566507 1.3810015 330
1743126566513 1.3810015 330
1743126567283 1.3779802 331
1743126567289 1.3779802 331
1743126568064 1.3717036 332
1743126568068 1.3717036 332
1743126568823 1.3705041 333
1743126568827 1.3705041 333
1743126569589 1.3666745 334
1743126569593 1.3666745 334
1743126570357 1.364666 335
1743126570360 1.364666 335
1743126571117 1.3603456 336
1743126571121 1.3603456 336
1743126571882 1.3562557 337
1743126571888 1.3562557 337
1743126572642 1.369839 338
1743126572647 1.369839 338
1743126573422 1.3962092 339
1743126573426 1.3962092 339
1743126574196 1.4114912 340
1743126574200 1.4114912 340
1743126574962 1.4217893 341
1743126574966 1.4217893 341
1743126575733 1.4450743 342
1743126575737 1.4450743 342
1743126576505 1.4572905 343
1743126576510 1.4572905 343
1743126577279 1.4587809 344
1743126577285 1.4587809 344
1743126578051 1.4535719 345
1743126578055 1.4535719 345
1743126578826 1.4449034 346
1743126578830 1.4449034 346
1743126579598 1.4358643 347
1743126579602 1.4358643 347
1743126580343 1.4330896 348
1743126580352 1.4330896 348
1743126581097 1.4321826 349
1743126581101 1.4321826 349
1743126581845 1.4260395 350
1743126581849 1.4260395 350
1743126582608 1.4180045 351
1743126582610 1.4180045 351
1743126583452 1.4067913 352
1743126583458 1.4067913 352
1743126584203 1.3948696 353
1743126584207 1.3948696 353
1743126584964 1.3859901 354
1743126584968 1.3859901 354
1743126585716 1.3755491 355
1743126585720 1.3755491 355
1743126586467 1.3672533 356
1743126586471 1.3672533 356
1743126587228 1.358233 357
1743126587232 1.358233 357
1743126587984 1.3484808 358
1743126587989 1.3484808 358
1743126588758 1.3399491 359
1743126588762 1.3399491 359
1743126589516 1.3328234 360
1743126589519 1.3328234 360
1743126590301 1.3366098 361
1743126590306 1.3366098 361
1743126591090 1.3707113 362
1743126591097 1.3707113 362
1743126591874 1.3671844 363
1743126591880 1.3671844 363
1743126592657 1.3682879 364
1743126592661 1.3682879 364
1743126593445 1.3726524 365
1743126593449 1.3726524 365
1743126594227 1.3736811 366
1743126594233 1.3736811 366
1743126595002 1.3808159 367
1743126595007 1.3808159 367
1743126595781 1.4056269 368
1743126595787 1.4056269 368
1743126596553 1.4924284 369
1743126596557 1.4924284 369
1743126597322 1.4537978 370
1743126597326 1.4537978 370
1743126598089 1.4263549 371
1743126598093 1.4263549 371
1743126598861 1.4084852 372
1743126598870 1.4084852 372
1743126599633 1.3987386 373
1743126599637 1.3987386 373
1743126600421 1.3907557 374
1743126600425 1.3907557 374
1743126601194 1.3825818 375
1743126601198 1.3825818 375
1743126601964 1.3826556 376
1743126601968 1.3826556 376
1743126602726 1.3859954 377
1743126602731 1.3859954 377
1743126603486 1.3865834 378
1743126603490 1.3865834 378
1743126604259 1.3823358 379
1743126604263 1.3823358 379
1743126605025 1.3806777 380
1743126605030 1.3806777 380
1743126605795 1.3730484 381
1743126605801 1.3730484 381
1743126606565 1.3719046 382
1743126606571 1.3719046 382
1743126607345 1.3677971 383
1743126607350 1.3677971 383
1743126608106 1.36621 384
1743126608110 1.36621 384
1743126608874 1.3671184 385
1743126608878 1.3671184 385
1743126609640 1.3736856 386
1743126609644 1.3736856 386
1743126610404 1.3889794 387
1743126610410 1.3889794 387
1743126611154 1.394696 388
1743126611160 1.394696 388
1743126611913 1.3984051 389
1743126611921 1.3984051 389
1743126612678 1.4022723 390
1743126612682 1.4022723 390
1743126613440 1.401311 391
1743126613443 1.401311 391
1743126614188 1.3973529 392
1743126614192 1.3973529 392
1743126614947 1.3948916 393
1743126614952 1.3948916 393
1743126615700 1.3969733 394
1743126615704 1.3969733 394
1743126616451 1.4037696 395
1743126616455 1.4037696 395
1743126617201 1.4044079 396
1743126617205 1.4044079 396
1743126617969 1.403275 397
1743126617972 1.403275 397
1743126618726 1.4021144 398
1743126618732 1.4021144 398
1743126619485 1.3997264 399
1743126619489 1.3997264 399
1743126620239 1.3952041 400
1743126620245 1.3952041 400
1743126620995 1.3898276 401
1743126620999 1.3898276 401
1743126621760 1.3835666 402
1743126621766 1.3835666 402
1743126622536 1.3765283 403
1743126622540 1.3765283 403
1743126623311 1.3822997 404
1743126623315 1.3822997 404
1743126624082 1.4142308 405
1743126624086 1.4142308 405
1743126624854 1.4039855 406
1743126624858 1.4039855 406
1743126625619 1.3890209 407
1743126625622 1.3890209 407
1743126626383 1.3742057 408
1743126626387 1.3742057 408
1743126627157 1.3584814 409
1743126627161 1.3584814 409
1743126627917 1.3394527 410
1743126627921 1.3394527 410
1743126628681 1.3174047 411
1743126628685 1.3174047 411
1743126629444 1.3088508 412
1743126629448 1.3088508 412
1743126630200 1.3084772 413
1743126630206 1.3084772 413
1743126630965 1.3239496 414
1743126630969 1.3239496 414
1743126631722 1.4051691 415
1743126631726 1.4051691 415
1743126632464 1.5468909 416
1743126632468 1.5468909 416
1743126633218 1.5255015 417
1743126633220 1.5255015 417
1743126633968 1.4866679 418
1743126633974 1.4866679 418
1743126634721 1.4551055 419
1743126634725 1.4551055 419
1743126635477 1.4321058 420
1743126635485 1.4321058 420
1743126636238 1.4118532 421
1743126636242 1.4118532 421
1743126637001 1.3890306 422
1743126637005 1.3890306 422
1743126637763 1.3659929 423
1743126637767 1.3659929 423
1743126638520 1.3476734 424
1743126638525 1.3476734 424
1743126639277 1.3304331 425
1743126639281 1.3304331 425
1743126640032 1.3136022 426
1743126640036 1.3136022 426
1743126640791 1.3049419 427
1743126640795 1.3049419 427
1743126641542 1.3046789 428
1743126641549 1.3046789 428
1743126642309 1.3133655 429
1743126642314 1.3133655 429
1743126643070 1.311356 430
1743126643074 1.311356 430
1743126643842 1.3007499 431
1743126643847 1.3007499 431
1743126644596 1.305849 432
1743126644602 1.305849 432
1743126645359 1.356561 433
1743126645363 1.356561 433
1743126646121 1.348151 434
1743126646127 1.348151 434
1743126646889 1.3361001 435
1743126646893 1.3361001 435
1743126647648 1.3259157 436
1743126647651 1.3259157 436
1743126648412 1.3506608 437
1743126648416 1.3506608 437
1743126649176 1.3721507 438
1743126649182 1.3721507 438
1743126649937 1.3776112 439
1743126649943 1.3776112 439
1743126650701 1.3970628 440
1743126650705 1.3970628 440
1743126651467 1.3986229 441
1743126651472 1.3986229 441
1743126652244 1.3979774 442
1743126652248 1.3979774 442
1743126653032 1.4103081 443
1743126653038 1.4103081 443
1743126653802 1.4867893 444
1743126653806 1.4867893 444
1743126654573 1.4727739 445
1743126654577 1.4727739 445
1743126655357 1.4406428 446
1743126655365 1.4406428 446
1743126656147 1.4262409 447
1743126656151 1.4262409 447
1743126656921 1.41342 448
1743126656926 1.41342 448
1743126657714 1.4062796 449
1743126657718 1.4062796 449
1743126658484 1.395118 450
1743126658488 1.395118 450
1743126659258 1.387113 451
1743126659262 1.387113 451
1743126660134 1.3714983 452
1743126660138 1.3714983 452
1743126660908 1.3724722 453
1743126660913 1.3724722 453
1743126661700 1.3605716 454
1743126661705 1.3605716 454
1743126662496 1.3593965 455
1743126662502 1.3593965 455
1743126663271 1.340883 456
1743126663275 1.340883 456
1743126664050 1.3588629 457
1743126664054 1.3588629 457
1743126664821 1.33669 458
1743126664825 1.33669 458
1743126665597 1.3042386 459
1743126665601 1.3042386 459
1743126666360 1.3206456 460
1743126666364 1.3206456 460
1743126667132 1.2927085 461
1743126667136 1.2927085 461
1743126667895 1.2703726 462
1743126667899 1.2703726 462
1743126668654 1.26528 463
1743126668658 1.26528 463
1743126669421 1.2585851 464
1743126669425 1.2585851 464
1743126670183 1.2654738 465
1743126670191 1.2654738 465
1743126670959 1.2781925 466
1743126670965 1.2781925 466
1743126671737 1.5096157 467
1743126671741 1.5096157 467
1743126672495 1.4843106 468
1743126672499 1.4843106 468
1743126673267 1.4318212 469
1743126673271 1.4318212 469
1743126674047 1.4195374 470
1743126674051 1.4195374 470
1743126674827 1.3950396 471
1743126674831 1.3950396 471
1743126675607 1.3685986 472
1743126675611 1.3685986 472
1743126676381 1.3525022 473
1743126676385 1.3525022 473
1743126677162 1.3309762 474
1743126677168 1.3309762 474
1743126677945 1.3210504 475
1743126677949 1.3210504 475
1743126678710 1.3378863 476
1743126678714 1.3378863 476
1743126679491 1.3547484 477
1743126679497 1.3547484 477
1743126680262 1.3418827 478
1743126680266 1.3418827 478
1743126681034 1.3345203 479
1743126681040 1.3345203 479
1743126681805 1.3390709 480
1743126681809 1.3390709 480
1743126682590 1.3640624 481
1743126682594 1.3640624 481
1743126683364 1.3791511 482
1743126683369 1.3791511 482
1743126684143 1.3872638 483
1743126684152 1.3872638 483
1743126684925 1.4082425 484
1743126684929 1.4082425 484
1743126685693 1.4389365 485
1743126685697 1.4389365 485
1743126686469 1.5181438 486
1743126686472 1.5181438 486
1743126687257 1.511297 487
1743126687263 1.511297 487
1743126688036 1.4725173 488
1743126688040 1.4725173 488
1743126688806 1.4339173 489
1743126688810 1.4339173 489
1743126689573 1.407206 490
1743126689577 1.407206 490
1743126690345 1.382885 491
1743126690351 1.382885 491
1743126691123 1.3624076 492
1743126691131 1.3624076 492
1743126691897 1.3415964 493
1743126691901 1.3415964 493
1743126692663 1.3189439 494
1743126692667 1.3189439 494
1743126693461 1.298461 495
1743126693465 1.298461 495
1743126694255 1.2805413 496
1743126694259 1.2805413 496
1743126695025 1.287857 497
1743126695031 1.287857 497
1743126695795 1.4410639 498
1743126695799 1.4410639 498
1743126696574 1.5205712 499
1743126696578 1.5205712 499
1743126697336 1.4977722 500
1743126697342 1.4977722 500
1743126698110 1.4814801 501
1743126698118 1.4814801 501
1743126698882 1.4475219 502
1743126698886 1.4475219 502
1743126699634 1.432274 503
1743126699638 1.432274 503
1743126700397 1.4219449 504
1743126700400 1.4219449 504
1743126701159 1.4120686 505
1743126701167 1.4120686 505
1743126701933 1.4156313 506
1743126701939 1.4156313 506
1743126702703 1.4130887 507
1743126702709 1.4130887 507
1743126703479 1.4112515 508
1743126703483 1.4112515 508
1743126704249 1.4076326 509
1743126704252 1.4076326 509
1743126705013 1.402631 510
1743126705017 1.402631 510
1743126705781 1.3953524 511
1743126705787 1.3953524 511
1743126706557 1.3846312 512
1743126706561 1.3846312 512
1743126707327 1.3806119 513
1743126707330 1.3806119 513
1743126708102 1.3735089 514
1743126708111 1.3735089 514
1743126708871 1.3718144 515
1743126708875 1.3718144 515
1743126709640 1.37958 516
1743126709644 1.37958 516
1743126710408 1.3878012 517
1743126710414 1.3878012 517
1743126711160 1.370872 518
1743126711164 1.370872 518
1743126711919 1.3561944 519
1743126711924 1.3561944 519
1743126712665 1.3464099 520
1743126712669 1.3464099 520
1743126713414 1.3295531 521
1743126713418 1.3295531 521
1743126714175 1.3169056 522
1743126714183 1.3169056 522
1743126714946 1.3029668 523
1743126714950 1.3029668 523
1743126715698 1.2916973 524
1743126715704 1.2916973 524
1743126716461 1.2817781 525
1743126716465 1.2817781 525
1743126717224 1.3000604 526
1743126717231 1.3000604 526
1743126717990 1.288347 527
1743126717994 1.288347 527
1743126718757 1.2707131 528
1743126718761 1.2707131 528
1743126719511 1.2671103 529
1743126719517 1.2671103 529
1743126720287 1.263198 530
1743126720291 1.263198 530
1743126721053 1.2607828 531
1743126721057 1.2607828 531
1743126721809 1.2584662 532
1743126721813 1.2584662 532
1743126722564 1.2588202 533
1743126722568 1.2588202 533
1743126723324 1.2392024 534
1743126723330 1.2392024 534
1743126724108 1.2644684 535
1743126724112 1.2644684 535
1743126724890 1.2829261 536
1743126724894 1.2829261 536
1743126725669 1.2451458 537
1743126725673 1.2451458 537
1743126726445 1.3163922 538
1743126726449 1.3163922 538
1743126727225 1.3295592 539
1743126727228 1.3295592 539
1743126728003 1.3074591 540
1743126728007 1.3074591 540
1743126728764 1.2593899 541
1743126728768 1.2593899 541
1743126729533 1.3003641 542
1743126729537 1.3003641 542
1743126730296 1.2436652 543
1743126730302 1.2436652 543
1743126731071 1.2043449 544
1743126731075 1.2043449 544
1743126731834 1.1328323 545
1743126731838 1.1328323 545
1743126732605 1.1135458 546
1743126732609 1.1135458 546
1743126733379 1.0701798 547
1743126733382 1.0701798 547
1743126734143 1.2244161 548
1743126734147 1.2244161 548
1743126734904 1.3675756 549
1743126734908 1.3675756 549
1743126735671 1.3592081 550
1743126735675 1.3592081 550
1743126736451 1.3158877 551
1743126736455 1.3158877 551
1743126737316 1.2418872 552
1743126737320 1.2418872 552
1743126738076 1.283327 553
1743126738081 1.283327 553
1743126738844 1.7976537 554
1743126738848 1.7976537 554
1743126739617 1.6271322 555
1743126739621 1.6271322 555
1743126740387 1.5248997 556
1743126740391 1.5248997 556
1743126741140 1.4726496 557
1743126741144 1.4726496 557
1743126741903 1.4554113 558
1743126741909 1.4554113 558
1743126742669 1.4500813 559
1743126742673 1.4500813 559
1743126743432 1.4446723 560
1743126743436 1.4446723 560
1743126744202 1.4318151 561
1743126744207 1.4318151 561
1743126744963 1.4289591 562
1743126744969 1.4289591 562
1743126745727 1.4190595 563
1743126745731 1.4190595 563
1743126746497 1.4126146 564
1743126746501 1.4126146 564
1743126747283 1.406538 565
1743126747288 1.406538 565
1743126748083 1.3987651 566
1743126748088 1.3987651 566
1743126748847 1.388973 567
1743126748851 1.388973 567
1743126749620 1.3825252 568
1743126749624 1.3825252 568
1743126750393 1.376148 569
1743126750397 1.376148 569
1743126751182 1.370204 570
1743126751187 1.370204 570
1743126751954 1.3641183 571
1743126751958 1.3641183 571
1743126752721 1.3533354 572
1743126752725 1.3533354 572
1743126753495 1.3479373 573
1743126753499 1.3479373 573
