1743125427224 0.1714074 0
1743125427228 0.1714074 0
1743125428015 0.16147478 1
1743125428019 0.16147478 1
1743125428678 0.16433644 2
1743125428682 0.16433644 2
1743125429341 0.17097604 3
1743125429345 0.17097604 3
1743125429993 0.18074548 4
1743125429996 0.18074548 4
1743125430648 0.19193454 5
1743125430652 0.19193454 5
1743125431304 0.19595526 6
1743125431307 0.19595526 6
1743125431960 0.19930845 7
1743125431963 0.19930845 7
1743125432624 0.2056648 8
1743125432627 0.2056648 8
1743125433270 0.21382287 9
1743125433274 0.21382287 9
1743125433931 0.21801843 10
1743125433935 0.21801843 10
1743125434587 0.21873367 11
1743125434590 0.21873367 11
1743125435249 0.2160191 12
1743125435253 0.2160191 12
1743125435905 0.21438327 13
1743125435915 0.21438327 13
1743125436576 0.21539177 14
1743125436579 0.21539177 14
1743125437239 0.21369815 15
1743125437244 0.21369815 15
1743125437892 0.21426763 16
1743125437895 0.21426763 16
1743125438562 0.21121195 17
1743125438565 0.21121195 17
1743125439214 0.208669 18
1743125439218 0.208669 18
1743125439876 0.21025454 19
1743125439879 0.21025454 19
1743125440599 0.20749843 20
1743125440606 0.20749843 20
1743125441361 0.197486 21
1743125441365 0.197486 21
1743125442130 0.2002479 22
1743125442135 0.2002479 22
1743125442912 0.20220013 23
1743125442916 0.20220013 23
1743125443670 0.20212594 24
1743125443674 0.20212594 24
1743125444436 0.20044914 25
1743125444441 0.20044914 25
1743125445215 0.20230931 26
1743125445219 0.20230931 26
1743125445996 0.20399068 27
1743125446000 0.20399068 27
1743125446766 0.20304748 28
1743125446770 0.20304748 28
1743125447545 0.19881932 29
1743125447549 0.19881932 29
1743125448328 0.19791456 30
1743125448332 0.19791456 30
1743125449105 0.19888923 31
1743125449109 0.19888923 31
1743125449889 0.20678797 32
1743125449893 0.20678797 32
1743125450672 0.20721552 33
1743125450676 0.20721552 33
1743125451449 0.2060254 34
1743125451453 0.2060254 34
1743125452234 0.20383799 35
1743125452238 0.20383799 35
1743125453015 0.20331383 36
1743125453019 0.20331383 36
1743125453795 0.20397052 37
1743125453799 0.20397052 37
1743125454572 0.20338461 38
1743125454576 0.20338461 38
1743125455359 0.20520385 39
1743125455364 0.20520385 39
1743125456144 0.20621668 40
1743125456148 0.20621668 40
1743125456919 0.20259921 41
1743125456923 0.20259921 41
1743125457702 0.20101844 42
1743125457706 0.20101844 42
1743125458472 0.21250844 43
1743125458476 0.21250844 43
1743125459236 0.21291551 44
1743125459241 0.21291551 44
1743125460014 0.20476379 45
1743125460019 0.20476379 45
1743125460795 0.20145881 46
1743125460799 0.20145881 46
1743125461574 0.20869513 47
1743125461578 0.20869513 47
1743125462351 0.20693217 48
1743125462354 0.20693217 48
1743125463126 0.19897658 49
1743125463130 0.19897658 49
1743125463901 0.19742751 50
1743125463905 0.19742751 50
1743125464678 0.20049529 51
1743125464682 0.20049529 51
1743125465444 0.20315032 52
1743125465448 0.20315032 52
1743125466204 0.2002946 53
1743125466208 0.2002946 53
1743125466992 0.19455732 54
1743125467000 0.19455732 54
1743125467813 0.19489346 55
1743125467818 0.19489346 55
1743125468598 0.19773571 56
1743125468602 0.19773571 56
1743125469375 0.20503275 57
1743125469379 0.20503275 57
1743125470147 0.20686214 58
1743125470151 0.20686214 58
1743125470927 0.20627835 59
1743125470931 0.20627835 59
1743125471700 0.20806046 60
1743125471704 0.20806046 60
1743125472479 0.20452513 61
1743125472483 0.20452513 61
1743125473248 0.20351106 62
1743125473252 0.20351106 62
1743125474033 0.20641737 63
1743125474037 0.20641737 63
1743125474815 0.21155907 64
1743125474819 0.21155907 64
1743125475597 0.21150495 65
1743125475601 0.21150495 65
1743125476374 0.19799049 66
1743125476378 0.19799049 66
1743125477144 0.19038706 67
1743125477149 0.19038706 67
1743125477929 0.1893429 68
1743125477932 0.1893429 68
1743125478705 0.20314449 69
1743125478710 0.20314449 69
1743125479507 0.20222808 70
1743125479512 0.20222808 70
1743125480319 0.19453746 71
1743125480323 0.19453746 71
1743125481126 0.19132262 72
1743125481131 0.19132262 72
1743125481944 0.19728445 73
1743125481952 0.19728445 73
1743125482758 0.20317017 74
1743125482762 0.20317017 74
1743125483554 0.20158423 75
1743125483560 0.20158423 75
1743125484357 0.19763543 76
1743125484365 0.19763543 76
1743125485168 0.19909811 77
1743125485172 0.19909811 77
1743125485952 0.20133568 78
1743125485956 0.20133568 78
1743125486724 0.20560959 79
1743125486729 0.20560959 79
1743125487496 0.20964551 80
1743125487500 0.20964551 80
1743125488267 0.20894866 81
1743125488273 0.20894866 81
1743125489041 0.20283888 82
1743125489045 0.20283888 82
1743125489801 0.19771801 83
1743125489805 0.19771801 83
1743125490579 0.20186017 84
1743125490583 0.20186017 84
1743125491346 0.20578742 85
1743125491350 0.20578742 85
1743125492119 0.2017803 86
1743125492123 0.2017803 86
1743125492892 0.20978314 87
1743125492896 0.20978314 87
1743125493660 0.21070091 88
1743125493664 0.21070091 88
1743125494427 0.20732705 89
1743125494431 0.20732705 89
1743125495207 0.20686074 90
1743125495211 0.20686074 90
1743125495974 0.20812488 91
1743125495977 0.20812488 91
1743125496745 0.20518495 92
1743125496749 0.20518495 92
1743125497515 0.18636183 93
1743125497518 0.18636183 93
1743125498283 0.19430634 94
1743125498287 0.19430634 94
1743125499048 0.19885229 95
1743125499052 0.19885229 95
1743125499820 0.19706406 96
1743125499824 0.19706406 96
1743125500598 0.19706126 97
1743125500602 0.19706126 97
1743125501372 0.20073618 98
1743125501376 0.20073618 98
1743125502136 0.20750815 99
1743125502140 0.20750815 99
1743125503112 0.20163046 100
1743125503116 0.20163046 100
1743125503882 0.19540732 101
1743125503886 0.19540732 101
1743125504654 0.20234106 102
1743125504659 0.20234106 102
1743125505431 0.2055724 103
1743125505434 0.2055724 103
1743125506210 0.20363559 104
1743125506214 0.20363559 104
1743125506982 0.1969991 105
1743125506987 0.1969991 105
1743125507755 0.2000575 106
1743125507759 0.2000575 106
1743125508522 0.20707847 107
1743125508526 0.20707847 107
1743125509305 0.20947032 108
1743125509309 0.20947032 108
1743125510087 0.20752603 109
1743125510092 0.20752603 109
1743125510860 0.20858487 110
1743125510863 0.20858487 110
1743125511638 0.21097124 111
1743125511645 0.21097124 111
1743125512411 0.20973778 112
1743125512415 0.20973778 112
1743125513180 0.20673177 113
1743125513184 0.20673177 113
1743125513939 0.20396405 114
1743125513943 0.20396405 114
1743125514712 0.19569688 115
1743125514716 0.19569688 115
1743125515489 0.19727229 116
1743125515492 0.19727229 116
1743125516254 0.20066561 117
1743125516258 0.20066561 117
1743125517038 0.1995262 118
1743125517042 0.1995262 118
1743125517810 0.19984476 119
1743125517814 0.19984476 119
1743125518579 0.2025323 120
1743125518582 0.2025323 120
1743125519347 0.20582426 121
1743125519351 0.20582426 121
1743125520117 0.20426458 122
1743125520122 0.20426458 122
1743125520888 0.20344032 123
1743125520892 0.20344032 123
1743125521665 0.20194565 124
1743125521669 0.20194565 124
1743125522428 0.20076597 125
1743125522432 0.20076597 125
1743125523190 0.19822954 126
1743125523193 0.19822954 126
1743125523959 0.19591545 127
1743125523963 0.19591545 127
1743125524724 0.19898371 128
1743125524731 0.19898371 128
1743125525506 0.20017481 129
1743125525510 0.20017481 129
1743125526277 0.20535181 130
1743125526280 0.20535181 130
1743125527053 0.20587336 131
1743125527057 0.20587336 131
1743125527835 0.20127149 132
1743125527839 0.20127149 132
1743125528611 0.20219292 133
1743125528615 0.20219292 133
1743125529383 0.20921703 134
1743125529388 0.20921703 134
1743125530156 0.21274793 135
1743125530160 0.21274793 135
1743125530935 0.21067552 136
1743125530938 0.21067552 136
1743125531711 0.20943704 137
1743125531715 0.20943704 137
1743125532489 0.21220398 138
1743125532492 0.21220398 138
1743125533285 0.21488573 139
1743125533289 0.21488573 139
1743125534087 0.2151174 140
1743125534090 0.2151174 140
1743125534907 0.21664733 141
1743125534911 0.21664733 141
1743125535718 0.21809952 142
1743125535725 0.21809952 142
1743125536525 0.19330154 143
1743125536533 0.19330154 143
1743125537350 0.20955656 144
1743125537354 0.20955656 144
1743125538159 0.22047171 145
1743125538164 0.22047171 145
1743125538962 0.21152952 146
1743125538966 0.21152952 146
1743125539743 0.1983778 147
1743125539747 0.1983778 147
1743125540521 0.20315422 148
1743125540525 0.20315422 148
1743125541296 0.20878913 149
1743125541300 0.20878913 149
1743125542069 0.20091505 150
1743125542073 0.20091505 150
1743125542855 0.186849 151
1743125542859 0.186849 151
1743125543635 0.19747418 152
1743125543639 0.19747418 152
1743125544406 0.19631752 153
1743125544410 0.19631752 153
1743125545176 0.19443873 154
1743125545180 0.19443873 154
1743125545953 0.19382598 155
1743125545957 0.19382598 155
1743125546734 0.1968531 156
1743125546738 0.1968531 156
1743125547508 0.20334154 157
1743125547512 0.20334154 157
1743125548287 0.20951319 158
1743125548291 0.20951319 158
1743125549058 0.21151322 159
1743125549062 0.21151322 159
1743125549843 0.21769784 160
1743125549847 0.21769784 160
1743125550619 0.2160667 161
1743125550623 0.2160667 161
1743125551395 0.21194668 162
1743125551399 0.21194668 162
1743125552174 0.21230786 163
1743125552178 0.21230786 163
1743125552950 0.20830046 164
1743125552954 0.20830046 164
1743125553729 0.20077968 165
1743125553733 0.20077968 165
1743125554507 0.20192535 166
1743125554511 0.20192535 166
1743125555279 0.20631252 167
1743125555282 0.20631252 167
1743125556054 0.20271944 168
1743125556061 0.20271944 168
1743125556824 0.19938779 169
1743125556834 0.19938779 169
1743125557602 0.20136379 170
1743125557606 0.20136379 170
1743125558373 0.20531924 171
1743125558377 0.20531924 171
1743125559149 0.20402221 172
1743125559153 0.20402221 172
1743125559933 0.20197015 173
1743125559936 0.20197015 173
1743125560712 0.20178153 174
1743125560720 0.20178153 174
1743125561478 0.19850007 175
1743125561483 0.19850007 175
1743125562256 0.2028686 176
1743125562260 0.2028686 176
1743125563033 0.20606251 177
1743125563037 0.20606251 177
1743125563814 0.20500162 178
1743125563818 0.20500162 178
1743125564598 0.19586213 179
1743125564602 0.19586213 179
1743125565375 0.20037936 180
1743125565379 0.20037936 180
1743125566141 0.20570396 181
1743125566144 0.20570396 181
1743125566912 0.20854415 182
1743125566916 0.20854415 182
1743125567674 0.20605768 183
1743125567678 0.20605768 183
1743125568432 0.20719455 184
1743125568436 0.20719455 184
1743125569177 0.20932971 185
1743125569181 0.20932971 185
1743125569930 0.2090861 186
1743125569934 0.2090861 186
1743125570689 0.20607464 187
1743125570694 0.20607464 187
1743125571446 0.20867825 188
1743125571450 0.20867825 188
1743125572220 0.20387425 189
1743125572224 0.20387425 189
1743125572990 0.20045298 190
1743125572994 0.20045298 190
1743125573754 0.20114893 191
1743125573758 0.20114893 191
1743125574520 0.1960156 192
1743125574522 0.1960156 192
1743125575288 0.19795558 193
1743125575292 0.19795558 193
1743125576055 0.1999902 194
1743125576058 0.1999902 194
1743125576824 0.19981088 195
1743125576828 0.19981088 195
1743125577597 0.1997084 196
1743125577601 0.1997084 196
1743125578373 0.20333914 197
1743125578377 0.20333914 197
1743125579140 0.20427996 198
1743125579144 0.20427996 198
1743125579905 0.20025428 199
1743125579909 0.20025428 199
1743125580776 0.19954658 200
1743125580780 0.19954658 200
1743125581559 0.20300375 201
1743125581563 0.20300375 201
1743125582319 0.20555478 202
1743125582323 0.20555478 202
1743125583073 0.2086476 203
1743125583077 0.2086476 203
1743125583859 0.20771466 204
1743125583862 0.20771466 204
1743125584621 0.20491816 205
1743125584625 0.20491816 205
1743125585387 0.20676793 206
1743125585391 0.20676793 206
1743125586156 0.20580417 207
1743125586160 0.20580417 207
1743125586940 0.20293194 208
1743125586943 0.20293194 208
1743125587712 0.20182122 209
1743125587716 0.20182122 209
1743125588477 0.20641188 210
1743125588481 0.20641188 210
1743125589257 0.20475788 211
1743125589261 0.20475788 211
1743125590046 0.2025793 212
1743125590050 0.2025793 212
1743125590827 0.2058534 213
1743125590831 0.2058534 213
1743125591595 0.2099448 214
1743125591600 0.2099448 214
1743125592363 0.20876282 215
1743125592367 0.20876282 215
1743125593115 0.20667651 216
1743125593119 0.20667651 216
1743125593877 0.20759736 217
1743125593881 0.20759736 217
1743125594648 0.21108706 218
1743125594652 0.21108706 218
1743125595415 0.21186247 219
1743125595419 0.21186247 219
1743125596187 0.20821552 220
1743125596191 0.20821552 220
1743125596951 0.20761055 221
1743125596955 0.20761055 221
1743125597725 0.2095176 222
1743125597729 0.2095176 222
1743125598492 0.21074247 223
1743125598496 0.21074247 223
1743125599252 0.21079583 224
1743125599256 0.21079583 224
1743125600009 0.20937523 225
1743125600013 0.20937523 225
1743125600773 0.20649302 226
1743125600777 0.20649302 226
1743125601533 0.20751601 227
1743125601539 0.20751601 227
1743125602313 0.20998095 228
1743125602317 0.20998095 228
1743125603086 0.20864607 229
1743125603090 0.20864607 229
1743125603864 0.20796765 230
1743125603866 0.20796765 230
1743125604639 0.20960702 231
1743125604641 0.20960702 231
1743125605412 0.20570199 232
1743125605416 0.20570199 232
1743125606195 0.20999566 233
1743125606199 0.20999566 233
1743125606985 0.20864089 234
1743125606989 0.20864089 234
1743125607767 0.20091663 235
1743125607771 0.20091663 235
1743125608553 0.19753188 236
1743125608557 0.19753188 236
1743125609326 0.19926856 237
1743125609330 0.19926856 237
1743125610105 0.19676973 238
1743125610109 0.19676973 238
1743125610873 0.19464466 239
1743125610877 0.19464466 239
1743125611662 0.1936586 240
1743125611666 0.1936586 240
1743125612433 0.19847925 241
1743125612437 0.19847925 241
1743125613209 0.20200822 242
1743125613213 0.20200822 242
1743125613979 0.20244838 243
1743125613981 0.20244838 243
1743125614752 0.20398769 244
1743125614756 0.20398769 244
1743125615535 0.20472512 245
1743125615538 0.20472512 245
1743125616310 0.20143133 246
1743125616314 0.20143133 246
1743125617077 0.19579609 247
1743125617081 0.19579609 247
1743125617843 0.19826345 248
1743125617846 0.19826345 248
1743125618618 0.20205408 249
1743125618622 0.20205408 249
1743125619398 0.20300533 250
1743125619402 0.20300533 250
1743125620176 0.2041371 251
1743125620180 0.2041371 251
1743125620958 0.20741624 252
1743125620962 0.20741624 252
1743125621732 0.20969738 253
1743125621736 0.20969738 253
1743125622503 0.2092501 254
1743125622507 0.2092501 254
1743125623286 0.20809977 255
1743125623290 0.20809977 255
1743125624056 0.2073613 256
1743125624062 0.2073613 256
1743125624834 0.2076692 257
1743125624838 0.2076692 257
1743125625609 0.20883171 258
1743125625613 0.20883171 258
1743125626392 0.20966718 259
1743125626395 0.20966718 259
1743125627166 0.2098636 260
1743125627168 0.2098636 260
1743125627938 0.21027394 261
1743125627942 0.21027394 261
1743125628708 0.21087264 262
1743125628712 0.21087264 262
1743125629483 0.21153721 263
1743125629486 0.21153721 263
1743125630262 0.20812723 264
1743125630266 0.20812723 264
1743125631034 0.20352934 265
1743125631038 0.20352934 265
1743125631823 0.20079012 266
1743125631827 0.20079012 266
1743125632597 0.18849169 267
1743125632601 0.18849169 267
1743125633384 0.19999282 268
1743125633388 0.19999282 268
1743125634161 0.20467979 269
1743125634165 0.20467979 269
1743125634940 0.20453756 270
1743125634948 0.20453756 270
1743125635731 0.20735078 271
1743125635735 0.20735078 271
1743125636506 0.2137091 272
1743125636510 0.2137091 272
1743125637291 0.21889533 273
1743125637295 0.21889533 273
1743125638060 0.21567763 274
1743125638064 0.21567763 274
1743125638829 0.20518608 275
1743125638834 0.20518608 275
1743125639599 0.20295446 276
1743125639603 0.20295446 276
1743125640378 0.20362936 277
1743125640382 0.20362936 277
1743125641152 0.20438649 278
1743125641156 0.20438649 278
1743125641924 0.1989672 279
1743125641928 0.1989672 279
1743125642713 0.1998112 280
1743125642718 0.1998112 280
1743125643489 0.20342778 281
1743125643493 0.20342778 281
1743125644277 0.2057942 282
1743125644281 0.2057942 282
1743125645057 0.20647407 283
1743125645061 0.20647407 283
1743125645835 0.20759505 284
1743125645839 0.20759505 284
1743125646615 0.21045992 285
1743125646619 0.21045992 285
1743125647400 0.21226494 286
1743125647404 0.21226494 286
1743125648166 0.21119477 287
1743125648170 0.21119477 287
1743125648938 0.20854172 288
1743125648942 0.20854172 288
1743125649715 0.20393127 289
1743125649719 0.20393127 289
1743125650492 0.20760094 290
1743125650496 0.20760094 290
1743125651268 0.20735829 291
1743125651271 0.20735829 291
1743125652036 0.2057212 292
1743125652040 0.2057212 292
1743125652798 0.20816174 293
1743125652803 0.20816174 293
1743125653593 0.21326394 294
1743125653597 0.21326394 294
1743125654380 0.21608077 295
1743125654383 0.21608077 295
1743125655154 0.21483755 296
1743125655158 0.21483755 296
1743125655924 0.20889953 297
1743125655928 0.20889953 297
1743125656690 0.20935921 298
1743125656694 0.20935921 298
1743125657518 0.21279553 299
1743125657522 0.21279553 299
1743125658409 0.21705237 300
1743125658412 0.21705237 300
1743125659194 0.21210465 301
1743125659198 0.21210465 301
1743125659967 0.20518449 302
1743125659971 0.20518449 302
1743125660743 0.1794914 303
1743125660747 0.1794914 303
1743125661519 0.19568531 304
1743125661523 0.19568531 304
1743125662308 0.20010501 305
1743125662314 0.20010501 305
1743125663086 0.19276445 306
1743125663088 0.19276445 306
1743125663858 0.1921035 307
1743125663862 0.1921035 307
1743125664638 0.19944249 308
1743125664642 0.19944249 308
1743125665425 0.20127024 309
1743125665431 0.20127024 309
1743125666207 0.20268422 310
1743125666211 0.20268422 310
1743125666987 0.20750557 311
1743125666991 0.20750557 311
1743125667768 0.20973459 312
1743125667772 0.20973459 312
1743125668553 0.211082 313
1743125668556 0.211082 313
1743125669328 0.21241392 314
1743125669332 0.21241392 314
1743125670097 0.21399982 315
1743125670101 0.21399982 315
1743125670871 0.21383387 316
1743125670875 0.21383387 316
1743125671634 0.21313828 317
1743125671640 0.21313828 317
1743125672404 0.21109116 318
1743125672408 0.21109116 318
1743125673166 0.20727293 319
1743125673170 0.20727293 319
1743125673946 0.20484285 320
1743125673950 0.20484285 320
1743125674714 0.20391755 321
1743125674718 0.20391755 321
1743125675495 0.20351106 322
1743125675499 0.20351106 322
1743125676275 0.20350683 323
1743125676279 0.20350683 323
1743125677058 0.20378076 324
1743125677062 0.20378076 324
1743125677831 0.20394064 325
1743125677835 0.20394064 325
1743125678602 0.20335245 326
1743125678606 0.20335245 326
1743125679375 0.20423977 327
1743125679379 0.20423977 327
1743125680153 0.2075705 328
1743125680157 0.2075705 328
1743125680926 0.21093468 329
1743125680930 0.21093468 329
1743125681699 0.21078995 330
1743125681703 0.21078995 330
1743125682478 0.21080145 331
1743125682484 0.21080145 331
1743125683243 0.21594624 332
1743125683247 0.21594624 332
1743125684015 0.21789074 333
1743125684019 0.21789074 333
1743125684832 0.21208759 334
1743125684836 0.21208759 334
1743125685665 0.20680335 335
1743125685669 0.20680335 335
1743125686502 0.21160315 336
1743125686506 0.21160315 336
1743125687335 0.2078786 337
1743125687339 0.2078786 337
1743125688162 0.20530337 338
1743125688166 0.20530337 338
1743125689008 0.20560183 339
1743125689014 0.20560183 339
1743125689829 0.20691039 340
1743125689833 0.20691039 340
1743125690616 0.20562775 341
1743125690620 0.20562775 341
1743125691393 0.20429263 342
1743125691397 0.20429263 342
1743125692173 0.20398372 343
1743125692177 0.20398372 343
1743125692945 0.20322783 344
1743125692949 0.20322783 344
1743125693719 0.20064878 345
1743125693722 0.20064878 345
1743125694494 0.19722049 346
1743125694498 0.19722049 346
1743125695265 0.20035559 347
1743125695268 0.20035559 347
1743125696036 0.20055301 348
1743125696040 0.20055301 348
1743125696809 0.2016629 349
1743125696812 0.2016629 349
1743125697579 0.20265639 350
1743125697583 0.20265639 350
1743125698358 0.20592745 351
1743125698364 0.20592745 351
1743125699151 0.20649436 352
1743125699155 0.20649436 352
1743125699940 0.20646842 353
1743125699944 0.20646842 353
1743125700721 0.20880875 354
1743125700725 0.20880875 354
1743125701503 0.2088955 355
1743125701507 0.2088955 355
1743125702279 0.20942596 356
1743125702281 0.20942596 356
1743125703046 0.21266589 357
1743125703049 0.21266589 357
1743125703810 0.21397379 358
1743125703814 0.21397379 358
1743125704593 0.21424289 359
1743125704597 0.21424289 359
1743125705369 0.2134345 360
1743125705371 0.2134345 360
1743125706140 0.21006805 361
1743125706143 0.21006805 361
1743125706908 0.20582397 362
1743125706912 0.20582397 362
1743125707691 0.20629579 363
1743125707695 0.20629579 363
1743125708461 0.21001172 364
1743125708465 0.21001172 364
1743125709247 0.20727672 365
1743125709249 0.20727672 365
1743125710027 0.19980828 366
1743125710031 0.19980828 366
1743125710814 0.19803765 367
1743125710817 0.19803765 367
1743125711588 0.19901146 368
1743125711592 0.19901146 368
1743125712362 0.19983599 369
1743125712366 0.19983599 369
1743125713134 0.20058414 370
1743125713138 0.20058414 370
1743125713908 0.20222254 371
1743125713912 0.20222254 371
1743125714679 0.20282485 372
1743125714681 0.20282485 372
1743125715447 0.20314987 373
1743125715451 0.20314987 373
1743125716216 0.20517309 374
1743125716220 0.20517309 374
1743125716985 0.20601141 375
1743125716989 0.20601141 375
1743125717756 0.2059371 376
1743125717760 0.2059371 376
1743125718519 0.2027296 377
1743125718522 0.2027296 377
1743125719295 0.20277691 378
1743125719299 0.20277691 378
1743125720073 0.20477824 379
1743125720077 0.20477824 379
1743125720855 0.20684548 380
1743125720857 0.20684548 380
1743125721631 0.20771173 381
1743125721635 0.20771173 381
1743125722408 0.20934112 382
1743125722410 0.20934112 382
1743125723179 0.21015638 383
1743125723183 0.21015638 383
1743125723953 0.21049695 384
1743125723957 0.21049695 384
1743125724724 0.21002938 385
1743125724728 0.21002938 385
1743125725498 0.20896907 386
1743125725502 0.20896907 386
1743125726271 0.21203654 387
1743125726275 0.21203654 387
1743125727034 0.21279575 388
1743125727038 0.21279575 388
1743125727809 0.20760885 389
1743125727811 0.20760885 389
1743125728579 0.20447983 390
1743125728583 0.20447983 390
1743125729352 0.20604312 391
1743125729356 0.20604312 391
1743125730124 0.20575607 392
1743125730128 0.20575607 392
1743125730903 0.20777018 393
1743125730907 0.20777018 393
1743125731685 0.20717035 394
1743125731688 0.20717035 394
1743125732473 0.20437366 395
1743125732477 0.20437366 395
1743125733248 0.20373642 396
1743125733251 0.20373642 396
1743125734031 0.20504117 397
1743125734033 0.20504117 397
1743125734811 0.20276897 398
1743125734815 0.20276897 398
1743125735588 0.19719495 399
1743125735592 0.19719495 399
1743125736462 0.2006761 400
1743125736466 0.2006761 400
1743125737245 0.20625263 401
1743125737249 0.20625263 401
1743125738014 0.20470747 402
1743125738018 0.20470747 402
1743125738789 0.20199455 403
1743125738792 0.20199455 403
1743125739555 0.2028592 404
1743125739559 0.2028592 404
1743125740317 0.20394307 405
1743125740321 0.20394307 405
1743125741097 0.20747267 406
1743125741101 0.20747267 406
1743125741876 0.20610823 407
1743125741880 0.20610823 407
1743125742649 0.2045852 408
1743125742653 0.2045852 408
1743125743431 0.2044925 409
1743125743433 0.2044925 409
1743125744199 0.20615822 410
1743125744202 0.20615822 410
1743125744975 0.20482402 411
1743125744979 0.20482402 411
1743125745741 0.20435493 412
1743125745745 0.20435493 412
1743125746510 0.20464927 413
1743125746514 0.20464927 413
1743125747286 0.20687489 414
1743125747291 0.20687489 414
1743125748065 0.20810063 415
1743125748068 0.20810063 415
1743125748834 0.20643544 416
1743125748838 0.20643544 416
1743125749600 0.20817457 417
1743125749604 0.20817457 417
1743125750362 0.21096982 418
1743125750366 0.21096982 418
1743125751142 0.21361423 419
1743125751146 0.21361423 419
1743125751919 0.21500146 420
1743125751924 0.21500146 420
1743125752693 0.21650703 421
1743125752698 0.21650703 421
1743125753463 0.21746084 422
1743125753467 0.21746084 422
1743125754234 0.21721256 423
1743125754239 0.21721256 423
1743125754999 0.21444106 424
1743125755003 0.21444106 424
1743125755765 0.20097727 425
1743125755769 0.20097727 425
1743125756534 0.20126382 426
1743125756538 0.20126382 426
1743125757305 0.20735465 427
1743125757309 0.20735465 427
1743125758091 0.20689239 428
1743125758093 0.20689239 428
1743125758866 0.20368095 429
1743125758869 0.20368095 429
1743125759654 0.20439348 430
1743125759656 0.20439348 430
1743125760429 0.20614141 431
1743125760434 0.20614141 431
1743125761206 0.20519683 432
1743125761210 0.20519683 432
1743125761977 0.20274226 433
1743125761981 0.20274226 433
1743125762746 0.2034085 434
1743125762750 0.2034085 434
1743125763530 0.2056364 435
1743125763532 0.2056364 435
1743125764318 0.20519808 436
1743125764322 0.20519808 436
1743125765089 0.20468445 437
1743125765093 0.20468445 437
1743125765857 0.20721464 438
1743125765861 0.20721464 438
1743125766635 0.20988771 439
1743125766639 0.20988771 439
1743125767408 0.2067969 440
1743125767412 0.2067969 440
1743125768174 0.20504172 441
1743125768178 0.20504172 441
1743125768949 0.20457141 442
1743125768953 0.20457141 442
1743125769726 0.20995498 443
1743125769732 0.20995498 443
1743125770503 0.21121596 444
1743125770507 0.21121596 444
1743125771277 0.21056849 445
1743125771281 0.21056849 445
1743125772050 0.21221685 446
1743125772054 0.21221685 446
1743125772831 0.2141669 447
1743125772838 0.2141669 447
1743125773598 0.21285476 448
1743125773602 0.21285476 448
1743125774367 0.20844755 449
1743125774371 0.20844755 449
1743125775137 0.21189372 450
1743125775141 0.21189372 450
1743125775920 0.21015085 451
1743125775924 0.21015085 451
1743125776699 0.20693181 452
1743125776703 0.20693181 452
1743125777467 0.20989005 453
1743125777473 0.20989005 453
1743125778243 0.21296678 454
1743125778247 0.21296678 454
1743125779017 0.21332854 455
1743125779021 0.21332854 455
1743125779790 0.21373557 456
1743125779794 0.21373557 456
1743125780554 0.2129267 457
1743125780558 0.2129267 457
1743125781321 0.2122674 458
1743125781324 0.2122674 458
1743125782091 0.21424747 459
1743125782094 0.21424747 459
1743125782868 0.20165619 460
1743125782872 0.20165619 460
1743125783642 0.19800216 461
1743125783646 0.19800216 461
1743125784418 0.20454918 462
1743125784422 0.20454918 462
1743125785193 0.20588215 463
1743125785196 0.20588215 463
1743125785967 0.1993798 464
1743125785971 0.1993798 464
1743125786742 0.1984881 465
1743125786746 0.1984881 465
1743125787512 0.20300306 466
1743125787516 0.20300306 466
1743125788296 0.20377083 467
1743125788300 0.20377083 467
1743125789075 0.20312765 468
1743125789079 0.20312765 468
1743125789846 0.20250243 469
1743125789850 0.20250243 469
1743125790624 0.20317446 470
1743125790628 0.20317446 470
1743125791404 0.20474865 471
1743125791408 0.20474865 471
1743125792189 0.20654519 472
1743125792191 0.20654519 472
1743125792958 0.20700447 473
1743125792962 0.20700447 473
1743125793731 0.20587292 474
1743125793734 0.20587292 474
1743125794525 0.20607382 475
1743125794529 0.20607382 475
1743125795304 0.20948435 476
1743125795308 0.20948435 476
1743125796078 0.2098236 477
1743125796082 0.2098236 477
1743125796854 0.20771407 478
1743125796860 0.20771407 478
1743125797636 0.20707712 479
1743125797640 0.20707712 479
1743125798411 0.20540814 480
1743125798415 0.20540814 480
1743125799181 0.2034057 481
1743125799185 0.2034057 481
1743125799944 0.20612735 482
1743125799948 0.20612735 482
1743125800719 0.20709817 483
1743125800723 0.20709817 483
1743125801491 0.20738423 484
1743125801493 0.20738423 484
1743125802268 0.20850477 485
1743125802272 0.20850477 485
1743125803046 0.20918085 486
1743125803050 0.20918085 486
1743125803816 0.20312998 487
1743125803820 0.20312998 487
1743125804589 0.19962499 488
1743125804593 0.19962499 488
1743125805368 0.20446925 489
1743125805372 0.20446925 489
1743125806144 0.20737228 490
1743125806148 0.20737228 490
1743125806916 0.20535286 491
1743125806922 0.20535286 491
1743125807696 0.20378916 492
1743125807700 0.20378916 492
1743125808464 0.20633666 493
1743125808468 0.20633666 493
1743125809232 0.20571056 494
1743125809236 0.20571056 494
1743125810008 0.20483758 495
1743125810012 0.20483758 495
1743125810777 0.20651853 496
1743125810781 0.20651853 496
1743125811553 0.20794888 497
1743125811557 0.20794888 497
1743125812330 0.20738816 498
1743125812335 0.20738816 498
1743125813112 0.20229161 499
1743125813116 0.20229161 499
1743125813980 0.20474344 500
1743125813984 0.20474344 500
1743125814755 0.20653732 501
1743125814761 0.20653732 501
1743125815541 0.20350471 502
1743125815545 0.20350471 502
1743125816323 0.20415486 503
1743125816327 0.20415486 503
1743125817101 0.2072737 504
1743125817105 0.2072737 504
1743125817872 0.20697814 505
1743125817876 0.20697814 505
1743125818635 0.20566465 506
1743125818638 0.20566465 506
1743125819404 0.20663033 507
1743125819408 0.20663033 507
1743125820188 0.2071498 508
1743125820192 0.2071498 508
1743125820946 0.20723352 509
1743125820949 0.20723352 509
1743125821702 0.20707658 510
1743125821706 0.20707658 510
1743125822464 0.20671844 511
1743125822468 0.20671844 511
1743125823242 0.20721895 512
1743125823246 0.20721895 512
1743125824013 0.20795469 513
1743125824017 0.20795469 513
1743125824770 0.20795758 514
1743125824774 0.20795758 514
1743125825540 0.2062714 515
1743125825544 0.2062714 515
1743125826301 0.20353884 516
1743125826303 0.20353884 516
1743125827057 0.20629597 517
1743125827061 0.20629597 517
1743125827816 0.20718086 518
1743125827820 0.20718086 518
1743125828578 0.20488164 519
1743125828582 0.20488164 519
1743125829350 0.20555344 520
1743125829353 0.20555344 520
1743125830125 0.20615211 521
1743125830130 0.20615211 521
1743125830906 0.20508455 522
1743125830910 0.20508455 522
1743125831701 0.20592497 523
1743125831703 0.20592497 523
1743125832477 0.20684353 524
1743125832480 0.20684353 524
1743125833255 0.20639648 525
1743125833259 0.20639648 525
1743125834044 0.20488982 526
1743125834048 0.20488982 526
1743125834828 0.20513718 527
1743125834832 0.20513718 527
1743125835608 0.20532279 528
1743125835612 0.20532279 528
1743125836382 0.20629914 529
1743125836386 0.20629914 529
1743125837157 0.20753875 530
1743125837159 0.20753875 530
1743125837933 0.20761329 531
1743125837939 0.20761329 531
1743125838710 0.20783876 532
1743125838714 0.20783876 532
1743125839484 0.20931175 533
1743125839488 0.20931175 533
1743125840263 0.21069679 534
1743125840267 0.21069679 534
1743125841033 0.21140534 535
1743125841037 0.21140534 535
1743125841806 0.20334987 536
1743125841810 0.20334987 536
1743125842576 0.20362806 537
1743125842580 0.20362806 537
1743125843338 0.20636351 538
1743125843342 0.20636351 538
1743125844116 0.20527175 539
1743125844120 0.20527175 539
1743125844892 0.19951244 540
1743125844899 0.19951244 540
1743125845716 0.20534861 541
1743125845722 0.20534861 541
1743125846502 0.21106967 542
1743125846506 0.21106967 542
1743125847308 0.20793161 543
1743125847312 0.20793161 543
1743125848080 0.20534576 544
1743125848084 0.20534576 544
1743125848858 0.21131776 545
1743125848862 0.21131776 545
1743125849635 0.21383211 546
1743125849639 0.21383211 546
1743125850408 0.21181026 547
1743125850412 0.21181026 547
1743125851182 0.2118842 548
1743125851184 0.2118842 548
1743125851959 0.21167749 549
1743125851963 0.21167749 549
1743125852745 0.21198727 550
1743125852749 0.21198727 550
1743125853522 0.20873448 551
1743125853528 0.20873448 551
1743125854294 0.20795047 552
1743125854298 0.20795047 552
1743125855078 0.20965756 553
1743125855082 0.20965756 553
1743125855860 0.20927045 554
1743125855863 0.20927045 554
1743125856634 0.20272689 555
1743125856638 0.20272689 555
1743125857405 0.19953594 556
1743125857409 0.19953594 556
1743125858177 0.19863763 557
1743125858183 0.19863763 557
1743125858956 0.20004204 558
1743125858960 0.20004204 558
1743125859736 0.19791804 559
1743125859739 0.19791804 559
1743125860512 0.20229018 560
1743125860516 0.20229018 560
1743125861293 0.2071801 561
1743125861295 0.2071801 561
1743125862064 0.20777512 562
1743125862068 0.20777512 562
1743125862852 0.20730908 563
1743125862856 0.20730908 563
1743125863634 0.20797923 564
1743125863638 0.20797923 564
1743125864431 0.21086645 565
1743125864435 0.21086645 565
1743125865213 0.2112525 566
1743125865217 0.2112525 566
1743125865988 0.21084893 567
1743125865992 0.21084893 567
1743125866764 0.21256992 568
1743125866768 0.21256992 568
1743125867537 0.21339415 569
1743125867540 0.21339415 569
1743125868324 0.2139188 570
1743125868330 0.2139188 570
1743125869107 0.21335745 571
1743125869111 0.21335745 571
1743125869875 0.21159877 572
1743125869879 0.21159877 572
1743125870644 0.21416882 573
1743125870648 0.21416882 573
1743125872070 0.21182747 0
1743125872074 0.21182747 0
1743125872835 0.20373571 1
1743125872839 0.20373571 1
1743125873608 0.19697921 2
1743125873612 0.19697921 2
1743125874384 0.20446062 3
1743125874388 0.20446062 3
1743125875172 0.20322952 4
1743125875176 0.20322952 4
1743125875932 0.19771263 5
1743125875936 0.19771263 5
1743125876709 0.19969957 6
1743125876713 0.19969957 6
1743125877482 0.20475106 7
1743125877486 0.20475106 7
1743125878252 0.20447482 8
1743125878255 0.20447482 8
1743125879025 0.20384775 9
1743125879029 0.20384775 9
1743125879796 0.20726077 10
1743125879799 0.20726077 10
1743125880577 0.20443276 11
1743125880581 0.20443276 11
1743125881349 0.20429708 12
1743125881353 0.20429708 12
1743125882127 0.19935521 13
1743125882131 0.19935521 13
1743125882890 0.20714849 14
1743125882896 0.20714849 14
1743125883659 0.20770882 15
1743125883663 0.20770882 15
1743125884427 0.20566534 16
1743125884430 0.20566534 16
1743125885192 0.20636337 17
1743125885196 0.20636337 17
1743125885966 0.2066813 18
1743125885970 0.2066813 18
1743125886726 0.2052304 19
1743125886730 0.2052304 19
1743125887492 0.2057161 20
1743125887494 0.2057161 20
1743125888256 0.2038936 21
1743125888260 0.2038936 21
1743125889019 0.20210509 22
1743125889023 0.20210509 22
1743125889783 0.20201026 23
1743125889787 0.20201026 23
1743125890560 0.20305921 24
1743125890564 0.20305921 24
1743125891321 0.20446788 25
1743125891325 0.20446788 25
1743125892182 0.20532979 26
1743125892185 0.20532979 26
1743125892948 0.20579465 27
1743125892952 0.20579465 27
1743125893725 0.20540373 28
1743125893729 0.20540373 28
1743125894500 0.207294 29
1743125894504 0.207294 29
1743125895275 0.20829783 30
1743125895279 0.20829783 30
1743125896039 0.20704854 31
1743125896043 0.20704854 31
1743125896808 0.20749885 32
1743125896814 0.20749885 32
1743125897572 0.20773865 33
1743125897575 0.20773865 33
1743125898339 0.20844705 34
1743125898342 0.20844705 34
1743125899114 0.20849122 35
1743125899118 0.20849122 35
1743125899878 0.20689982 36
1743125899881 0.20689982 36
1743125900644 0.20902207 37
1743125900648 0.20902207 37
1743125901405 0.21207814 38
1743125901409 0.21207814 38
1743125902168 0.21159878 39
1743125902174 0.21159878 39
1743125902936 0.21159424 40
1743125902940 0.21159424 40
1743125903693 0.21257587 41
1743125903697 0.21257587 41
1743125904456 0.21137287 42
1743125904460 0.21137287 42
1743125905217 0.21002509 43
1743125905221 0.21002509 43
1743125905985 0.21464868 44
1743125905989 0.21464868 44
1743125906749 0.20871674 45
1743125906752 0.20871674 45
1743125907518 0.21308352 46
1743125907522 0.21308352 46
1743125908287 0.212998 47
1743125908291 0.212998 47
1743125909045 0.20848458 48
1743125909049 0.20848458 48
1743125909822 0.20693965 49
1743125909826 0.20693965 49
1743125910587 0.20631698 50
1743125910590 0.20631698 50
1743125911355 0.20928532 51
1743125911359 0.20928532 51
1743125912125 0.2102056 52
1743125912129 0.2102056 52
1743125912894 0.21197791 53
1743125912898 0.21197791 53
1743125913659 0.21174505 54
1743125913663 0.21174505 54
1743125914420 0.21036616 55
1743125914423 0.21036616 55
1743125915184 0.21174027 56
1743125915188 0.21174027 56
1743125915955 0.21052554 57
1743125915959 0.21052554 57
1743125916725 0.19982097 58
1743125916729 0.19982097 58
1743125917493 0.20468797 59
1743125917497 0.20468797 59
1743125918268 0.20478305 60
1743125918272 0.20478305 60
1743125919027 0.19760312 61
1743125919031 0.19760312 61
1743125919795 0.19988191 62
1743125919799 0.19988191 62
1743125920562 0.20535873 63
1743125920566 0.20535873 63
1743125921327 0.20283899 64
1743125921331 0.20283899 64
1743125922081 0.20477086 65
1743125922085 0.20477086 65
1743125922841 0.20851265 66
1743125922845 0.20851265 66
1743125923608 0.21269666 67
1743125923612 0.21269666 67
1743125924384 0.21128486 68
1743125924387 0.21128486 68
1743125925144 0.21089429 69
1743125925147 0.21089429 69
1743125925911 0.20854147 70
1743125925914 0.20854147 70
1743125926680 0.20187478 71
1743125926684 0.20187478 71
1743125927456 0.20452195 72
1743125927460 0.20452195 72
1743125928221 0.20470569 73
1743125928224 0.20470569 73
1743125928978 0.20083739 74
1743125928982 0.20083739 74
1743125929735 0.20050232 75
1743125929739 0.20050232 75
1743125930508 0.20444559 76
1743125930512 0.20444559 76
1743125931265 0.20340432 77
1743125931269 0.20340432 77
1743125932019 0.19724914 78
1743125932023 0.19724914 78
1743125932789 0.20174865 79
1743125932795 0.20174865 79
1743125933568 0.20658693 80
1743125933572 0.20658693 80
1743125934327 0.20634657 81
1743125934331 0.20634657 81
1743125935094 0.20697005 82
1743125935100 0.20697005 82
1743125935865 0.20894119 83
1743125935869 0.20894119 83
1743125936633 0.21039213 84
1743125936637 0.21039213 84
1743125937402 0.20892322 85
1743125937406 0.20892322 85
1743125938169 0.20800796 86
1743125938171 0.20800796 86
1743125938935 0.2075574 87
1743125938939 0.2075574 87
1743125939711 0.21039002 88
1743125939715 0.21039002 88
1743125940490 0.2110163 89
1743125940494 0.2110163 89
1743125941263 0.209849 90
1743125941267 0.209849 90
1743125942026 0.20946312 91
1743125942030 0.20946312 91
1743125942806 0.20850596 92
1743125942810 0.20850596 92
1743125943564 0.2117496 93
1743125943568 0.2117496 93
1743125944318 0.21013896 94
1743125944323 0.21013896 94
1743125945096 0.20818087 95
1743125945100 0.20818087 95
1743125945859 0.20912677 96
1743125945861 0.20912677 96
1743125946619 0.20908959 97
1743125946621 0.20908959 97
1743125947392 0.20641193 98
1743125947396 0.20641193 98
1743125948165 0.20620091 99
1743125948170 0.20620091 99
1743125948937 0.20713364 100
1743125948941 0.20713364 100
1743125949705 0.2049327 101
1743125949711 0.2049327 101
1743125950473 0.20220658 102
1743125950477 0.20220658 102
1743125951238 0.20401591 103
1743125951242 0.20401591 103
1743125952010 0.20709391 104
1743125952014 0.20709391 104
1743125952767 0.20648617 105
1743125952771 0.20648617 105
1743125953523 0.20513108 106
1743125953527 0.20513108 106
1743125954295 0.2055677 107
1743125954299 0.2055677 107
1743125955071 0.20570828 108
1743125955074 0.20570828 108
1743125955827 0.20924401 109
1743125955831 0.20924401 109
1743125956590 0.20743763 110
1743125956594 0.20743763 110
1743125957358 0.20408617 111
1743125957361 0.20408617 111
1743125958125 0.20447367 112
1743125958129 0.20447367 112
1743125958903 0.20610328 113
1743125958907 0.20610328 113
1743125959659 0.20440467 114
1743125959663 0.20440467 114
1743125960422 0.20407428 115
1743125960426 0.20407428 115
1743125961198 0.20698003 116
1743125961202 0.20698003 116
1743125961966 0.20930676 117
1743125961969 0.20930676 117
1743125962734 0.20922385 118
1743125962738 0.20922385 118
1743125963491 0.20988615 119
1743125963495 0.20988615 119
1743125964265 0.21223235 120
1743125964269 0.21223235 120
1743125965027 0.21058625 121
1743125965031 0.21058625 121
1743125965797 0.20570247 122
1743125965801 0.20570247 122
1743125966565 0.21196464 123
1743125966569 0.21196464 123
1743125967327 0.21156313 124
1743125967331 0.21156313 124
1743125968096 0.20991598 125
1743125968100 0.20991598 125
1743125968966 0.20868385 126
1743125968970 0.20868385 126
1743125969731 0.20778285 127
1743125969735 0.20778285 127
1743125970512 0.20939976 128
1743125970516 0.20939976 128
1743125971279 0.20965198 129
1743125971283 0.20965198 129
1743125972052 0.20987584 130
1743125972055 0.20987584 130
1743125972816 0.21139966 131
1743125972820 0.21139966 131
1743125973587 0.21087909 132
1743125973591 0.21087909 132
1743125974356 0.20906153 133
1743125974360 0.20906153 133
1743125975129 0.20820937 134
1743125975133 0.20820937 134
1743125975896 0.21486008 135
1743125975900 0.21486008 135
1743125976681 0.21492063 136
1743125976683 0.21492063 136
1743125977459 0.2117544 137
1743125977465 0.2117544 137
1743125978232 0.20740087 138
1743125978236 0.20740087 138
1743125978999 0.2048881 139
1743125979003 0.2048881 139
1743125979773 0.2065946 140
1743125979777 0.2065946 140
1743125980529 0.20080261 141
1743125980533 0.20080261 141
1743125981293 0.1964806 142
1743125981297 0.1964806 142
1743125982058 0.19975741 143
1743125982062 0.19975741 143
1743125982828 0.20072834 144
1743125982832 0.20072834 144
1743125983589 0.20216347 145
1743125983592 0.20216347 145
1743125984357 0.20214222 146
1743125984361 0.20214222 146
1743125985122 0.20068784 147
1743125985124 0.20068784 147
1743125985885 0.20192584 148
1743125985889 0.20192584 148
1743125986652 0.20601471 149
1743125986654 0.20601471 149
1743125987410 0.20743747 150
1743125987414 0.20743747 150
1743125988175 0.20819327 151
1743125988182 0.20819327 151
1743125988947 0.20946223 152
1743125988951 0.20946223 152
1743125989703 0.21124154 153
1743125989707 0.21124154 153
1743125990458 0.20959471 154
1743125990463 0.20959471 154
1743125991232 0.20762058 155
1743125991236 0.20762058 155
1743125991997 0.2098618 156
1743125992001 0.2098618 156
1743125992748 0.21112502 157
1743125992750 0.21112502 157
1743125993506 0.20925082 158
1743125993512 0.20925082 158
1743125994266 0.2086773 159
1743125994272 0.2086773 159
1743125995033 0.21028061 160
1743125995037 0.21028061 160
1743125995793 0.21060818 161
1743125995797 0.21060818 161
1743125996564 0.20771681 162
1743125996571 0.20771681 162
1743125997336 0.20614767 163
1743125997339 0.20614767 163
1743125998095 0.20322603 164
1743125998100 0.20322603 164
1743125998874 0.19731711 165
1743125998878 0.19731711 165
1743125999643 0.20160866 166
1743125999647 0.20160866 166
1743126000425 0.20824231 167
1743126000429 0.20824231 167
1743126001199 0.20751934 168
1743126001205 0.20751934 168
1743126001964 0.20789094 169
1743126001970 0.20789094 169
1743126002737 0.21106908 170
1743126002743 0.21106908 170
1743126003503 0.2112967 171
1743126003507 0.2112967 171
1743126004268 0.21313867 172
1743126004272 0.21313867 172
1743126005035 0.21306837 173
1743126005038 0.21306837 173
1743126005806 0.20487666 174
1743126005810 0.20487666 174
1743126006575 0.20482299 175
1743126006579 0.20482299 175
1743126007340 0.20778432 176
1743126007344 0.20778432 176
1743126008111 0.20395483 177
1743126008115 0.20395483 177
1743126008885 0.20246309 178
1743126008889 0.20246309 178
1743126009658 0.20717466 179
1743126009663 0.20717466 179
1743126010428 0.20670876 180
1743126010432 0.20670876 180
1743126011186 0.20575418 181
1743126011190 0.20575418 181
1743126011950 0.20637615 182
1743126011954 0.20637615 182
1743126012714 0.20796958 183
1743126012718 0.20796958 183
1743126013486 0.20919377 184
1743126013490 0.20919377 184
1743126014258 0.20904075 185
1743126014261 0.20904075 185
1743126015027 0.21006563 186
1743126015031 0.21006563 186
1743126015802 0.21049707 187
1743126015804 0.21049707 187
1743126016559 0.211783 188
1743126016563 0.211783 188
1743126017323 0.21129248 189
1743126017327 0.21129248 189
1743126018096 0.21099252 190
1743126018100 0.21099252 190
1743126018853 0.21353428 191
1743126018857 0.21353428 191
1743126019614 0.21439771 192
1743126019616 0.21439771 192
1743126020389 0.21423806 193
1743126020395 0.21423806 193
1743126021160 0.2143012 194
1743126021163 0.2143012 194
1743126021922 0.21469687 195
1743126021925 0.21469687 195
1743126022692 0.2168282 196
1743126022695 0.2168282 196
1743126023452 0.21603626 197
1743126023456 0.21603626 197
1743126024214 0.22461216 198
1743126024218 0.22461216 198
1743126024979 0.21159087 199
1743126024982 0.21159087 199
1743126025755 0.21879403 200
1743126025759 0.21879403 200
1743126026538 0.2046381 201
1743126026541 0.2046381 201
1743126027309 0.21040353 202
1743126027313 0.21040353 202
1743126028078 0.20055169 203
1743126028082 0.20055169 203
1743126028850 0.20180956 204
1743126028855 0.20180956 204
1743126029626 0.20616059 205
1743126029628 0.20616059 205
1743126030398 0.20578119 206
1743126030402 0.20578119 206
1743126031167 0.20555767 207
1743126031170 0.20555767 207
1743126031932 0.20852076 208
1743126031936 0.20852076 208
1743126032698 0.2073553 209
1743126032702 0.2073553 209
1743126033471 0.20726168 210
1743126033477 0.20726168 210
1743126034243 0.20683107 211
1743126034246 0.20683107 211
1743126035015 0.20619713 212
1743126035019 0.20619713 212
1743126035781 0.2041344 213
1743126035784 0.2041344 213
1743126036553 0.20192204 214
1743126036557 0.20192204 214
1743126037318 0.2043456 215
1743126037322 0.2043456 215
1743126038100 0.20547935 216
1743126038104 0.20547935 216
1743126038875 0.20574658 217
1743126038878 0.20574658 217
1743126039656 0.20565414 218
1743126039662 0.20565414 218
1743126040425 0.20608303 219
1743126040428 0.20608303 219
1743126041188 0.2068637 220
1743126041192 0.2068637 220
1743126041957 0.2073497 221
1743126041961 0.2073497 221
1743126042719 0.20625047 222
1743126042723 0.20625047 222
1743126043485 0.20595615 223
1743126043489 0.20595615 223
1743126044246 0.2063692 224
1743126044250 0.2063692 224
1743126045012 0.20618075 225
1743126045020 0.20618075 225
1743126045869 0.20690504 226
1743126045873 0.20690504 226
1743126046627 0.20774233 227
1743126046631 0.20774233 227
1743126047401 0.2076707 228
1743126047405 0.2076707 228
1743126048163 0.20727791 229
1743126048165 0.20727791 229
1743126048935 0.20771655 230
1743126048939 0.20771655 230
1743126049706 0.20708472 231
1743126049710 0.20708472 231
1743126050468 0.20649071 232
1743126050472 0.20649071 232
1743126051225 0.20573263 233
1743126051229 0.20573263 233
1743126051984 0.20601232 234
1743126051988 0.20601232 234
1743126052741 0.20560281 235
1743126052745 0.20560281 235
1743126053504 0.20642212 236
1743126053508 0.20642212 236
1743126054275 0.20516767 237
1743126054279 0.20516767 237
1743126055038 0.20535545 238
1743126055042 0.20535545 238
1743126055811 0.20533161 239
1743126055815 0.20533161 239
1743126056589 0.20519939 240
1743126056593 0.20519939 240
1743126057368 0.20352134 241
1743126057372 0.20352134 241
1743126058127 0.2031125 242
1743126058131 0.2031125 242
1743126058897 0.20428215 243
1743126058900 0.20428215 243
1743126059667 0.20469566 244
1743126059669 0.20469566 244
1743126060444 0.20339711 245
1743126060448 0.20339711 245
1743126061218 0.20426959 246
1743126061222 0.20426959 246
1743126061983 0.20466451 247
1743126061986 0.20466451 247
1743126062761 0.20523559 248
1743126062765 0.20523559 248
1743126063543 0.20661466 249
1743126063547 0.20661466 249
1743126064317 0.20637304 250
1743126064321 0.20637304 250
1743126065080 0.20819832 251
1743126065082 0.20819832 251
1743126065849 0.20896423 252
1743126065853 0.20896423 252
1743126066619 0.20662242 253
1743126066623 0.20662242 253
1743126067378 0.20953555 254
1743126067382 0.20953555 254
1743126068147 0.21191576 255
1743126068151 0.21191576 255
1743126068920 0.20988904 256
1743126068924 0.20988904 256
1743126069691 0.21063863 257
1743126069695 0.21063863 257
1743126070452 0.21210976 258
1743126070456 0.21210976 258
1743126071217 0.21211648 259
1743126071221 0.21211648 259
1743126071977 0.2114267 260
1743126071979 0.2114267 260
1743126072759 0.20972066 261
1743126072763 0.20972066 261
1743126073512 0.20725906 262
1743126073516 0.20725906 262
1743126074269 0.20524204 263
1743126074273 0.20524204 263
1743126075024 0.2042711 264
1743126075028 0.2042711 264
1743126075787 0.2058313 265
1743126075791 0.2058313 265
1743126076542 0.20859623 266
1743126076546 0.20859623 266
1743126077293 0.20818569 267
1743126077297 0.20818569 267
1743126078055 0.2082869 268
1743126078059 0.2082869 268
1743126078815 0.20929597 269
1743126078819 0.20929597 269
1743126079571 0.20923214 270
1743126079575 0.20923214 270
1743126080337 0.205184 271
1743126080341 0.205184 271
1743126081100 0.2036811 272
1743126081104 0.2036811 272
1743126081875 0.20580283 273
1743126081879 0.20580283 273
1743126082649 0.20604058 274
1743126082653 0.20604058 274
1743126083415 0.20705618 275
1743126083418 0.20705618 275
1743126084198 0.20811924 276
1743126084202 0.20811924 276
1743126084967 0.20957027 277
1743126084971 0.20957027 277
1743126085734 0.21018542 278
1743126085737 0.21018542 278
1743126086492 0.21262361 279
1743126086496 0.21262361 279
1743126087249 0.21587552 280
1743126087253 0.21587552 280
1743126088008 0.21515284 281
1743126088011 0.21515284 281
1743126088764 0.21622767 282
1743126088768 0.21622767 282
1743126089522 0.22072887 283
1743126089528 0.22072887 283
1743126090267 0.21044509 284
1743126090272 0.21044509 284
1743126091028 0.1949136 285
1743126091032 0.1949136 285
1743126091787 0.20235458 286
1743126091794 0.20235458 286
1743126092555 0.20088679 287
1743126092558 0.20088679 287
1743126093316 0.20192222 288
1743126093320 0.20192222 288
1743126094090 0.2050815 289
1743126094094 0.2050815 289
1743126094845 0.20502755 290
1743126094849 0.20502755 290
1743126095605 0.20443521 291
1743126095608 0.20443521 291
1743126096365 0.20588107 292
1743126096368 0.20588107 292
1743126097133 0.20728716 293
1743126097138 0.20728716 293
1743126097895 0.20177831 294
1743126097899 0.20177831 294
1743126098651 0.20084442 295
1743126098657 0.20084442 295
1743126099409 0.20503426 296
1743126099413 0.20503426 296
1743126100176 0.20243216 297
1743126100180 0.20243216 297
1743126100927 0.20305419 298
1743126100930 0.20305419 298
1743126101682 0.20688696 299
1743126101686 0.20688696 299
1743126102438 0.20753416 300
1743126102444 0.20753416 300
1743126103206 0.20718305 301
1743126103208 0.20718305 301
1743126103963 0.21024355 302
1743126103966 0.21024355 302
1743126104722 0.21206312 303
1743126104726 0.21206312 303
1743126105478 0.21197326 304
1743126105482 0.21197326 304
1743126106238 0.21255502 305
1743126106242 0.21255502 305
1743126107005 0.20953482 306
1743126107009 0.20953482 306
1743126107752 0.20788456 307
1743126107755 0.20788456 307
1743126108505 0.20696189 308
1743126108509 0.20696189 308
1743126109256 0.20156902 309
1743126109263 0.20156902 309
1743126110017 0.2073668 310
1743126110021 0.2073668 310
1743126110762 0.20589054 311
1743126110766 0.20589054 311
1743126111521 0.20495664 312
1743126111525 0.20495664 312
1743126112292 0.20737559 313
1743126112296 0.20737559 313
1743126113060 0.2100788 314
1743126113064 0.2100788 314
1743126113838 0.20966224 315
1743126113842 0.20966224 315
1743126114603 0.2060205 316
1743126114607 0.2060205 316
1743126115374 0.20819703 317
1743126115378 0.20819703 317
1743126116141 0.20909514 318
1743126116147 0.20909514 318
1743126116898 0.20895673 319
1743126116902 0.20895673 319
1743126117667 0.20905621 320
1743126117671 0.20905621 320
1743126118424 0.20822136 321
1743126118427 0.20822136 321
1743126119177 0.20906608 322
1743126119181 0.20906608 322
1743126119924 0.20995113 323
1743126119930 0.20995113 323
1743126120677 0.20942059 324
1743126120681 0.20942059 324
1743126121429 0.20818156 325
1743126121433 0.20818156 325
1743126122268 0.20763679 326
1743126122271 0.20763679 326
1743126123026 0.21056286 327
1743126123030 0.21056286 327
1743126123775 0.20758425 328
1743126123779 0.20758425 328
1743126124534 0.20504838 329
1743126124538 0.20504838 329
1743126125285 0.20683987 330
1743126125289 0.20683987 330
1743126126038 0.20953198 331
1743126126042 0.20953198 331
1743126126785 0.20772237 332
1743126126789 0.20772237 332
1743126127535 0.20591407 333
1743126127538 0.20591407 333
1743126128293 0.20648581 334
1743126128297 0.20648581 334
1743126129038 0.20674884 335
1743126129042 0.20674884 335
1743126129792 0.2050697 336
1743126129794 0.2050697 336
1743126130552 0.20100507 337
1743126130556 0.20100507 337
1743126131328 0.20549577 338
1743126131332 0.20549577 338
1743126132092 0.20530741 339
1743126132096 0.20530741 339
1743126132854 0.20430997 340
1743126132858 0.20430997 340
1743126133614 0.20465915 341
1743126133618 0.20465915 341
1743126134393 0.2047462 342
1743126134397 0.2047462 342
1743126135164 0.20540453 343
1743126135168 0.20540453 343
1743126135945 0.20598209 344
1743126135949 0.20598209 344
1743126136712 0.2040416 345
1743126136716 0.2040416 345
1743126137499 0.20446031 346
1743126137503 0.20446031 346
1743126138278 0.2050697 347
1743126138282 0.2050697 347
1743126139040 0.20497467 348
1743126139043 0.20497467 348
1743126139808 0.20536518 349
1743126139812 0.20536518 349
1743126140587 0.20511758 350
1743126140591 0.20511758 350
1743126141350 0.20607978 351
1743126141354 0.20607978 351
1743126142111 0.20492473 352
1743126142115 0.20492473 352
1743126142879 0.20573649 353
1743126142881 0.20573649 353
1743126143642 0.20678325 354
1743126143646 0.20678325 354
1743126144406 0.20716415 355
1743126144410 0.20716415 355
1743126145182 0.208637 356
1743126145186 0.208637 356
1743126145955 0.20826323 357
1743126145959 0.20826323 357
1743126146724 0.20664021 358
1743126146728 0.20664021 358
1743126147503 0.20934506 359
1743126147507 0.20934506 359
1743126148269 0.2084775 360
1743126148273 0.2084775 360
1743126149040 0.20733024 361
1743126149044 0.20733024 361
1743126149812 0.20802884 362
1743126149816 0.20802884 362
1743126150578 0.20935462 363
1743126150582 0.20935462 363
1743126151344 0.21108149 364
1743126151350 0.21108149 364
1743126152119 0.21020477 365
1743126152123 0.21020477 365
1743126152884 0.21040899 366
1743126152888 0.21040899 366
1743126153644 0.21149413 367
1743126153648 0.21149413 367
1743126154411 0.21080005 368
1743126154413 0.21080005 368
1743126155176 0.21080445 369
1743126155180 0.21080445 369
1743126155944 0.21132766 370
1743126155947 0.21132766 370
1743126156709 0.21135287 371
1743126156713 0.21135287 371
1743126157473 0.21198465 372
1743126157477 0.21198465 372
1743126158235 0.2121636 373
1743126158239 0.2121636 373
1743126158999 0.21152683 374
1743126159003 0.21152683 374
1743126159763 0.21055837 375
1743126159767 0.21055837 375
1743126160538 0.21088769 376
1743126160544 0.21088769 376
1743126161298 0.20949407 377
1743126161302 0.20949407 377
1743126162072 0.21041079 378
1743126162076 0.21041079 378
1743126162840 0.20889524 379
1743126162845 0.20889524 379
1743126163618 0.20662749 380
1743126163622 0.20662749 380
1743126164376 0.20875631 381
1743126164380 0.20875631 381
1743126165150 0.20720674 382
1743126165154 0.20720674 382
1743126165927 0.2039742 383
1743126165931 0.2039742 383
1743126166693 0.20621674 384
1743126166696 0.20621674 384
1743126167459 0.20509379 385
1743126167465 0.20509379 385
1743126168235 0.20458452 386
1743126168239 0.20458452 386
1743126168989 0.20519635 387
1743126168993 0.20519635 387
1743126169757 0.20860504 388
1743126169761 0.20860504 388
1743126170528 0.2064571 389
1743126170532 0.2064571 389
1743126171292 0.20577699 390
1743126171296 0.20577699 390
1743126172060 0.20894562 391
1743126172064 0.20894562 391
1743126172833 0.20807841 392
1743126172837 0.20807841 392
1743126173596 0.20734434 393
1743126173600 0.20734434 393
1743126174376 0.20750861 394
1743126174380 0.20750861 394
1743126175143 0.20730273 395
1743126175147 0.20730273 395
1743126175907 0.20671977 396
1743126175911 0.20671977 396
1743126176676 0.20681219 397
1743126176679 0.20681219 397
1743126177450 0.20647433 398
1743126177454 0.20647433 398
1743126178209 0.20738278 399
1743126178213 0.20738278 399
1743126178982 0.20745002 400
1743126178987 0.20745002 400
1743126179746 0.20732255 401
1743126179750 0.20732255 401
1743126180533 0.20762725 402
1743126180535 0.20762725 402
1743126181284 0.2081191 403
1743126181288 0.2081191 403
1743126182053 0.20765136 404
1743126182058 0.20765136 404
1743126182809 0.20849456 405
1743126182817 0.20849456 405
1743126183576 0.20943218 406
1743126183580 0.20943218 406
1743126184337 0.20795518 407
1743126184343 0.20795518 407
1743126185093 0.20931898 408
1743126185097 0.20931898 408
1743126185861 0.21058816 409
1743126185865 0.21058816 409
1743126186619 0.20990634 410
1743126186624 0.20990634 410
1743126187389 0.20939583 411
1743126187394 0.20939583 411
1743126188156 0.2097099 412
1743126188160 0.2097099 412
1743126188917 0.20888032 413
1743126188921 0.20888032 413
1743126189683 0.20819886 414
1743126189687 0.20819886 414
1743126190441 0.20735967 415
1743126190445 0.20735967 415
1743126191179 0.20948835 416
1743126191182 0.20948835 416
1743126191934 0.2100306 417
1743126191938 0.2100306 417
1743126192686 0.20690851 418
1743126192690 0.20690851 418
1743126193441 0.21107213 419
1743126193445 0.21107213 419
1743126194199 0.21132913 420
1743126194203 0.21132913 420
1743126194953 0.21025284 421
1743126194959 0.21025284 421
1743126195710 0.21194564 422
1743126195714 0.21194564 422
1743126196476 0.198762 423
1743126196480 0.198762 423
1743126197231 0.20861572 424
1743126197234 0.20861572 424
1743126197987 0.20176192 425
1743126197991 0.20176192 425
1743126198847 0.19728802 426
1743126198851 0.19728802 426
1743126199691 0.2000096 427
1743126199695 0.2000096 427
1743126200462 0.20382282 428
1743126200465 0.20382282 428
1743126201219 0.20198633 429
1743126201223 0.20198633 429
1743126201987 0.20320824 430
1743126201991 0.20320824 430
1743126202758 0.20667668 431
1743126202762 0.20667668 431
1743126203518 0.20777898 432
1743126203522 0.20777898 432
1743126204275 0.20611282 433
1743126204279 0.20611282 433
1743126205042 0.20764963 434
1743126205046 0.20764963 434
1743126205799 0.20783718 435
1743126205802 0.20783718 435
1743126206545 0.21280368 436
1743126206549 0.21280368 436
1743126207304 0.2127374 437
1743126207308 0.2127374 437
1743126208080 0.21473418 438
1743126208084 0.21473418 438
1743126208861 0.21041717 439
1743126208868 0.21041717 439
1743126209626 0.20873319 440
1743126209630 0.20873319 440
1743126210401 0.20718427 441
1743126210405 0.20718427 441
1743126211170 0.20679186 442
1743126211174 0.20679186 442
1743126211941 0.2055546 443
1743126211945 0.2055546 443
1743126212712 0.20432596 444
1743126212716 0.20432596 444
1743126213472 0.20348671 445
1743126213475 0.20348671 445
1743126214225 0.20371196 446
1743126214228 0.20371196 446
1743126214973 0.20576411 447
1743126214977 0.20576411 447
1743126215725 0.20692293 448
1743126215729 0.20692293 448
1743126216480 0.20512639 449
1743126216484 0.20512639 449
1743126217242 0.20354101 450
1743126217246 0.20354101 450
1743126218000 0.2084348 451
1743126218004 0.2084348 451
1743126218766 0.20661598 452
1743126218770 0.20661598 452
1743126219534 0.20541503 453
1743126219541 0.20541503 453
1743126220300 0.20587467 454
1743126220303 0.20587467 454
1743126221061 0.20870289 455
1743126221065 0.20870289 455
1743126221821 0.2107676 456
1743126221825 0.2107676 456
1743126222577 0.20484908 457
1743126222583 0.20484908 457
1743126223339 0.21234743 458
1743126223343 0.21234743 458
1743126224091 0.20716779 459
1743126224095 0.20716779 459
1743126224854 0.2095404 460
1743126224858 0.2095404 460
1743126225613 0.20748128 461
1743126225617 0.20748128 461
1743126226381 0.20961747 462
1743126226385 0.20961747 462
1743126227144 0.20565675 463
1743126227148 0.20565675 463
1743126227904 0.2080633 464
1743126227908 0.2080633 464
1743126228675 0.21049415 465
1743126228678 0.21049415 465
1743126229433 0.20768715 466
1743126229437 0.20768715 466
1743126230199 0.20911337 467
1743126230207 0.20911337 467
1743126230963 0.20569375 468
1743126230967 0.20569375 468
1743126231722 0.2103878 469
1743126231726 0.2103878 469
1743126232473 0.21361224 470
1743126232477 0.21361224 470
1743126233235 0.2008226 471
1743126233239 0.2008226 471
1743126233983 0.21297362 472
1743126233987 0.21297362 472
1743126234735 0.21305469 473
1743126234739 0.21305469 473
1743126235487 0.20647523 474
1743126235491 0.20647523 474
1743126236235 0.207979 475
1743126236244 0.207979 475
1743126237005 0.20778865 476
1743126237009 0.20778865 476
1743126237756 0.20686612 477
1743126237761 0.20686612 477
1743126238504 0.20538402 478
1743126238508 0.20538402 478
1743126239266 0.20487037 479
1743126239270 0.20487037 479
1743126240034 0.20691654 480
1743126240038 0.20691654 480
1743126240809 0.20655587 481
1743126240813 0.20655587 481
1743126241577 0.20654264 482
1743126241581 0.20654264 482
1743126242342 0.20816234 483
1743126242346 0.20816234 483
1743126243108 0.20734344 484
1743126243112 0.20734344 484
1743126243876 0.20827873 485
1743126243880 0.20827873 485
1743126244635 0.20913462 486
1743126244638 0.20913462 486
1743126245393 0.2087789 487
1743126245397 0.2087789 487
1743126246159 0.21115302 488
1743126246161 0.21115302 488
1743126246919 0.21016927 489
1743126246923 0.21016927 489
1743126247674 0.20912553 490
1743126247681 0.20912553 490
1743126248426 0.21068643 491
1743126248431 0.21068643 491
1743126249179 0.21382019 492
1743126249182 0.21382019 492
1743126249929 0.2148522 493
1743126249932 0.2148522 493
1743126250681 0.2146288 494
1743126250684 0.2146288 494
1743126251433 0.21808913 495
1743126251437 0.21808913 495
1743126252195 0.21157536 496
1743126252199 0.21157536 496
1743126252956 0.21343112 497
1743126252958 0.21343112 497
1743126253702 0.19785953 498
1743126253706 0.19785953 498
1743126254457 0.21572581 499
1743126254463 0.21572581 499
1743126255227 0.20589887 500
1743126255232 0.20589887 500
1743126255991 0.20316355 501
1743126255995 0.20316355 501
1743126256749 0.21351674 502
1743126256753 0.21351674 502
1743126257502 0.20932804 503
1743126257506 0.20932804 503
1743126258272 0.20116724 504
1743126258274 0.20116724 504
1743126259028 0.20836094 505
1743126259032 0.20836094 505
1743126259786 0.20506224 506
1743126259790 0.20506224 506
1743126260551 0.20440288 507
1743126260555 0.20440288 507
1743126261316 0.20538598 508
1743126261320 0.20538598 508
1743126262081 0.20537733 509
1743126262085 0.20537733 509
1743126262854 0.20088282 510
1743126262858 0.20088282 510
1743126263640 0.20319764 511
1743126263644 0.20319764 511
1743126264436 0.20322283 512
1743126264440 0.20322283 512
1743126265210 0.20180044 513
1743126265214 0.20180044 513
1743126265984 0.20305854 514
1743126265988 0.20305854 514
1743126266750 0.20307828 515
1743126266754 0.20307828 515
1743126267518 0.203953 516
1743126267522 0.203953 516
1743126268280 0.20533444 517
1743126268284 0.20533444 517
1743126269043 0.20663217 518
1743126269047 0.20663217 518
1743126269809 0.20192675 519
1743126269812 0.20192675 519
1743126270583 0.20633835 520
1743126270587 0.20633835 520
1743126271349 0.20577528 521
1743126271353 0.20577528 521
1743126272118 0.20574838 522
1743126272122 0.20574838 522
1743126272885 0.2068876 523
1743126272889 0.2068876 523
1743126273663 0.20762564 524
1743126273667 0.20762564 524
1743126274430 0.20777968 525
1743126274434 0.20777968 525
1743126275287 0.20812374 526
1743126275289 0.20812374 526
1743126276053 0.20878929 527
1743126276057 0.20878929 527
1743126276842 0.20961101 528
1743126276846 0.20961101 528
1743126277619 0.20942353 529
1743126277623 0.20942353 529
1743126278409 0.20855549 530
1743126278413 0.20855549 530
1743126279201 0.20935047 531
1743126279204 0.20935047 531
1743126279975 0.21040945 532
1743126279979 0.21040945 532
1743126280755 0.20757005 533
1743126280759 0.20757005 533
1743126281530 0.20769455 534
1743126281534 0.20769455 534
1743126282309 0.21028714 535
1743126282312 0.21028714 535
1743126283079 0.20897105 536
1743126283083 0.20897105 536
1743126283837 0.2111979 537
1743126283841 0.2111979 537
1743126284591 0.21362872 538
1743126284595 0.21362872 538
1743126285349 0.21159968 539
1743126285353 0.21159968 539
1743126286113 0.2158072 540
1743126286117 0.2158072 540
1743126286873 0.21229589 541
1743126286877 0.21229589 541
1743126287629 0.20697343 542
1743126287633 0.20697343 542
1743126288584 0.21099389 543
1743126288589 0.21099389 543
1743126289573 0.20958662 544
1743126289578 0.20958662 544
1743126290459 0.20955764 545
1743126290463 0.20955764 545
1743126291287 0.21145038 546
1743126291291 0.21145038 546
1743126292090 0.21049242 547
1743126292098 0.21049242 547
1743126292886 0.20710817 548
1743126292891 0.20710817 548
1743126293692 0.20856349 549
1743126293696 0.20856349 549
1743126294494 0.20464465 550
1743126294499 0.20464465 550
1743126295291 0.20731229 551
1743126295295 0.20731229 551
1743126296084 0.2070867 552
1743126296088 0.2070867 552
1743126296867 0.20482397 553
1743126296871 0.20482397 553
1743126297634 0.20887339 554
1743126297638 0.20887339 554
1743126298414 0.20865236 555
1743126298418 0.20865236 555
1743126299186 0.20047808 556
1743126299190 0.20047808 556
1743126299956 0.20745288 557
1743126299960 0.20745288 557
1743126300734 0.20810539 558
1743126300737 0.20810539 558
1743126301515 0.20010133 559
1743126301519 0.20010133 559
1743126302290 0.20504144 560
1743126302294 0.20504144 560
1743126303065 0.20923518 561
1743126303069 0.20923518 561
1743126303836 0.20419742 562
1743126303839 0.20419742 562
1743126304604 0.20466958 563
1743126304608 0.20466958 563
1743126305377 0.20618822 564
1743126305381 0.20618822 564
1743126306154 0.20635869 565
1743126306158 0.20635869 565
1743126306928 0.20706005 566
1743126306933 0.20706005 566
1743126307699 0.20959337 567
1743126307701 0.20959337 567
1743126308467 0.21004313 568
1743126308471 0.21004313 568
1743126309238 0.20901439 569
1743126309246 0.20901439 569
1743126310005 0.21050686 570
1743126310009 0.21050686 570
1743126310785 0.21206862 571
1743126310789 0.21206862 571
1743126311555 0.21174937 572
1743126311559 0.21174937 572
1743126312318 0.21275088 573
1743126312322 0.21275088 573
1743126313715 0.21562977 0
1743126313719 0.21562977 0
1743126314490 0.21720757 1
1743126314493 0.21720757 1
1743126315263 0.2170359 2
1743126315267 0.2170359 2
1743126316026 0.20381922 3
1743126316030 0.20381922 3
1743126316792 0.21080442 4
1743126316796 0.21080442 4
1743126317539 0.21178395 5
1743126317543 0.21178395 5
1743126318285 0.20167327 6
1743126318288 0.20167327 6
1743126319032 0.20383354 7
1743126319036 0.20383354 7
1743126319785 0.20873412 8
1743126319787 0.20873412 8
1743126320530 0.20522268 9
1743126320534 0.20522268 9
1743126321278 0.20575212 10
1743126321285 0.20575212 10
1743126322041 0.20881101 11
1743126322045 0.20881101 11
1743126322797 0.20879526 12
1743126322801 0.20879526 12
1743126323550 0.20646627 13
1743126323554 0.20646627 13
1743126324308 0.20917562 14
1743126324312 0.20917562 14
1743126325058 0.21085832 15
1743126325065 0.21085832 15
1743126325820 0.20587039 16
1743126325823 0.20587039 16
1743126326583 0.20794806 17
1743126326587 0.20794806 17
1743126327346 0.20863988 18
1743126327349 0.20863988 18
1743126328113 0.20583189 19
1743126328117 0.20583189 19
1743126328885 0.20919685 20
1743126328889 0.20919685 20
1743126329653 0.20971818 21
1743126329657 0.20971818 21
1743126330418 0.20754287 22
1743126330422 0.20754287 22
1743126331184 0.20970826 23
1743126331188 0.20970826 23
1743126331956 0.20734216 24
1743126331960 0.20734216 24
1743126332715 0.2078768 25
1743126332720 0.2078768 25
1743126333480 0.209688 26
1743126333484 0.209688 26
1743126334247 0.2115513 27
1743126334251 0.2115513 27
1743126335022 0.20873564 28
1743126335026 0.20873564 28
1743126335792 0.21337019 29
1743126335796 0.21337019 29
1743126336569 0.2119834 30
1743126336573 0.2119834 30
1743126337345 0.21089882 31
1743126337349 0.21089882 31
1743126338130 0.21355957 32
1743126338134 0.21355957 32
1743126338896 0.21665217 33
1743126338899 0.21665217 33
1743126339668 0.2133177 34
1743126339672 0.2133177 34
1743126340436 0.2169947 35
1743126340440 0.2169947 35
1743126341200 0.21239786 36
1743126341204 0.21239786 36
1743126341950 0.21455854 37
1743126341954 0.21455854 37
1743126342705 0.20879667 38
1743126342709 0.20879667 38
1743126343464 0.214608 39
1743126343467 0.214608 39
1743126344217 0.20447572 40
1743126344220 0.20447572 40
1743126344977 0.19376035 41
1743126344981 0.19376035 41
1743126345728 0.2134227 42
1743126345732 0.2134227 42
1743126346483 0.20216984 43
1743126346487 0.20216984 43
1743126347234 0.20214462 44
1743126347241 0.20214462 44
1743126347999 0.21073422 45
1743126348002 0.21073422 45
1743126348750 0.20488282 46
1743126348752 0.20488282 46
1743126349497 0.20403184 47
1743126349501 0.20403184 47
1743126350256 0.21013261 48
1743126350259 0.21013261 48
1743126351007 0.2043375 49
1743126351011 0.2043375 49
1743126351764 0.20377718 50
1743126351768 0.20377718 50
1743126352531 0.20746596 51
1743126352537 0.20746596 51
1743126353382 0.2067497 52
1743126353385 0.2067497 52
1743126354150 0.20559672 53
1743126354153 0.20559672 53
1743126354904 0.20609157 54
1743126354908 0.20609157 54
1743126355667 0.20311816 55
1743126355669 0.20311816 55
1743126356427 0.20236197 56
1743126356431 0.20236197 56
1743126357188 0.20617382 57
1743126357190 0.20617382 57
1743126357946 0.20174491 58
1743126357950 0.20174491 58
1743126358699 0.2023579 59
1743126358703 0.2023579 59
1743126359455 0.20398034 60
1743126359459 0.20398034 60
1743126360224 0.20474426 61
1743126360228 0.20474426 61
1743126360986 0.2048033 62
1743126360990 0.2048033 62
1743126361738 0.20539343 63
1743126361741 0.20539343 63
1743126362491 0.2072401 64
1743126362497 0.2072401 64
1743126363262 0.20629553 65
1743126363266 0.20629553 65
1743126364027 0.20570949 66
1743126364031 0.20570949 66
1743126364779 0.20632736 67
1743126364783 0.20632736 67
1743126365533 0.20690536 68
1743126365537 0.20690536 68
1743126366291 0.20203994 69
1743126366295 0.20203994 69
1743126367047 0.20967895 70
1743126367051 0.20967895 70
1743126367821 0.20447902 71
1743126367825 0.20447902 71
1743126368597 0.2067611 72
1743126368601 0.2067611 72
1743126369369 0.20975345 73
1743126369376 0.20975345 73
1743126370158 0.20796739 74
1743126370160 0.20796739 74
1743126370935 0.20542835 75
1743126370939 0.20542835 75
1743126371714 0.20792724 76
1743126371716 0.20792724 76
1743126372479 0.20951448 77
1743126372483 0.20951448 77
1743126373245 0.20221896 78
1743126373249 0.20221896 78
1743126374001 0.21073559 79
1743126374005 0.21073559 79
1743126374757 0.20703849 80
1743126374760 0.20703849 80
1743126375517 0.20001559 81
1743126375524 0.20001559 81
1743126376282 0.20559108 82
1743126376286 0.20559108 82
1743126377036 0.20749907 83
1743126377040 0.20749907 83
1743126377781 0.204519 84
1743126377784 0.204519 84
1743126378532 0.20338765 85
1743126378536 0.20338765 85
1743126379292 0.20905393 86
1743126379294 0.20905393 86
1743126380042 0.20707403 87
1743126380046 0.20707403 87
1743126380797 0.20573364 88
1743126380801 0.20573364 88
1743126381550 0.2069552 89
1743126381554 0.2069552 89
1743126382298 0.20730853 90
1743126382302 0.20730853 90
1743126383056 0.20731385 91
1743126383060 0.20731385 91
1743126383818 0.20798303 92
1743126383821 0.20798303 92
1743126384577 0.2075451 93
1743126384585 0.2075451 93
1743126385347 0.20642115 94
1743126385352 0.20642115 94
1743126386110 0.20439331 95
1743126386113 0.20439331 95
1743126386870 0.20622887 96
1743126386874 0.20622887 96
1743126387640 0.20458765 97
1743126387644 0.20458765 97
1743126388393 0.20422561 98
1743126388397 0.20422561 98
1743126389146 0.20450796 99
1743126389152 0.20450796 99
1743126389907 0.2069595 100
1743126389910 0.2069595 100
1743126390667 0.20402785 101
1743126390671 0.20402785 101
1743126391446 0.20567515 102
1743126391450 0.20567515 102
1743126392207 0.20630144 103
1743126392213 0.20630144 103
1743126392993 0.20465477 104
1743126392997 0.20465477 104
1743126393771 0.20570982 105
1743126393775 0.20570982 105
1743126394537 0.20465547 106
1743126394541 0.20465547 106
1743126395302 0.20481361 107
1743126395306 0.20481361 107
1743126396068 0.20435995 108
1743126396072 0.20435995 108
1743126396838 0.20452924 109
1743126396844 0.20452924 109
1743126397623 0.20361473 110
1743126397627 0.20361473 110
1743126398400 0.2038827 111
1743126398404 0.2038827 111
1743126399171 0.2047927 112
1743126399175 0.2047927 112
1743126399943 0.20520382 113
1743126399947 0.20520382 113
1743126400702 0.20639165 114
1743126400706 0.20639165 114
1743126401456 0.2075807 115
1743126401459 0.2075807 115
1743126402212 0.20702438 116
1743126402216 0.20702438 116
1743126402955 0.20840935 117
1743126402959 0.20840935 117
1743126403709 0.20869377 118
1743126403722 0.20869377 118
1743126404476 0.20660052 119
1743126404478 0.20660052 119
1743126405235 0.2062874 120
1743126405239 0.2062874 120
1743126406002 0.20923516 121
1743126406006 0.20923516 121
1743126406790 0.2073053 122
1743126406793 0.2073053 122
1743126407556 0.20775767 123
1743126407560 0.20775767 123
1743126408330 0.2094078 124
1743126408334 0.2094078 124
1743126409131 0.20897667 125
1743126409135 0.20897667 125
1743126409933 0.20906627 126
1743126409937 0.20906627 126
1743126410707 0.20848027 127
1743126410709 0.20848027 127
1743126411478 0.2076705 128
1743126411482 0.2076705 128
1743126412258 0.21086274 129
1743126412262 0.21086274 129
1743126413042 0.20781206 130
1743126413045 0.20781206 130
1743126413810 0.20986415 131
1743126413814 0.20986415 131
1743126414580 0.20878614 132
1743126414586 0.20878614 132
1743126415359 0.20382245 133
1743126415363 0.20382245 133
1743126416139 0.20818534 134
1743126416143 0.20818534 134
1743126416913 0.20962256 135
1743126416915 0.20962256 135
1743126417673 0.20685782 136
1743126417677 0.20685782 136
1743126418443 0.20718358 137
1743126418447 0.20718358 137
1743126419206 0.20747921 138
1743126419210 0.20747921 138
1743126419969 0.20621434 139
1743126419973 0.20621434 139
1743126420726 0.20805204 140
1743126420730 0.20805204 140
1743126421491 0.20900786 141
1743126421495 0.20900786 141
1743126422254 0.20843995 142
1743126422257 0.20843995 142
1743126423011 0.20957363 143
1743126423017 0.20957363 143
1743126423764 0.21010716 144
1743126423770 0.21010716 144
1743126424539 0.21085785 145
1743126424543 0.21085785 145
1743126425312 0.21048856 146
1743126425318 0.21048856 146
1743126426083 0.21142952 147
1743126426087 0.21142952 147
1743126426847 0.21194497 148
1743126426851 0.21194497 148
1743126427610 0.21194316 149
1743126427613 0.21194316 149
1743126428393 0.2108853 150
1743126428397 0.2108853 150
1743126429167 0.20954734 151
1743126429171 0.20954734 151
1743126430034 0.21172944 152
1743126430039 0.21172944 152
1743126430806 0.21061887 153
1743126430812 0.21061887 153
1743126431583 0.20960027 154
1743126431587 0.20960027 154
1743126432362 0.21253356 155
1743126432366 0.21253356 155
1743126433145 0.21053153 156
1743126433149 0.21053153 156
1743126433926 0.20730369 157
1743126433929 0.20730369 157
1743126434704 0.20922497 158
1743126434708 0.20922497 158
1743126435484 0.20736794 159
1743126435488 0.20736794 159
1743126436263 0.20659767 160
1743126436267 0.20659767 160
1743126437045 0.20604903 161
1743126437049 0.20604903 161
1743126437822 0.20198168 162
1743126437825 0.20198168 162
1743126438594 0.21011797 163
1743126438598 0.21011797 163
1743126439365 0.20584656 164
1743126439369 0.20584656 164
1743126440133 0.20533298 165
1743126440139 0.20533298 165
1743126440895 0.20874529 166
1743126440899 0.20874529 166
1743126441664 0.20757227 167
1743126441666 0.20757227 167
1743126442427 0.2067313 168
1743126442431 0.2067313 168
1743126443194 0.20891863 169
1743126443197 0.20891863 169
1743126443958 0.2071058 170
1743126443961 0.2071058 170
1743126444728 0.20918876 171
1743126444730 0.20918876 171
1743126445487 0.20858486 172
1743126445491 0.20858486 172
1743126446248 0.20891462 173
1743126446252 0.20891462 173
1743126447014 0.21025556 174
1743126447018 0.21025556 174
1743126447788 0.20813511 175
1743126447792 0.20813511 175
1743126448549 0.21007203 176
1743126448555 0.21007203 176
1743126449315 0.21172966 177
1743126449319 0.21172966 177
1743126450061 0.21030773 178
1743126450065 0.21030773 178
1743126450816 0.20910753 179
1743126450821 0.20910753 179
1743126451571 0.21005322 180
1743126451575 0.21005322 180
1743126452324 0.2082158 181
1743126452329 0.2082158 181
1743126453078 0.20803957 182
1743126453082 0.20803957 182
1743126453829 0.20858254 183
1743126453833 0.20858254 183
1743126454582 0.20832866 184
1743126454586 0.20832866 184
1743126455336 0.20782869 185
1743126455340 0.20782869 185
1743126456097 0.20754993 186
1743126456100 0.20754993 186
1743126456856 0.20936249 187
1743126456861 0.20936249 187
1743126457624 0.20491813 188
1743126457628 0.20491813 188
1743126458378 0.20524238 189
1743126458382 0.20524238 189
1743126459136 0.20786767 190
1743126459139 0.20786767 190
1743126459889 0.2029217 191
1743126459893 0.2029217 191
1743126460654 0.20600158 192
1743126460661 0.20600158 192
1743126461421 0.2094753 193
1743126461425 0.2094753 193
1743126462194 0.20550027 194
1743126462197 0.20550027 194
1743126462980 0.20618956 195
1743126462984 0.20618956 195
1743126463765 0.20726068 196
1743126463767 0.20726068 196
1743126464547 0.20217457 197
1743126464550 0.20217457 197
1743126465321 0.20278588 198
1743126465325 0.20278588 198
1743126466090 0.20561306 199
1743126466094 0.20561306 199
1743126466858 0.20454063 200
1743126466862 0.20454063 200
1743126467633 0.20185055 201
1743126467637 0.20185055 201
1743126468406 0.20543547 202
1743126468410 0.20543547 202
1743126469182 0.20432852 203
1743126469184 0.20432852 203
1743126469953 0.2040346 204
1743126469956 0.2040346 204
1743126470705 0.20508496 205
1743126470709 0.20508496 205
1743126471480 0.20556079 206
1743126471483 0.20556079 206
1743126472248 0.20567507 207
1743126472252 0.20567507 207
1743126473019 0.20592375 208
1743126473024 0.20592375 208
1743126473783 0.2070977 209
1743126473787 0.2070977 209
1743126474548 0.20724772 210
1743126474552 0.20724772 210
1743126475325 0.20695259 211
1743126475329 0.20695259 211
1743126476079 0.20724422 212
1743126476083 0.20724422 212
1743126476838 0.20770158 213
1743126476842 0.20770158 213
1743126477600 0.20701753 214
1743126477603 0.20701753 214
1743126478365 0.20680167 215
1743126478369 0.20680167 215
1743126479124 0.20751147 216
1743126479128 0.20751147 216
1743126479881 0.20662323 217
1743126479885 0.20662323 217
1743126480655 0.2070596 218
1743126480661 0.2070596 218
1743126481402 0.20706372 219
1743126481405 0.20706372 219
1743126482167 0.20707148 220
1743126482171 0.20707148 220
1743126482923 0.20638931 221
1743126482927 0.20638931 221
1743126483689 0.20543458 222
1743126483693 0.20543458 222
1743126484440 0.20552734 223
1743126484443 0.20552734 223
1743126485190 0.20547271 224
1743126485193 0.20547271 224
1743126485941 0.20652997 225
1743126485945 0.20652997 225
1743126486699 0.20461395 226
1743126486707 0.20461395 226
1743126487457 0.20483796 227
1743126487461 0.20483796 227
1743126488215 0.20557189 228
1743126488219 0.20557189 228
1743126488969 0.2055665 229
1743126488973 0.2055665 229
1743126489729 0.20543045 230
1743126489733 0.20543045 230
1743126490481 0.20665371 231
1743126490485 0.20665371 231
1743126491232 0.20653553 232
1743126491236 0.20653553 232
1743126491984 0.20697455 233
1743126491986 0.20697455 233
1743126492744 0.20684378 234
1743126492748 0.20684378 234
1743126493500 0.2075088 235
1743126493503 0.2075088 235
1743126494257 0.20862149 236
1743126494260 0.20862149 236
1743126495011 0.2082013 237
1743126495015 0.2082013 237
1743126495792 0.21118 238
1743126495796 0.21118 238
1743126496570 0.21009928 239
1743126496574 0.21009928 239
1743126497359 0.21110696 240
1743126497362 0.21110696 240
1743126498125 0.21403167 241
1743126498129 0.21403167 241
1743126498892 0.19950433 242
1743126498895 0.19950433 242
1743126499652 0.21178062 243
1743126499656 0.21178062 243
1743126500423 0.20414321 244
1743126500427 0.20414321 244
1743126501175 0.20176958 245
1743126501180 0.20176958 245
1743126501934 0.20484318 246
1743126501938 0.20484318 246
1743126502683 0.20480426 247
1743126502687 0.20480426 247
1743126503444 0.20327851 248
1743126503446 0.20327851 248
1743126504193 0.20550604 249
1743126504197 0.20550604 249
1743126504957 0.2051405 250
1743126504961 0.2051405 250
1743126505703 0.20593096 251
1743126505705 0.20593096 251
1743126506549 0.20690106 252
1743126506553 0.20690106 252
1743126507307 0.20691456 253
1743126507311 0.20691456 253
1743126508067 0.20813257 254
1743126508071 0.20813257 254
1743126508817 0.20747077 255
1743126508820 0.20747077 255
1743126509568 0.20772997 256
1743126509572 0.20772997 256
1743126510320 0.20849784 257
1743126510324 0.20849784 257
1743126511078 0.2074379 258
1743126511082 0.2074379 258
1743126511833 0.20890254 259
1743126511838 0.20890254 259
1743126512597 0.2090011 260
1743126512601 0.2090011 260
1743126513365 0.20881388 261
1743126513369 0.20881388 261
1743126514124 0.20869529 262
1743126514128 0.20869529 262
1743126514890 0.20944567 263
1743126514894 0.20944567 263
1743126515649 0.20947058 264
1743126515653 0.20947058 264
1743126516410 0.20714082 265
1743126516414 0.20714082 265
1743126517178 0.21011119 266
1743126517182 0.21011119 266
1743126517936 0.20973743 267
1743126517940 0.20973743 267
1743126518701 0.20853223 268
1743126518707 0.20853223 268
1743126519464 0.20860593 269
1743126519468 0.20860593 269
1743126520226 0.2091481 270
1743126520229 0.2091481 270
1743126520990 0.20929457 271
1743126520994 0.20929457 271
1743126521765 0.20752029 272
1743126521769 0.20752029 272
1743126522546 0.20992553 273
1743126522549 0.20992553 273
1743126523319 0.21016903 274
1743126523323 0.21016903 274
1743126524099 0.20960309 275
1743126524103 0.20960309 275
1743126524872 0.2051836 276
1743126524876 0.2051836 276
1743126525665 0.20447469 277
1743126525669 0.20447469 277
1743126526444 0.20263441 278
1743126526448 0.20263441 278
1743126527207 0.20640829 279
1743126527211 0.20640829 279
1743126527977 0.20537029 280
1743126527981 0.20537029 280
1743126528755 0.20603545 281
1743126528759 0.20603545 281
1743126529517 0.20775227 282
1743126529523 0.20775227 282
1743126530280 0.21061507 283
1743126530284 0.21061507 283
1743126531051 0.21148533 284
1743126531055 0.21148533 284
1743126531814 0.21084632 285
1743126531816 0.21084632 285
1743126532580 0.21411525 286
1743126532584 0.21411525 286
1743126533359 0.21410513 287
1743126533365 0.21410513 287
1743126534132 0.21372579 288
1743126534135 0.21372579 288
1743126534917 0.21048643 289
1743126534921 0.21048643 289
1743126535684 0.20025736 290
1743126535688 0.20025736 290
1743126536462 0.21116652 291
1743126536466 0.21116652 291
1743126537230 0.20709024 292
1743126537234 0.20709024 292
1743126538001 0.20597562 293
1743126538005 0.20597562 293
1743126538774 0.21261986 294
1743126538778 0.21261986 294
1743126539542 0.212234 295
1743126539550 0.212234 295
1743126540327 0.2139276 296
1743126540331 0.2139276 296
1743126541106 0.21291943 297
1743126541108 0.21291943 297
1743126541892 0.21828118 298
1743126541896 0.21828118 298
1743126542662 0.21996157 299
1743126542666 0.21996157 299
1743126543429 0.22450864 300
1743126543433 0.22450864 300
1743126544201 0.20995952 301
1743126544205 0.20995952 301
1743126544972 0.2240111 302
1743126544975 0.2240111 302
1743126545742 0.20865738 303
1743126545746 0.20865738 303
1743126546510 0.22611381 304
1743126546514 0.22611381 304
1743126547281 0.20133401 305
1743126547283 0.20133401 305
1743126548033 0.17910352 306
1743126548037 0.17910352 306
1743126548807 0.2199002 307
1743126548811 0.2199002 307
1743126549564 0.19209424 308
1743126549568 0.19209424 308
1743126550332 0.19317427 309
1743126550336 0.19317427 309
1743126551103 0.2115894 310
1743126551107 0.2115894 310
1743126551867 0.20651902 311
1743126551871 0.20651902 311
1743126552621 0.20276023 312
1743126552625 0.20276023 312
1743126553376 0.20933102 313
1743126553381 0.20933102 313
1743126554140 0.21044052 314
1743126554144 0.21044052 314
1743126554898 0.20886184 315
1743126554902 0.20886184 315
1743126555648 0.21338418 316
1743126555654 0.21338418 316
1743126556417 0.21461315 317
1743126556421 0.21461315 317
1743126557194 0.2163717 318
1743126557197 0.2163717 318
1743126557985 0.21544965 319
1743126557991 0.21544965 319
1743126558766 0.21913187 320
1743126558770 0.21913187 320
1743126559550 0.21510085 321
1743126559553 0.21510085 321
1743126560326 0.21998398 322
1743126560329 0.21998398 322
1743126561099 0.21918745 323
1743126561103 0.21918745 323
1743126561879 0.21604708 324
1743126561883 0.21604708 324
1743126562657 0.21713857 325
1743126562661 0.21713857 325
1743126563419 0.20332953 326
1743126563423 0.20332953 326
1743126564197 0.21052054 327
1743126564201 0.21052054 327
1743126564970 0.20864756 328
1743126564974 0.20864756 328
1743126565740 0.20459332 329
1743126565744 0.20459332 329
1743126566509 0.20980366 330
1743126566513 0.20980366 330
1743126567285 0.20959735 331
1743126567289 0.20959735 331
1743126568066 0.20910276 332
1743126568068 0.20910276 332
1743126568825 0.21168421 333
1743126568829 0.21168421 333
1743126569591 0.20931004 334
1743126569595 0.20931004 334
1743126570357 0.21295543 335
1743126570362 0.21295543 335
1743126571119 0.2134329 336
1743126571123 0.2134329 336
1743126571884 0.21392971 337
1743126571888 0.21392971 337
1743126572645 0.20886374 338
1743126572649 0.20886374 338
1743126573424 0.20445529 339
1743126573428 0.20445529 339
1743126574198 0.20693392 340
1743126574202 0.20693392 340
1743126574964 0.20027749 341
1743126574968 0.20027749 341
1743126575735 0.19756055 342
1743126575739 0.19756055 342
1743126576507 0.20096765 343
1743126576510 0.20096765 343
1743126577279 0.19414304 344
1743126577285 0.19414304 344
1743126578051 0.19997902 345
1743126578055 0.19997902 345
1743126578826 0.20202966 346
1743126578832 0.20202966 346
1743126579600 0.19861698 347
1743126579603 0.19861698 347
1743126580346 0.20141958 348
1743126580354 0.20141958 348
1743126581099 0.20301421 349
1743126581101 0.20301421 349
1743126581847 0.2001377 350
1743126581851 0.2001377 350
1743126582608 0.20490247 351
1743126582612 0.20490247 351
1743126583454 0.2069676 352
1743126583458 0.2069676 352
1743126584205 0.20622142 353
1743126584209 0.20622142 353
1743126584966 0.20866403 354
1743126584970 0.20866403 354
1743126585716 0.21080622 355
1743126585720 0.21080622 355
1743126586469 0.20804247 356
1743126586473 0.20804247 356
1743126587230 0.21648607 357
1743126587234 0.21648607 357
1743126587987 0.2129641 358
1743126587989 0.2129641 358
1743126588760 0.21518123 359
1743126588764 0.21518123 359
1743126589518 0.21424241 360
1743126589521 0.21424241 360
1743126590303 0.21335824 361
1743126590306 0.21335824 361
1743126591093 0.2103975 362
1743126591099 0.2103975 362
1743126591876 0.21771865 363
1743126591881 0.21771865 363
1743126592659 0.19276273 364
1743126592663 0.19276273 364
1743126593447 0.22252496 365
1743126593451 0.22252496 365
1743126594229 0.21293466 366
1743126594234 0.21293466 366
1743126595003 0.20367686 367
1743126595007 0.20367686 367
1743126595783 0.21231659 368
1743126595787 0.21231659 368
1743126596555 0.17566729 369
1743126596559 0.17566729 369
1743126597324 0.22897963 370
1743126597327 0.22897963 370
1743126598091 0.18878205 371
1743126598095 0.18878205 371
1743126598865 0.20221552 372
1743126598872 0.20221552 372
1743126599635 0.21686712 373
1743126599639 0.21686712 373
1743126600423 0.20211843 374
1743126600427 0.20211843 374
1743126601196 0.20731948 375
1743126601200 0.20731948 375
1743126601966 0.21106546 376
1743126601970 0.21106546 376
1743126602728 0.20663731 377
1743126602731 0.20663731 377
1743126603488 0.20815237 378
1743126603492 0.20815237 378
1743126604259 0.20948271 379
1743126604263 0.20948271 379
1743126605027 0.20921595 380
1743126605030 0.20921595 380
1743126605797 0.20961165 381
1743126605801 0.20961165 381
1743126606567 0.20942381 382
1743126606571 0.20942381 382
1743126607347 0.21173479 383
1743126607350 0.21173479 383
1743126608108 0.21188499 384
1743126608110 0.21188499 384
1743126608876 0.21160294 385
1743126608880 0.21160294 385
1743126609642 0.20735277 386
1743126609646 0.20735277 386
1743126610406 0.20641106 387
1743126610410 0.20641106 387
1743126611156 0.20833698 388
1743126611160 0.20833698 388
1743126611917 0.20272143 389
1743126611923 0.20272143 389
1743126612679 0.20646746 390
1743126612683 0.20646746 390
1743126613442 0.20743714 391
1743126613445 0.20743714 391
1743126614190 0.2039551 392
1743126614193 0.2039551 392
1743126614949 0.20750424 393
1743126614954 0.20750424 393
1743126615702 0.20813 394
1743126615706 0.20813 394
1743126616453 0.20394574 395
1743126616457 0.20394574 395
1743126617203 0.20562764 396
1743126617207 0.20562764 396
1743126617971 0.20615506 397
1743126617972 0.20615506 397
1743126618730 0.2065152 398
1743126618734 0.2065152 398
1743126619487 0.20621811 399
1743126619491 0.20621811 399
1743126620241 0.2080561 400
1743126620245 0.2080561 400
1743126620995 0.20893188 401
1743126620999 0.20893188 401
1743126621762 0.20862477 402
1743126621766 0.20862477 402
1743126622538 0.20901377 403
1743126622542 0.20901377 403
1743126623313 0.20742297 404
1743126623317 0.20742297 404
1743126624084 0.20007549 405
1743126624086 0.20007549 405
1743126624854 0.21035369 406
1743126624858 0.21035369 406
1743126625621 0.20355307 407
1743126625624 0.20355307 407
1743126626385 0.21009748 408
1743126626387 0.21009748 408
1743126627159 0.21529426 409
1743126627161 0.21529426 409
1743126627919 0.21423994 410
1743126627922 0.21423994 410
1743126628683 0.21624593 411
1743126628685 0.21624593 411
1743126629446 0.21522887 412
1743126629450 0.21522887 412
1743126630202 0.23217703 413
1743126630207 0.23217703 413
1743126630967 0.20486812 414
1743126630971 0.20486812 414
1743126631724 0.20094334 415
1743126631727 0.20094334 415
1743126632466 0.19042689 416
1743126632470 0.19042689 416
1743126633218 0.20448722 417
1743126633222 0.20448722 417
1743126633972 0.18679546 418
1743126633976 0.18679546 418
1743126634723 0.19723332 419
1743126634726 0.19723332 419
1743126635481 0.20775723 420
1743126635487 0.20775723 420
1743126636240 0.20304623 421
1743126636244 0.20304623 421
1743126637001 0.20645596 422
1743126637005 0.20645596 422
1743126637765 0.21421188 423
1743126637769 0.21421188 423
1743126638522 0.21362904 424
1743126638525 0.21362904 424
1743126639279 0.2187705 425
1743126639283 0.2187705 425
1743126640034 0.22139281 426
1743126640038 0.22139281 426
1743126640793 0.21927096 427
1743126640797 0.21927096 427
1743126641546 0.22194241 428
1743126641549 0.22194241 428
1743126642311 0.2203828 429
1743126642316 0.2203828 429
1743126643072 0.22009632 430
1743126643076 0.22009632 430
1743126643845 0.22354151 431
1743126643849 0.22354151 431
1743126644598 0.22091733 432
1743126644602 0.22091733 432
1743126645361 0.20687652 433
1743126645364 0.20687652 433
1743126646123 0.2211963 434
1743126646128 0.2211963 434
1743126646891 0.21083774 435
1743126646895 0.21083774 435
1743126647650 0.21895403 436
1743126647653 0.21895403 436
1743126648412 0.2066411 437
1743126648416 0.2066411 437
1743126649178 0.2214656 438
1743126649182 0.2214656 438
1743126649939 0.20465566 439
1743126649943 0.20465566 439
1743126650703 0.205261 440
1743126650707 0.205261 440
1743126651469 0.20109837 441
1743126651472 0.20109837 441
1743126652246 0.21161307 442
1743126652250 0.21161307 442
1743126653033 0.20177191 443
1743126653038 0.20177191 443
1743126653804 0.18690096 444
1743126653807 0.18690096 444
1743126654575 0.21068238 445
1743126654577 0.21068238 445
1743126655359 0.19052736 446
1743126655367 0.19052736 446
1743126656149 0.20213868 447
1743126656153 0.20213868 447
1743126656924 0.20269035 448
1743126656928 0.20269035 448
1743126657714 0.20942174 449
1743126657718 0.20942174 449
1743126658484 0.19941257 450
1743126658489 0.19941257 450
1743126659260 0.22050704 451
1743126659264 0.22050704 451
1743126660136 0.1918099 452
1743126660138 0.1918099 452
1743126660911 0.22477844 453
1743126660913 0.22477844 453
1743126661703 0.21403468 454
1743126661707 0.21403468 454
1743126662498 0.1933564 455
1743126662502 0.1933564 455
1743126663273 0.25066563 456
1743126663277 0.25066563 456
1743126664052 0.17712373 457
1743126664056 0.17712373 457
1743126664821 0.26870033 458
1743126664825 0.26870033 458
1743126665599 0.20150027 459
1743126665603 0.20150027 459
1743126666362 0.20326985 460
1743126666364 0.20326985 460
1743126667134 0.26110092 461
1743126667136 0.26110092 461
1743126667897 0.20166315 462
1743126667901 0.20166315 462
1743126668656 0.21571815 463
1743126668660 0.21571815 463
1743126669423 0.25144315 464
1743126669427 0.25144315 464
1743126670187 0.21048972 465
1743126670193 0.21048972 465
1743126670961 0.23888499 466
1743126670967 0.23888499 466
1743126671737 0.16791642 467
1743126671741 0.16791642 467
1743126672497 0.23465756 468
1743126672501 0.23465756 468
1743126673269 0.19434367 469
1743126673273 0.19434367 469
1743126674049 0.1927212 470
1743126674052 0.1927212 470
1743126674829 0.2172175 471
1743126674833 0.2172175 471
1743126675609 0.2139044 472
1743126675613 0.2139044 472
1743126676383 0.20776947 473
1743126676387 0.20776947 473
1743126677165 0.22475377 474
1743126677169 0.22475377 474
1743126677947 0.21724987 475
1743126677951 0.21724987 475
1743126678712 0.20882158 476
1743126678716 0.20882158 476
1743126679495 0.22019522 477
1743126679499 0.22019522 477
1743126680262 0.20242974 478
1743126680266 0.20242974 478
1743126681036 0.21846722 479
1743126681040 0.21846722 479
1743126681807 0.21781553 480
1743126681811 0.21781553 480
1743126682592 0.20251791 481
1743126682596 0.20251791 481
1743126683367 0.2125583 482
1743126683371 0.2125583 482
1743126684143 0.21065257 483
1743126684154 0.21065257 483
1743126684927 0.199423 484
1743126684931 0.199423 484
1743126685693 0.19800384 485
1743126685697 0.19800384 485
1743126686471 0.1816049 486
1743126686474 0.1816049 486
1743126687259 0.18762498 487
1743126687265 0.18762498 487
1743126688038 0.20403062 488
1743126688040 0.20403062 488
1743126688808 0.20081611 489
1743126688812 0.20081611 489
1743126689573 0.2021539 490
1743126689577 0.2021539 490
1743126690349 0.20850834 491
1743126690351 0.20850834 491
1743126691127 0.21034251 492
1743126691135 0.21034251 492
1743126691899 0.21508057 493
1743126691903 0.21508057 493
1743126692665 0.22181079 494
1743126692668 0.22181079 494
1743126693463 0.2216391 495
1743126693467 0.2216391 495
1743126694257 0.2240134 496
1743126694261 0.2240134 496
1743126695027 0.22232166 497
1743126695031 0.22232166 497
1743126695797 0.17947516 498
1743126695800 0.17947516 498
1743126696576 0.19761713 499
1743126696580 0.19761713 499
1743126697340 0.21256296 500
1743126697344 0.21256296 500
1743126698112 0.18551365 501
1743126698118 0.18551365 501
1743126698884 0.19985107 502
1743126698888 0.19985107 502
1743126699634 0.2115014 503
1743126699638 0.2115014 503
1743126700398 0.19706014 504
1743126700400 0.19706014 504
1743126701163 0.20305704 505
1743126701169 0.20305704 505
1743126701935 0.20214109 506
1743126701939 0.20214109 506
1743126702705 0.20446101 507
1743126702709 0.20446101 507
1743126703479 0.20578192 508
1743126703483 0.20578192 508
1743126704251 0.2033741 509
1743126704254 0.2033741 509
1743126705015 0.20812635 510
1743126705019 0.20812635 510
1743126705783 0.2067658 511
1743126705789 0.2067658 511
1743126706557 0.20889573 512
1743126706561 0.20889573 512
1743126707329 0.2088915 513
1743126707332 0.2088915 513
1743126708106 0.21192934 514
1743126708113 0.21192934 514
1743126708873 0.2106551 515
1743126708877 0.2106551 515
1743126709642 0.2077334 516
1743126709644 0.2077334 516
1743126710410 0.20838825 517
1743126710414 0.20838825 517
1743126711162 0.21701849 518
1743126711166 0.21701849 518
1743126711922 0.21147344 519
1743126711925 0.21147344 519
1743126712667 0.21354352 520
1743126712671 0.21354352 520
1743126713416 0.22397497 521
1743126713420 0.22397497 521
1743126714179 0.21572442 522
1743126714186 0.21572442 522
1743126714946 0.22113362 523
1743126714950 0.22113362 523
1743126715700 0.22717097 524
1743126715704 0.22717097 524
1743126716461 0.22382751 525
1743126716467 0.22382751 525
1743126717228 0.21754321 526
1743126717234 0.21754321 526
1743126717992 0.23287503 527
1743126717996 0.23287503 527
1743126718757 0.2310121 528
1743126718761 0.2310121 528
1743126719513 0.22277318 529
1743126719517 0.22277318 529
1743126720289 0.23384082 530
1743126720292 0.23384082 530
1743126721055 0.22692426 531
1743126721057 0.22692426 531
1743126721811 0.23102835 532
1743126721815 0.23102835 532
1743126722564 0.24213581 533
1743126722568 0.24213581 533
1743126723326 0.22442617 534
1743126723330 0.22442617 534
1743126724110 0.21782883 535
1743126724114 0.21782883 535
1743126724892 0.22493368 536
1743126724896 0.22493368 536
1743126725671 0.25293508 537
1743126725675 0.25293508 537
1743126726447 0.18587258 538
1743126726451 0.18587258 538
1743126727227 0.26578313 539
1743126727230 0.26578313 539
1743126728005 0.19792311 540
1743126728008 0.19792311 540
1743126728766 0.2171929 541
1743126728770 0.2171929 541
1743126729535 0.22679484 542
1743126729539 0.22679484 542
1743126730298 0.28320232 543
1743126730302 0.28320232 543
1743126731073 0.19327049 544
1743126731077 0.19327049 544
1743126731836 0.3350528 545
1743126731840 0.3350528 545
1743126732607 0.1960585 546
1743126732611 0.1960585 546
1743126733381 0.3508445 547
1743126733384 0.3508445 547
1743126734145 0.18002982 548
1743126734149 0.18002982 548
1743126734906 0.25780317 549
1743126734910 0.25780317 549
1743126735673 0.19987534 550
1743126735677 0.19987534 550
1743126736453 0.23570947 551
1743126736457 0.23570947 551
1743126737318 0.24546017 552
1743126737322 0.24546017 552
1743126738078 0.17556348 553
1743126738081 0.17556348 553
1743126738846 0.2095939 554
1743126738850 0.2095939 554
1743126739617 0.17769809 555
1743126739621 0.17769809 555
1743126740387 0.17276594 556
1743126740391 0.17276594 556
1743126741142 0.20357285 557
1743126741146 0.20357285 557
1743126741905 0.20207617 558
1743126741909 0.20207617 558
1743126742671 0.19236623 559
1743126742673 0.19236623 559
1743126743434 0.19802602 560
1743126743438 0.19802602 560
1743126744203 0.20616497 561
1743126744209 0.20616497 561
1743126744965 0.20132892 562
1743126744971 0.20132892 562
1743126745729 0.19975051 563
1743126745733 0.19975051 563
1743126746499 0.20455863 564
1743126746503 0.20455863 564
1743126747285 0.20632108 565
1743126747288 0.20632108 565
1743126748085 0.20563535 566
1743126748089 0.20563535 566
1743126748848 0.2069182 567
1743126748852 0.2069182 567
1743126749622 0.20911466 568
1743126749626 0.20911466 568
1743126750394 0.2107977 569
1743126750398 0.2107977 569
1743126751184 0.21104364 570
1743126751189 0.21104364 570
1743126751956 0.2111998 571
1743126751960 0.2111998 571
1743126752723 0.21247739 572
1743126752727 0.21247739 572
1743126753497 0.21324454 573
1743126753501 0.21324454 573
