1744165207132 0.61053693 0
1744165207866 0.41277978 1
1744165208489 0.28385437 2
1744165209111 0.19928218 3
1744165209733 0.14619687 4
1744165210351 0.11035263 5
1744165210966 0.08563732 6
1744165211583 0.06865432 7
1744165212204 0.056015752 8
1744165212820 0.04674456 9
1744165213437 0.039804347 10
1744165214056 0.034230184 11
1744165214670 0.030147625 12
1744165215287 0.026736805 13
1744165215909 0.023724778 14
1744165216532 0.02139335 15
1744165217149 0.019382259 16
1744165217769 0.017643664 17
1744165218387 0.01617612 18
1744165219011 0.014950504 19
1744165219636 0.013850728 20
1744165220260 0.012813129 21
1744165220877 0.011908293 22
1744165221520 0.011094273 23
1744165222141 0.010409958 24
1744165222839 0.009680375 25
1744165223597 0.009023156 26
1744165224359 0.008594725 27
1744165225096 0.008056334 28
1744165225841 0.007590448 29
1744165226682 0.0071076388 30
1744165227440 0.0068131364 31
1744165228189 0.0064421142 32
1744165228982 0.0060734674 33
1744165229736 0.005806721 34
1744165230473 0.0055216057 35
1744165231216 0.0052468316 36
1744165231976 0.0050028516 37
1744165232732 0.004792777 38
1744165233482 0.0045707347 39
1744165234238 0.00442226 40
1744165234997 0.004188941 41
1744165235755 0.004022983 42
1744165236537 0.0038538112 43
1744165237338 0.0036797575 44
