1744165207129 1.4588623 0
1744165207864 1.4408095 1
1744165208487 1.4374382 2
1744165209109 1.4184066 3
1744165209731 1.3902137 4
1744165210349 1.35076 5
1744165210964 1.3174942 6
1744165211581 1.2888132 7
1744165212202 1.2727026 8
1744165212818 1.2668629 9
1744165213435 1.2777182 10
1744165214054 1.3089151 11
1744165214667 1.3226907 12
1744165215285 1.327693 13
1744165215907 1.3252623 14
1744165216528 1.3275974 15
1744165217147 1.3226423 16
1744165217767 1.3431702 17
1744165218384 1.3619593 18
1744165219008 1.3546851 19
1744165219633 1.336782 20
1744165220258 1.3358326 21
1744165220875 1.3787692 22
1744165221518 1.391022 23
1744165222139 1.3898175 24
1744165222835 1.3719156 25
1744165223588 1.363616 26
1744165224357 1.3613846 27
1744165225094 1.3449583 28
1744165225839 1.3356118 29
1744165226680 1.3640876 30
1744165227437 1.3968233 31
1744165228187 1.4320354 32
1744165228979 1.438304 33
1744165229734 1.4125967 34
1744165230471 1.3756804 35
1744165231211 1.3713813 36
1744165231974 1.3588263 37
1744165232728 1.3573506 38
1744165233480 1.361312 39
1744165234236 1.3732919 40
1744165234995 1.3811989 41
1744165235753 1.3937459 42
1744165236533 1.4136096 43
1744165237334 1.3981642 44
