1744165207131 5.0203094 0
1744165207866 6.9812646 1
1744165208489 8.653186 2
1744165209109 10.147037 3
1744165209731 11.482668 4
1744165210349 12.658619 5
1744165210964 13.674305 6
1744165211581 14.59953 7
1744165212204 15.422989 8
1744165212820 16.12181 9
1744165213437 16.711004 10
1744165214054 17.269655 11
1744165214669 17.788477 12
1744165215285 18.256441 13
1744165215907 18.64726 14
1744165216530 18.970598 15
1744165217147 19.251232 16
1744165217767 19.438435 17
1744165218385 19.497938 18
1744165219010 19.573967 19
1744165219633 19.642332 20
1744165220258 19.72431 21
1744165220877 19.72594 22
1744165221520 19.75559 23
1744165222139 19.884409 24
1744165222837 20.028147 25
1744165223597 20.06482 26
1744165224357 20.004305 27
1744165225095 20.014997 28
1744165225839 20.044584 29
1744165226681 20.03102 30
1744165227439 19.944914 31
1744165228188 19.747955 32
1744165228980 19.633926 33
1744165229734 19.56492 34
1744165230473 19.59499 35
1744165231214 19.563147 36
1744165231976 19.662666 37
1744165232730 19.711704 38
1744165233482 19.715586 39
1744165234236 19.711645 40
1744165234995 19.691605 41
1744165235753 19.70781 42
1744165236535 19.528856 43
1744165237336 19.48055 44
