1747646516493 0.7099136114120483 0
1747646587844 0.7055405974388123 1
1747646658604 0.6919533014297485 2
1747646729204 0.6964313983917236 3
1747646800562 0.6932199001312256 4
1747646871026 0.6873434782028198 5
1747646940671 0.6800885796546936 6
1747647011055 0.6935117840766907 7
1747647081549 0.693041980266571 8
1747647152376 0.6870403289794922 9
1747647222561 0.6949799060821533 10
1747647292655 0.694096565246582 11
1747647363010 0.6970207095146179 12
1747647433441 0.6923154592514038 13
1747647504894 0.6912840008735657 14
1747647575340 0.6930570006370544 15
1747647646112 0.6906335353851318 16
1747647716545 0.6928861141204834 17
1747647787034 0.6906077861785889 18
1747647858266 0.6921112537384033 19
1747647928536 0.6857427954673767 20
1747647999234 0.6893849968910217 21
1747648069956 0.6882286667823792 22
1747648140556 0.6886647343635559 23
1747648211507 0.6889108419418335 24
1747648281716 0.6920260787010193 25
1747648352537 0.6902918219566345 26
1747648422900 0.689896821975708 27
1747648493793 0.6893748044967651 28
1747648564592 0.6927013397216797 29
1747648635282 0.6960407495498657 30
1747648706220 0.6916991472244263 31
1747648776305 0.6894963383674622 32
1747648847142 0.6893271207809448 33
1747648917651 0.6919283866882324 34
1747648988394 0.6905331015586853 35
1747649059434 0.6906208992004395 36
1747649129433 0.6903278231620789 37
1747649200346 0.691081166267395 38
1747649270826 0.6862818598747253 39
1747649341829 0.6854669451713562 40
1747649412398 0.6889950633049011 41
1747649482335 0.6936618685722351 42
1747649553195 0.6902837157249451 43
1747649623843 0.6900192499160767 44
1747649695003 0.6921831369400024 45
1747649765516 0.69175785779953 46
1747649835134 0.6922631859779358 47
1747649905828 0.6913520097732544 48
1747649976355 0.6920005679130554 49
1747650047619 0.68988436460495 50
1747650118123 0.6918488144874573 51
1747650188121 0.6904280781745911 52
1747650258749 0.6900328993797302 53
1747650329263 0.6905019283294678 54
1747650400752 0.6898897290229797 55
1747650471438 0.6912211179733276 56
1747650541720 0.6916705965995789 57
1747650612578 0.6915363669395447 58
1747650682801 0.6900905966758728 59
1747650754404 0.6868346929550171 60
1747650824905 0.6912955641746521 61
1747650895659 0.6915076375007629 62
1747650966091 0.6925055980682373 63
1747651036471 0.6909714937210083 64
1747651108053 0.6874517798423767 65
1747651178581 0.6911613941192627 66
1747651249609 0.6922497749328613 67
1747651320017 0.690383791923523 68
1747651390632 0.6901763677597046 69
1747651461742 0.6915733218193054 70
1747651532203 0.691290020942688 71
1747651603054 0.6901986598968506 72
1747651673464 0.6873326301574707 73
1747651743968 0.6902867555618286 74
1747651814910 0.6905670762062073 75
1747651885287 0.6920983195304871 76
1747651956571 0.6907725930213928 77
1747652027250 0.6896018385887146 78
1747652097891 0.6900500655174255 79
1747652168636 0.6927592158317566 80
1747652239148 0.6905990242958069 81
1747652310531 0.6902288794517517 82
1747652380789 0.6892958879470825 83
1747652451819 0.6886007189750671 84
1747652522694 0.6908507943153381 85
1747652593452 0.6919607520103455 86
1747652664741 0.6906660199165344 87
1747652735017 0.6894049048423767 88
1747652806480 0.6910532712936401 89
1747652876973 0.6898021101951599 90
1747652947934 0.6919212341308594 91
1747653019231 0.6928157806396484 92
1747653089748 0.690586507320404 93
1747653160886 0.6910110116004944 94
1747653231447 0.6914214491844177 95
1747653302632 0.6893976926803589 96
1747653373463 0.6901398301124573 97
1747653443393 0.6911203861236572 98
1747653514557 0.6905220746994019 99
1747653585110 0.6909428238868713 100
1747653656512 0.6904242634773254 101
1747653727712 0.6920676827430725 102
1747653797884 0.6898695826530457 103
1747653869487 0.6898787021636963 104
1747653940188 0.6904798150062561 105
1747654011856 0.6910106539726257 106
1747654082463 0.6923699975013733 107
1747654152786 0.6917104721069336 108
1747654223669 0.6903373599052429 109
1747654294224 0.691545844078064 110
1747654365956 0.6919213533401489 111
1747654436660 0.6900895833969116 112
1747654506914 0.690214216709137 113
1747654577542 0.6911112666130066 114
1747654648067 0.6912549138069153 115
1747654719755 0.6909405589103699 116
1747654790503 0.6890218257904053 117
1747654860950 0.6901697516441345 118
1747654931858 0.6909515857696533 119
1747655002362 0.6925426721572876 120
1747655074130 0.693148672580719 121
1747655144716 0.6909584403038025 122
1747655215677 0.6903069615364075 123
1747655286261 0.6915151476860046 124
1747655356749 0.6904900670051575 125
1747655428303 0.6905019879341125 126
1747655498979 0.6909946203231812 127
1747655569965 0.6908991932868958 128
1747655640212 0.6916983723640442 129
1747655710645 0.6914237141609192 130
1747655781961 0.6907061338424683 131
1747655852591 0.6910285949707031 132
1747655923575 0.6917562484741211 133
1747655993944 0.6907891035079956 134
1747656065089 0.6918522119522095 135
1747656136218 0.6900261640548706 136
1747656206897 0.6892611980438232 137
1747656278304 0.6914109587669373 138
1747656348743 0.6896195411682129 139
1747656419894 0.6921398639678955 140
1747656490797 0.6895497441291809 141
1747656561449 0.6898101568222046 142
1747656633138 0.6905525326728821 143
1747656703501 0.6908242106437683 144
1747656774600 0.6931224465370178 145
1747656845457 0.6905466914176941 146
1747656916237 0.6911002397537231 147
1747656987666 0.6904435157775879 148
1747657058112 0.6883323788642883 149
1747657129117 0.6917158961296082 150
1747657199639 0.6916815042495728 151
1747657270496 0.689798891544342 152
1747657341676 0.6907423138618469 153
1747657411774 0.6913182735443115 154
1747657483049 0.6910849213600159 155
1747657553592 0.6916607618331909 156
1747657624809 0.7027084827423096 157
1747657695929 0.690977931022644 158
1747657766300 0.690385103225708 159
1747657837520 0.6902084946632385 160
1747657907983 0.6903161406517029 161
1747657979205 0.689066469669342 162
1747658050152 0.6902788281440735 163
1747658120066 0.6903833746910095 164
1747658191295 0.6923222541809082 165
1747658261907 0.6922736763954163 166
1747658333460 0.6910373568534851 167
1747658404401 0.6907774806022644 168
1747658474469 0.6906701922416687 169
1747658545634 0.691517174243927 170
1747658616286 0.6900491714477539 171
1747658688016 0.6905878782272339 172
1747658758713 0.6907978653907776 173
1747658829077 0.6910299062728882 174
1747658899921 0.6898139119148254 175
1747658970471 0.6904566884040833 176
1747659042181 0.690814197063446 177
1747659112778 0.6908551454544067 178
1747659183866 0.690601646900177 179
1747659254637 0.6911523938179016 180
1747659325007 0.6911537051200867 181
1747659396755 0.6917722821235657 182
1747659467499 0.6903148889541626 183
1747659538165 0.6908808946609497 184
1747659608901 0.6913282871246338 185
1747659679175 0.6914972066879272 186
1747659750847 0.6909484267234802 187
1747659821409 0.6903676390647888 188
1747659892563 0.6903098225593567 189
1747659963195 0.6920057535171509 190
1747660033729 0.690949559211731 191
1747660105312 0.6910904049873352 192
1747660175783 0.6916908621788025 193
1747660247292 0.691933274269104 194
1747660317779 0.6912155747413635 195
1747660388441 0.6908032298088074 196
1747660459813 0.690814197063446 197
1747660530340 0.690792977809906 198
1747660601551 0.6902878880500793 199
1747660672002 0.6914173364639282 200
1747660742625 0.690363347530365 201
1747660813758 0.6904639005661011 202
1747660884080 0.6907440423965454 203
1747660955350 0.6912129521369934 204
1747661025977 0.6901986598968506 205
1747661096848 0.6889804601669312 206
1747661167616 0.6908042430877686 207
1747661238081 0.6886137127876282 208
1747661309694 0.6911891102790833 209
1747661380249 0.6902418732643127 210
1747661451446 0.6903921961784363 211
1747661522109 0.6912027597427368 212
1747661592826 0.6909568905830383 213
1747661664224 0.6907594799995422 214
1747661734667 0.6907698512077332 215
1747661806026 0.6899925470352173 216
1747661876544 0.6896892189979553 217
1747661947627 0.6914440989494324 218
1747662018859 0.6911605000495911 219
1747662089177 0.6906241178512573 220
1747662160618 0.6906989216804504 221
1747662231145 0.6905503273010254 222
1747662302358 0.6910423636436462 223
1747662373044 0.6903811097145081 224
1747662443255 0.6908259987831116 225
1747662514649 0.6906030178070068 226
1747662585193 0.6906970143318176 227
1747662656549 0.6924370527267456 228
1747662727255 0.6904575824737549 229
1747662797454 0.6901221871376038 230
1747662868885 0.6900920867919922 231
1747662939379 0.6900152564048767 232
1747663010987 0.691450297832489 233
1747663081784 0.6909406781196594 234
1747663152383 0.6901792883872986 235
1747663223654 0.6916311979293823 236
1747663294224 0.6920377016067505 237
1747663366079 0.6911444067955017 238
1747663436836 0.6913973093032837 239
1747663507504 0.6912070512771606 240
1747663578270 0.6896661520004272 241
1747663648742 0.6908079981803894 242
1747663720534 0.6908037662506104 243
1747663791086 0.690627932548523 244
1747663861739 0.6906693577766418 245
1747663932411 0.6907057166099548 246
1747664002865 0.6907450556755066 247
1747664074525 0.6912606358528137 248
1747664145107 0.6902771592140198 249
1747664216099 0.6904062628746033 250
1747664286679 0.6902080774307251 251
1747664357099 0.6913708448410034 252
1747664428634 0.6901305317878723 253
1747664499290 0.6895890831947327 254
1747664570492 0.6898567080497742 255
1747664641034 0.6911363005638123 256
1747664711589 0.6907784938812256 257
1747664782939 0.6900358200073242 258
1747664853383 0.6894739866256714 259
1747664924706 0.6912485957145691 260
1747664995087 0.6921771168708801 261
1747665065863 0.6906743049621582 262
1747665136989 0.6913588047027588 263
1747665207568 0.6900267004966736 264
1747665279082 0.690996527671814 265
1747665349587 0.6899400949478149 266
1747665420395 0.6904958486557007 267
1747665491265 0.6907812356948853 268
1747665561778 0.6897522211074829 269
1747665633190 0.6897815465927124 270
1747665703625 0.6909461617469788 271
1747665774669 0.6918161511421204 272
1747665845372 0.6916018128395081 273
1747665916025 0.6909820437431335 274
1747665987679 0.6886720061302185 275
1747666057949 0.689550518989563 276
1747666129226 0.6894649267196655 277
1747666199848 0.6885215640068054 278
1747666270639 0.6910324096679688 279
1747666341865 0.6913824677467346 280
1747666412157 0.6907926201820374 281
1747666483450 0.6914609670639038 282
1747666553838 0.6901962757110596 283
1747666624977 0.6907227635383606 284
1747666695862 0.6900935769081116 285
1747666766286 0.6905739307403564 286
1747666838651 0.690412700176239 287
1747666910022 0.691001832485199 288
1747666981211 0.6909047961235046 289
1747667051922 0.6911360025405884 290
1747667121753 0.6895300149917603 291
1747667192829 0.6900855898857117 292
1747667263536 0.690473198890686 293
1747667334856 0.6907876133918762 294
1747667405496 0.6909494400024414 295
1747667475379 0.6892229318618774 296
1747667546275 0.688534677028656 297
1747667617156 0.6910343766212463 298
1747667688513 0.6908199787139893 299
1747667759155 0.6902649402618408 300
1747667829111 0.6903513669967651 301
1747667899914 0.6909543871879578 302
1747667970651 0.6909879446029663 303
1747668042120 0.6918323040008545 304
1747668112747 0.6897348761558533 305
1747668182617 0.6911893486976624 306
1747668253320 0.6913304328918457 307
1747668323954 0.6910130381584167 308
1747668395666 0.690568745136261 309
1747668466525 0.6909095048904419 310
1747668536634 0.6913525462150574 311
1747668607476 0.6906822919845581 312
1747668677900 0.6903446912765503 313
1747668749576 0.6909076571464539 314
1747668820209 0.6903740167617798 315
1747668890747 0.6908857226371765 316
1747668961396 0.69093918800354 317
1747669031970 0.6910172700881958 318
1747669103627 0.6918460726737976 319
1747669174247 0.6903302073478699 320
1747669244496 0.689773440361023 321
1747669315188 0.6916384696960449 322
1747669385877 0.6910290122032166 323
1747669457411 0.6910927295684814 324
1747669527746 0.6911527514457703 325
1747669598245 0.6900396943092346 326
1747669668858 0.6899744868278503 327
1747669739462 0.6905189752578735 328
1747669810585 0.6897328495979309 329
1747669880995 0.6900272965431213 330
1747669951801 0.6904968619346619 331
1747670022375 0.6898964047431946 332
1747670093464 0.6908724904060364 333
1747670164447 0.6901035308837891 334
1747670235119 0.6905127167701721 335
1747670306173 0.6901087164878845 336
1747670376725 0.6906836032867432 337
1747670447689 0.6906952857971191 338
1747670518340 0.6901387572288513 339
1747670589264 0.6912558674812317 340
1747670660520 0.6909717917442322 341
1747670730730 0.690833568572998 342
1747670802079 0.6899018287658691 343
1747670872796 0.6911589503288269 344
1747670943858 0.6921870708465576 345
1747671014854 0.6909794807434082 346
1747671084893 0.6896716952323914 347
1747671156322 0.6902362704277039 348
1747671226880 0.6910924911499023 349
1747671298373 0.6913910508155823 350
1747671369196 0.6911450028419495 351
1747671439630 0.6911618113517761 352
1747671510865 0.6901876330375671 353
1747671581561 0.6903224587440491 354
1747671653108 0.6909704804420471 355
1747671724033 0.6905020475387573 356
1747671794390 0.6905651688575745 357
1747671865523 0.6909436583518982 358
1747671936111 0.6900497674942017 359
1747672007908 0.6920453310012817 360
1747672078604 0.6903124451637268 361
1747672148957 0.691734254360199 362
1747672220039 0.691287636756897 363
1747672290703 0.6895593404769897 364
1747672362513 0.6919969320297241 365
1747672433398 0.691177487373352 366
1747672504078 0.6908965706825256 367
1747672574921 0.6913177371025085 368
1747672645515 0.690891683101654 369
1747672717356 0.6902940273284912 370
1747672788088 0.6912642121315002 371
1747672859143 0.6905752420425415 372
1747672929730 0.6898979544639587 373
1747673000199 0.6907450556755066 374
1747673072042 0.6904381513595581 375
1747673142739 0.6904666423797607 376
1747673213591 0.6905378699302673 377
1747673284244 0.6915059089660645 378
1747673354821 0.6910794377326965 379
1747673426503 0.6912319660186768 380
1747673497135 0.6913516521453857 381
1747673568115 0.6905217170715332 382
1747673638703 0.6912463307380676 383
1747673709476 0.6910462975502014 384
1747673780852 0.6901122331619263 385
1747673851501 0.6894342303276062 386
1747673923038 0.6898273825645447 387
1747673993889 0.6906203031539917 388
1747674064781 0.6899474859237671 389
1747674136064 0.6908431649208069 390
1747674206666 0.6902217864990234 391
1747674278330 0.6911090612411499 392
1747674349010 0.6912573575973511 393
1747674420064 0.6907382011413574 394
1747674491065 0.6913064122200012 395
1747674561756 0.6910246014595032 396
1747674633196 0.6901744604110718 397
1747674703842 0.6901384592056274 398
1747674775053 0.6914005279541016 399
1747674845827 0.6902905106544495 400
1747674916606 0.6905148029327393 401
1747674987963 0.690877377986908 402
1747675058442 0.6904119849205017 403
1747675129558 0.6906793117523193 404
1747675200255 0.6904948353767395 405
1747675271292 0.689991295337677 406
1747675342663 0.6900880932807922 407
1747675413158 0.6905927658081055 408
1747675484210 0.690974235534668 409
1747675554778 0.6910855174064636 410
1747675626026 0.6901509761810303 411
1747675697135 0.6900033950805664 412
1747675767341 0.6906132698059082 413
1747675838582 0.6899457573890686 414
1747675909354 0.6912495493888855 415
1747675980762 0.6906181573867798 416
1747676051756 0.6902947425842285 417
1747676121736 0.6907481551170349 418
1747676193214 0.6904799342155457 419
1747676263943 0.6905708312988281 420
1747676335507 0.690672755241394 421
1747676406365 0.6902204155921936 422
1747676476685 0.6913328170776367 423
1747676547895 0.6910484433174133 424
1747676618713 0.6898884773254395 425
1747676690397 0.6906384229660034 426
1747676761178 0.6896887421607971 427
1747676831479 0.6925194263458252 428
1747676902491 0.6910356283187866 429
1747676973154 0.6914771199226379 430
1747677044874 0.6898374557495117 431
1747677115620 0.6906712651252747 432
1747677186140 0.6914311051368713 433
1747677257063 0.6910352110862732 434
1747677327509 0.6912978887557983 435
1747677399291 0.6900825500488281 436
1747677470126 0.6908559799194336 437
1747677540723 0.6909719109535217 438
1747677611580 0.6906929016113281 439
1747677682109 0.6908859014511108 440
1747677753801 0.6901596188545227 441
1747677824622 0.6904262900352478 442
1747677895405 0.6898583173751831 443
1747677966063 0.691558301448822 444
1747678036802 0.6899501085281372 445
1747678108557 0.6892275810241699 446
1747678179331 0.6906973123550415 447
1747678250579 0.6911633014678955 448
1747678321185 0.6907893419265747 449
1747678391819 0.6893314123153687 450
1747678463410 0.6909186840057373 451
1747678534043 0.6916627883911133 452
1747678605213 0.6902827024459839 453
1747678675955 0.6914888024330139 454
1747678746517 0.6910871267318726 455
1747678818041 0.6904106140136719 456
1747678888656 0.6896771192550659 457
1747678959641 0.6902833580970764 458
1747679030201 0.6892750263214111 459
1747679100874 0.691598653793335 460
1747679172063 0.6905874609947205 461
1747679242739 0.6916705369949341 462
1747679313863 0.6903235912322998 463
1747679384275 0.6916763782501221 464
1747679455288 0.6905586123466492 465
1747679526385 0.6903040409088135 466
1747679596950 0.6901410818099976 467
1747679668398 0.6907572150230408 468
1747679738954 0.6916703581809998 469
1747679810081 0.6900166869163513 470
1747679880943 0.6905100345611572 471
1747679951753 0.6910103559494019 472
1747680022736 0.6899734139442444 473
1747680093192 0.6902780532836914 474
1747680164408 0.6903473138809204 475
1747680235101 0.6912062168121338 476
1747680306354 0.6907045841217041 477
1747680377494 0.691326916217804 478
1747680447819 0.6901797652244568 479
1747680519122 0.6902843117713928 480
1747680589823 0.6909484267234802 481
1747680661076 0.689692497253418 482
1747680731905 0.6909691095352173 483
1747680802166 0.6908683776855469 484
1747680873375 0.6907380819320679 485
1747680944218 0.6911014318466187 486
1747681015621 0.6900776624679565 487
1747681086485 0.6912446022033691 488
1747681156598 0.6919170022010803 489
1747681227550 0.6910902261734009 490
1747681298215 0.6910443902015686 491
1747681369911 0.6909736394882202 492
1747681440563 0.6904375553131104 493
1747681510822 0.6898107528686523 494
1747681581616 0.6898722648620605 495
1747681652302 0.69107586145401 496
1747681724147 0.6902733445167542 497
1747681794843 0.6910279989242554 498
1747681865065 0.6913211345672607 499
