1747646516487 0.00020774046424776316 0
1747646587840 2.75077109108679e-05 1
1747646658600 5.030219654145185e-06 2
1747646729200 8.442352736892644e-07 3
1747646800556 6.449023715049407e-08 4
1747646871020 1.367975066557392e-08 5
1747646940666 1.9542505391711984e-09 6
1747647011047 0.0 7
1747647081542 0.0 8
1747647152372 0.0 9
1747647222557 0.0 10
1747647292651 0.0 11
1747647363007 0.0 12
1747647433437 0.0 13
1747647504890 0.0 14
1747647575332 0.0 15
1747647646099 0.0 16
1747647716537 0.0 17
1747647787026 0.0 18
1747647858254 0.0 19
1747647928531 0.0 20
1747647999230 0.0 21
1747648069952 0.0 22
1747648140549 0.0 23
1747648211501 0.0 24
1747648281712 0.0 25
1747648352532 0.0 26
1747648422894 0.0 27
1747648493777 0.0 28
1747648564587 0.0 29
1747648635280 0.0 30
1747648706215 0.0 31
1747648776302 0.0 32
1747648847139 0.0 33
1747648917642 0.0 34
1747648988388 0.0 35
1747649059430 0.0 36
1747649129429 0.0 37
1747649200340 0.0 38
1747649270822 0.0 39
1747649341827 0.0 40
1747649412391 0.0 41
1747649482329 0.0 42
1747649553191 0.0 43
1747649623835 0.0 44
1747649694999 0.0 45
1747649765510 0.0 46
1747649835130 0.0 47
1747649905822 0.0 48
1747649976352 0.0 49
1747650047617 0.0 50
1747650118119 0.0 51
1747650188117 0.0 52
1747650258743 0.0 53
1747650329258 0.0 54
1747650400749 0.0 55
1747650471434 0.0 56
1747650541717 0.0 57
1747650612574 0.0 58
1747650682797 0.0 59
1747650754398 0.0 60
1747650824898 0.0 61
1747650895653 0.0 62
1747650966087 0.0 63
1747651036467 0.0 64
1747651108051 0.0 65
1747651178577 0.0 66
1747651249602 0.0 67
1747651320013 0.0 68
1747651390628 0.0 69
1747651461734 0.0 70
1747651532199 0.0 71
1747651603049 0.0 72
1747651673460 0.0 73
1747651743962 0.0 74
1747651814904 0.0 75
1747651885279 0.0 76
1747651956563 0.0 77
1747652027244 0.0 78
1747652097883 0.0 79
1747652168631 0.0 80
1747652239144 0.0 81
1747652310527 0.0 82
1747652380781 0.0 83
1747652451811 0.0 84
1747652522690 0.0 85
1747652593446 0.0 86
1747652664733 0.0 87
1747652735015 0.0 88
1747652806473 0.0 89
1747652876967 0.0 90
1747652947930 0.0 91
1747653019224 0.0 92
1747653089744 0.0 93
1747653160882 0.0 94
1747653231443 0.0 95
1747653302626 0.0 96
1747653373455 0.0 97
1747653443390 0.0 98
1747653514553 0.0 99
1747653585106 0.0 100
1747653656506 0.0 101
1747653727706 0.0 102
1747653797880 0.0 103
1747653869481 0.0 104
1747653940184 0.0 105
1747654011848 0.0 106
1747654082455 0.0 107
1747654152784 0.0 108
1747654223661 0.0 109
1747654294216 0.0 110
1747654365948 0.0 111
1747654436655 0.0 112
1747654506906 0.0 113
1747654577540 0.0 114
1747654648063 0.0 115
1747654719747 0.0 116
1747654790499 0.0 117
1747654860942 0.0 118
1747654931846 0.0 119
1747655002354 0.0 120
1747655074126 0.0 121
1747655144708 0.0 122
1747655215671 0.0 123
1747655286259 0.0 124
1747655356743 0.0 125
1747655428297 0.0 126
1747655498973 0.0 127
1747655569961 0.0 128
1747655640208 0.0 129
1747655710641 0.0 130
1747655781955 0.0 131
1747655852583 0.0 132
1747655923567 0.0 133
1747655993940 0.0 134
1747656065087 0.0 135
1747656136214 0.0 136
1747656206891 0.0 137
1747656278298 0.0 138
1747656348740 0.0 139
1747656419892 0.0 140
1747656490794 0.0 141
1747656561445 0.0 142
1747656633134 0.0 143
1747656703498 0.0 144
1747656774594 0.0 145
1747656845450 0.0 146
1747656916233 0.0 147
1747656987664 0.0 148
1747657058108 0.0 149
1747657129115 0.0 150
1747657199635 0.0 151
1747657270491 0.0 152
1747657341670 0.0 153
1747657411772 0.0 154
1747657483043 0.0 155
1747657553584 0.0 156
1747657624805 0.0 157
1747657695925 0.0 158
1747657766294 0.0 159
1747657837512 0.0 160
1747657907979 0.0 161
1747657979201 0.0 162
1747658050148 0.0 163
1747658120062 0.0 164
1747658191291 0.0 165
1747658261900 0.0 166
1747658333456 0.0 167
1747658404397 0.0 168
1747658474467 0.0 169
1747658545626 0.0 170
1747658616282 0.0 171
1747658688012 0.0 172
1747658758709 0.0 173
1747658829073 0.0 174
1747658899917 0.0 175
1747658970465 0.0 176
1747659042178 0.0 177
1747659112770 0.0 178
1747659183858 0.0 179
1747659254633 0.0 180
1747659325001 0.0 181
1747659396751 0.0 182
1747659467491 0.0 183
1747659538157 0.0 184
1747659608897 0.0 185
1747659679173 0.0 186
1747659750840 0.0 187
1747659821405 0.0 188
1747659892556 0.0 189
1747659963191 0.0 190
1747660033725 0.0 191
1747660105304 0.0 192
1747660175779 0.0 193
1747660247288 0.0 194
1747660317771 0.0 195
1747660388437 0.0 196
1747660459806 0.0 197
1747660530336 0.0 198
1747660601545 0.0 199
1747660671998 0.0 200
1747660742621 0.0 201
1747660813750 0.0 202
1747660884072 0.0 203
1747660955342 0.0 204
1747661025969 0.0 205
1747661096844 0.0 206
1747661167612 0.0 207
1747661238075 0.0 208
1747661309690 0.0 209
1747661380241 0.0 210
1747661451442 0.0 211
1747661522103 0.0 212
1747661592822 0.0 213
1747661664216 0.0 214
1747661734661 0.0 215
1747661806023 0.0 216
1747661876540 0.0 217
1747661947623 0.0 218
1747662018855 0.0 219
1747662089170 0.0 220
1747662160614 0.0 221
1747662231140 0.0 222
1747662302354 0.0 223
1747662373036 0.0 224
1747662443250 0.0 225
1747662514645 0.0 226
1747662585185 0.0 227
1747662656545 0.0 228
1747662727251 0.0 229
1747662797450 0.0 230
1747662868879 0.0 231
1747662939375 0.0 232
1747663010980 0.0 233
1747663081778 0.0 234
1747663152377 0.0 235
1747663223648 0.0 236
1747663294220 0.0 237
1747663366075 0.0 238
1747663436830 0.0 239
1747663507500 0.0 240
1747663578266 0.0 241
1747663648733 0.0 242
1747663720526 0.0 243
1747663791082 0.0 244
1747663861735 0.0 245
1747663932407 0.0 246
1747664002857 0.0 247
1747664074521 0.0 248
1747664145103 0.0 249
1747664216096 0.0 250
1747664286675 0.0 251
1747664357093 0.0 252
1747664428631 0.0 253
1747664499288 0.0 254
1747664570488 0.0 255
1747664641028 0.0 256
1747664711586 0.0 257
1747664782933 0.0 258
1747664853377 0.0 259
1747664924699 0.0 260
1747664995079 0.0 261
1747665065859 0.0 262
1747665136983 0.0 263
1747665207564 0.0 264
1747665279079 0.0 265
1747665349584 0.0 266
1747665420391 0.0 267
1747665491257 0.0 268
1747665561774 0.0 269
1747665633188 0.0 270
1747665703621 0.0 271
1747665774665 0.0 272
1747665845368 0.0 273
1747665916022 0.0 274
1747665987671 0.0 275
1747666057943 0.0 276
1747666129222 0.0 277
1747666199840 0.0 278
1747666270635 0.0 279
1747666341857 0.0 280
1747666412153 0.0 281
1747666483442 0.0 282
1747666553834 0.0 283
1747666624973 0.0 284
1747666695855 0.0 285
1747666766281 0.0 286
1747666838645 0.0 287
1747666910019 0.0 288
1747666981207 0.0 289
1747667051919 0.0 290
1747667121751 0.0 291
1747667192825 0.0 292
1747667263533 0.0 293
1747667334849 0.0 294
1747667405494 0.0 295
1747667475373 0.0 296
1747667546269 0.0 297
1747667617152 0.0 298
1747667688507 0.0 299
1747667759152 0.0 300
1747667829105 0.0 301
1747667899910 0.0 302
1747667970647 0.0 303
1747668042116 0.0 304
1747668112739 0.0 305
1747668182611 0.0 306
1747668253316 0.0 307
1747668323945 0.0 308
1747668395662 0.0 309
1747668466517 0.0 310
1747668536631 0.0 311
1747668607471 0.0 312
1747668677898 0.0 313
1747668749572 0.0 314
1747668820203 0.0 315
1747668890743 0.0 316
1747668961392 0.0 317
1747669031962 0.0 318
1747669103623 0.0 319
1747669174239 0.0 320
1747669244493 0.0 321
1747669315180 0.0 322
1747669385874 0.0 323
1747669457408 0.0 324
1747669527742 0.0 325
1747669598241 0.0 326
1747669668854 0.0 327
1747669739458 0.0 328
1747669810581 0.0 329
1747669880992 0.0 330
1747669951793 0.0 331
1747670022371 0.0 332
1747670093460 0.0 333
1747670164443 0.0 334
1747670235115 0.0 335
1747670306169 0.0 336
1747670376721 0.0 337
1747670447685 0.0 338
1747670518336 0.0 339
1747670589259 0.0 340
1747670660516 0.0 341
1747670730724 0.0 342
1747670802075 0.0 343
1747670872792 0.0 344
1747670943854 0.0 345
1747671014850 0.0 346
1747671084889 0.0 347
1747671156318 0.0 348
1747671226876 0.0 349
1747671298367 0.0 350
1747671369192 0.0 351
1747671439626 0.0 352
1747671510861 0.0 353
1747671581553 0.0 354
1747671653104 0.0 355
1747671724030 0.0 356
1747671794383 0.0 357
1747671865516 0.0 358
1747671936107 0.0 359
1747672007904 0.0 360
1747672078602 0.0 361
1747672148953 0.0 362
1747672220035 0.0 363
1747672290699 0.0 364
1747672362507 0.0 365
1747672433390 0.0 366
1747672504072 0.0 367
1747672574913 0.0 368
1747672645510 0.0 369
1747672717350 0.0 370
1747672788084 0.0 371
1747672859139 0.0 372
1747672929724 0.0 373
1747673000195 0.0 374
1747673072038 0.0 375
1747673142733 0.0 376
1747673213588 0.0 377
1747673284237 0.0 378
1747673354817 0.0 379
1747673426495 0.0 380
1747673497129 0.0 381
1747673568108 0.0 382
1747673638699 0.0 383
1747673709471 0.0 384
1747673780844 0.0 385
1747673851496 0.0 386
1747673923034 0.0 387
1747673993885 0.0 388
1747674064777 0.0 389
1747674136057 0.0 390
1747674206660 0.0 391
1747674278322 0.0 392
1747674349007 0.0 393
1747674420060 0.0 394
1747674491061 0.0 395
1747674561750 0.0 396
1747674633188 0.0 397
1747674703840 0.0 398
1747674775049 0.0 399
1747674845825 0.0 400
1747674916602 0.0 401
1747674987956 0.0 402
1747675058434 0.0 403
1747675129554 0.0 404
1747675200251 0.0 405
1747675271287 0.0 406
1747675342657 0.0 407
1747675413154 0.0 408
1747675484205 0.0 409
1747675554773 0.0 410
1747675626022 0.0 411
1747675697131 0.0 412
1747675767339 0.0 413
1747675838574 0.0 414
1747675909346 0.0 415
1747675980758 0.0 416
1747676051752 0.0 417
1747676121728 0.0 418
1747676193208 0.0 419
1747676263939 0.0 420
1747676335503 0.0 421
1747676406359 0.0 422
1747676476681 0.0 423
1747676547892 0.0 424
1747676618709 0.0 425
1747676690395 0.0 426
1747676761174 0.0 427
1747676831473 0.0 428
1747676902483 0.0 429
1747676973151 0.0 430
1747677044870 0.0 431
1747677115616 0.0 432
1747677186136 0.0 433
1747677257059 0.0 434
1747677327503 0.0 435
1747677399285 0.0 436
1747677470122 0.0 437
1747677540721 0.0 438
1747677611576 0.0 439
1747677682106 0.0 440
1747677753797 0.0 441
1747677824619 0.0 442
1747677895401 0.0 443
1747677966060 0.0 444
1747678036796 0.0 445
1747678108551 0.0 446
1747678179329 0.0 447
1747678250573 0.0 448
1747678321179 0.0 449
1747678391815 0.0 450
1747678463408 0.0 451
1747678534039 0.0 452
1747678605207 0.0 453
1747678675949 0.0 454
1747678746513 0.0 455
1747678818037 0.0 456
1747678888651 0.0 457
1747678959637 0.0 458
1747679030198 0.0 459
1747679100872 0.0 460
1747679172059 0.0 461
1747679242737 0.0 462
1747679313857 0.0 463
1747679384273 0.0 464
1747679455284 0.0 465
1747679526381 0.0 466
1747679596946 0.0 467
1747679668392 0.0 468
1747679738948 0.0 469
1747679810075 0.0 470
1747679880939 0.0 471
1747679951748 0.0 472
1747680022732 0.0 473
1747680093186 0.0 474
1747680164403 0.0 475
1747680235098 0.0 476
1747680306350 0.0 477
1747680377488 0.0 478
1747680447811 0.0 479
1747680519118 0.0 480
1747680589816 0.0 481
1747680661072 0.0 482
1747680731898 0.0 483
1747680802158 0.0 484
1747680873371 0.0 485
1747680944210 0.0 486
1747681015617 0.0 487
1747681086482 0.0 488
1747681156590 0.0 489
1747681227542 0.0 490
1747681298207 0.0 491
1747681369909 0.0 492
1747681440559 0.0 493
1747681510814 0.0 494
1747681581612 0.0 495
1747681652298 0.0 496
1747681724141 0.0 497
1747681794839 0.0 498
1747681865061 0.0 499
