1747646516483 0.6814442873001099 0
1747646587837 0.6812729835510254 1
1747646658600 0.6945009231567383 2
1747646729199 0.6900189518928528 3
1747646800554 0.6931647658348083 4
1747646871016 0.6990904211997986 5
1747646940665 0.7063997983932495 6
1747647011045 0.6929143071174622 7
1747647081540 0.6932894587516785 8
1747647152372 0.6993212699890137 9
1747647222555 0.6913432478904724 10
1747647292649 0.6922557950019836 11
1747647363007 0.6893078684806824 12
1747647433437 0.6940232515335083 13
1747647504888 0.6950263381004333 14
1747647575330 0.6932535767555237 15
1747647646095 0.695693850517273 16
1747647716535 0.6934182643890381 17
1747647787024 0.6957008838653564 18
1747647858252 0.6941927075386047 19
1747647928529 0.7006179690361023 20
1747647999230 0.6969274282455444 21
1747648069952 0.6980979442596436 22
1747648140548 0.6976577043533325 23
1747648211499 0.697407603263855 24
1747648281712 0.6942740678787231 25
1747648352530 0.6960133910179138 26
1747648422894 0.696412980556488 27
1747648493775 0.6969360113143921 28
1747648564585 0.6936076879501343 29
1747648635278 0.6902641654014587 30
1747648706213 0.6946004629135132 31
1747648776300 0.69681316614151 32
1747648847139 0.6969872117042542 33
1747648917640 0.6943715810775757 34
1747648988384 0.6957702040672302 35
1747649059430 0.6956819891929626 36
1747649129429 0.6959778070449829 37
1747649200340 0.6952219605445862 38
1747649270820 0.7000668048858643 39
1747649341823 0.7009575963020325 40
1747649412389 0.6973199844360352 41
1747649482328 0.6926395297050476 42
1747649553189 0.696022093296051 43
1747649623834 0.6962869763374329 44
1747649694997 0.6941168904304504 45
1747649765506 0.6945406198501587 46
1747649835130 0.6940340399742126 47
1747649905820 0.694951057434082 48
1747649976349 0.6942983269691467 49
1747650047615 0.6964287161827087 50
1747650118117 0.6944485902786255 51
1747650188115 0.6958754658699036 52
1747650258743 0.6962730288505554 53
1747650329256 0.6958025693893433 54
1747650400747 0.6964186429977417 55
1747650471432 0.6950780749320984 56
1747650541715 0.6946277022361755 57
1747650612574 0.6947625875473022 58
1747650682795 0.6962142586708069 59
1747650754396 0.6995006799697876 60
1747650824896 0.6950032114982605 61
1747650895653 0.6947909593582153 62
1747650966085 0.6937901377677917 63
1747651036466 0.6953301429748535 64
1747651108049 0.698876142501831 65
1747651178575 0.6951377987861633 66
1747651249600 0.694046139717102 67
1747651320011 0.6959190368652344 68
1747651390628 0.6961288452148438 69
1747651461732 0.6947246193885803 70
1747651532196 0.6950098276138306 71
1747651603049 0.696122944355011 72
1747651673460 0.6989974975585938 73
1747651743962 0.6960170269012451 74
1747651814902 0.6957354545593262 75
1747651885277 0.6941981911659241 76
1747651956561 0.6955296993255615 77
1747652027244 0.6967060565948486 78
1747652097881 0.6962557435035706 79
1747652168630 0.693536102771759 80
1747652239144 0.6957029700279236 81
1747652310525 0.696074903011322 82
1747652380777 0.6970140933990479 83
1747652451809 0.6977148652076721 84
1747652522688 0.6954498887062073 85
1747652593444 0.6943355798721313 86
1747652664731 0.6956347823143005 87
1747652735013 0.696904182434082 88
1747652806471 0.6952470541000366 89
1747652876965 0.6965044140815735 90
1747652947930 0.6943749785423279 91
1747653019221 0.6934792399406433 92
1747653089743 0.6957148909568787 93
1747653160882 0.6952890157699585 94
1747653231443 0.6948774456977844 95
1747653302624 0.6969119906425476 96
1747653373453 0.696164071559906 97
1747653443388 0.6951786279678345 98
1747653514551 0.6957795023918152 99
1747653585105 0.6953586339950562 100
1747653656503 0.6958783864974976 101
1747653727706 0.6942289471626282 102
1747653797880 0.6964365243911743 103
1747653869477 0.6964271068572998 104
1747653940183 0.6958221197128296 105
1747654011847 0.6952888369560242 106
1747654082453 0.6939252018928528 107
1747654152781 0.694586455821991 108
1747654223659 0.6959651708602905 109
1747654294214 0.6947518587112427 110
1747654365946 0.6943750381469727 111
1747654436651 0.6962152123451233 112
1747654506904 0.6960890889167786 113
1747654577538 0.6951875686645508 114
1747654648063 0.6950433850288391 115
1747654719745 0.6953590512275696 116
1747654790498 0.6972901225090027 117
1747654860940 0.6961350440979004 118
1747654931843 0.69534832239151 119
1747655002353 0.6937523484230042 120
1747655074124 0.6931461095809937 121
1747655144706 0.6953410506248474 122
1747655215667 0.6959961652755737 123
1747655286257 0.6947820782661438 124
1747655356741 0.695831835269928 125
1747655428297 0.6958006024360657 126
1747655498969 0.6953049302101135 127
1747655569961 0.6954004764556885 128
1747655640208 0.6945986747741699 129
1747655710641 0.6948740482330322 130
1747655781953 0.6955943703651428 131
1747655852581 0.6952704191207886 132
1747655923565 0.6945402026176453 133
1747655993938 0.6955110430717468 134
1747656065085 0.6944441795349121 135
1747656136212 0.6962785720825195 136
1747656206889 0.6970484256744385 137
1747656278295 0.6948867440223694 138
1747656348738 0.6966875195503235 139
1747656419890 0.694155752658844 140
1747656490791 0.6967580318450928 141
1747656561443 0.6964967846870422 142
1747656633132 0.6957489252090454 143
1747656703496 0.6954760551452637 144
1747656774592 0.6931720972061157 145
1747656845446 0.6957547068595886 146
1747656916231 0.695198655128479 147
1747656987662 0.6958585381507874 148
1747657058106 0.6979853510856628 149
1747657129113 0.6945809125900269 150
1747657199635 0.6946154832839966 151
1747657270491 0.6965072154998779 152
1747657341666 0.6955580711364746 153
1747657411770 0.6949794888496399 154
1747657483039 0.695213794708252 155
1747657553582 0.6946360468864441 156
1747657624805 0.6836809515953064 157
1747657695923 0.6953226923942566 158
1747657766292 0.6959170699119568 159
1747657837508 0.6960946321487427 160
1747657907978 0.6959866881370544 161
1747657979201 0.6972446441650391 162
1747658050146 0.6960240006446838 163
1747658120062 0.6959190368652344 164
1747658191288 0.6939730644226074 165
1747658261898 0.6940219402313232 166
1747658333454 0.695261538028717 167
1747658404395 0.6955225467681885 168
1747658474465 0.6956304907798767 169
1747658545624 0.6947799324989319 170
1747658616280 0.6962549686431885 171
1747658688012 0.6957131028175354 172
1747658758709 0.6955021619796753 173
1747658829073 0.6952691078186035 174
1747658899915 0.6964918375015259 175
1747658970463 0.6958451867103577 176
1747659042177 0.6954858303070068 177
1747659112768 0.6954447627067566 178
1747659183856 0.6956996321678162 179
1747659254631 0.6951461434364319 180
1747659324997 0.6951447129249573 181
1747659396750 0.6945241093635559 182
1747659467489 0.6959876418113708 183
1747659538155 0.6954187154769897 184
1747659608895 0.6949694156646729 185
1747659679171 0.694800078868866 186
1747659750838 0.6953510046005249 187
1747659821403 0.6959347128868103 188
1747659892554 0.6959932446479797 189
1747659963191 0.6942903995513916 190
1747660033723 0.695349931716919 191
1747660105302 0.6952082514762878 192
1747660175779 0.6946057081222534 193
1747660247288 0.6943628787994385 194
1747660317767 0.6950826644897461 195
1747660388433 0.6954967379570007 196
1747660459804 0.6954858899116516 197
1747660530334 0.6955069899559021 198
1747660601541 0.6960146427154541 199
1747660671996 0.6948801279067993 200
1747660742621 0.6959388852119446 201
1747660813748 0.6958377361297607 202
1747660884070 0.6955562233924866 203
1747660955340 0.6950852870941162 204
1747661025967 0.6961044669151306 205
1747661096844 0.6973314881324768 206
1747661167612 0.6954957246780396 207
1747661238073 0.6977014541625977 208
1747661309688 0.6951093077659607 209
1747661380239 0.6960610151290894 210
1747661451442 0.6959099173545837 211
1747661522101 0.6950958371162415 212
1747661592822 0.6953425407409668 213
1747661664214 0.695540726184845 214
1747661734657 0.695530354976654 215
1747661806021 0.6963118314743042 216
1747661876538 0.6966175436973572 217
1747661947621 0.6948532462120056 218
1747662018853 0.6951385140419006 219
1747662089167 0.6956767439842224 220
1747662160612 0.6956015825271606 221
1747662231140 0.6957510709762573 222
1747662302352 0.6952565908432007 223
1747662373034 0.695921003818512 224
1747662443250 0.6954739093780518 225
1747662514643 0.6956983208656311 226
1747662585183 0.6956034898757935 227
1747662656545 0.6938580274581909 228
1747662727249 0.6958441734313965 229
1747662797448 0.6961815357208252 230
1747662868876 0.6962117552757263 231
1747662939373 0.6962889432907104 232
1747663010977 0.6948495507240295 233
1747663081774 0.6953587532043457 234
1747663152373 0.6961239576339722 235
1747663223646 0.6946654319763184 236
1747663294220 0.6942579746246338 237
1747663366073 0.6951541304588318 238
1747663436830 0.6949019432067871 239
1747663507498 0.695091187953949 240
1747663578264 0.6966404914855957 241
1747663648731 0.695492148399353 242
1747663720524 0.6954962611198425 243
1747663791082 0.695672869682312 244
1747663861732 0.695631206035614 245
1747663932405 0.6955946683883667 246
1747664002855 0.6955551505088806 247
1747664074519 0.6950373649597168 248
1747664145103 0.696025550365448 249
1747664216094 0.6958957314491272 250
1747664286673 0.6960949897766113 251
1747664357093 0.6949267983436584 252
1747664428631 0.6961730718612671 253
1747664499286 0.6967179775238037 254
1747664570488 0.6964486241340637 255
1747664641025 0.6951620578765869 256
1747664711585 0.6955215930938721 257
1747664782929 0.6962683796882629 258
1747664853375 0.6968342065811157 259
1747664924697 0.6950494647026062 260
1747664995077 0.6941182017326355 261
1747665065859 0.6956261992454529 262
1747665136981 0.6949387192726135 263
1747665207562 0.6962774395942688 264
1747665279077 0.6953024864196777 265
1747665349581 0.6963645219802856 266
1747665420389 0.6958056092262268 267
1747665491255 0.6955188512802124 268
1747665561772 0.6965537667274475 269
1747665633186 0.6965242624282837 270
1747665703619 0.695353090763092 271
1747665774663 0.6944800019264221 272
1747665845366 0.694694995880127 273
1747665916022 0.6953169703483582 274
1747665987669 0.6976425051689148 275
1747666057943 0.6967568397521973 276
1747666129220 0.6968430280685425 277
1747666199836 0.6977944374084473 278
1747666270633 0.6952663660049438 279
1747666341855 0.6949149966239929 280
1747666412151 0.6955074071884155 281
1747666483441 0.6948363184928894 282
1747666553832 0.6961069107055664 283
1747666624971 0.6955776214599609 284
1747666695853 0.6962102055549622 285
1747666766279 0.6957271099090576 286
1747666838643 0.6958894729614258 287
1747666910017 0.6952970623970032 288
1747666981205 0.6953946352005005 289
1747667051919 0.6951624751091003 290
1747667121749 0.6967774629592896 291
1747667192823 0.6962181925773621 292
1747667263531 0.6958284974098206 293
1747667334846 0.6955124735832214 294
1747667405492 0.6953526139259338 295
1747667475369 0.6970871686935425 296
1747667546269 0.6977810859680176 297
1747667617152 0.695264458656311 298
1747667688505 0.6954798698425293 299
1747667759150 0.696037769317627 300
1747667829101 0.6959508657455444 301
1747667899908 0.6953449845314026 302
1747667970647 0.6953111290931702 303
1747668042115 0.6944639682769775 304
1747668112737 0.6965711116790771 305
1747668182609 0.6951088309288025 306
1747668253314 0.6949673295021057 307
1747668323943 0.6952858567237854 308
1747668395660 0.6957322955131531 309
1747668466515 0.6953898072242737 310
1747668536629 0.6949449181556702 311
1747668607471 0.6956181526184082 312
1747668677896 0.6959576606750488 313
1747668749571 0.6953917145729065 314
1747668820202 0.6959280967712402 315
1747668890741 0.6954139471054077 316
1747668961390 0.6953600645065308 317
1747669031960 0.6952815651893616 318
1747669103621 0.6944499015808105 319
1747669174237 0.6959720849990845 320
1747669244493 0.6965324282646179 321
1747669315178 0.6946582198143005 322
1747669385872 0.6952698230743408 323
1747669457406 0.6952059268951416 324
1747669527742 0.6951456069946289 325
1747669598239 0.696264386177063 326
1747669668852 0.6963300108909607 327
1747669739456 0.6957823634147644 328
1747669810579 0.6965731978416443 329
1747669880992 0.696276843547821 330
1747669951791 0.6958044767379761 331
1747670022369 0.6964085102081299 332
1747670093458 0.6954277157783508 333
1747670164442 0.6962002515792847 334
1747670235113 0.6957887411117554 335
1747670306169 0.6961952447891235 336
1747670376719 0.6956172585487366 337
1747670447684 0.695605456829071 338
1747670518334 0.6961649060249329 339
1747670589259 0.6950421333312988 340
1747670660516 0.6953273415565491 341
1747670730722 0.6954662203788757 342
1747670802071 0.6964030861854553 343
1747670872792 0.6951394081115723 344
1747670943853 0.694108247756958 345
1747671014848 0.6953195929527283 346
1747671084887 0.6966347694396973 347
1747671156316 0.6960665583610535 348
1747671226875 0.6952064037322998 349
1747671298367 0.6949062943458557 350
1747671369192 0.6951533555984497 351
1747671439624 0.6951364874839783 352
1747671510859 0.6961156129837036 353
1747671581551 0.6959798336029053 354
1747671653102 0.6953286528587341 355
1747671724028 0.6957993507385254 356
1747671794381 0.6957358121871948 357
1747671865513 0.6953555941581726 358
1747671936107 0.6962541937828064 359
1747672007902 0.6942503452301025 360
1747672078600 0.6959900259971619 361
1747672148951 0.6945626735687256 362
1747672220035 0.6950103640556335 363
1747672290697 0.6967479586601257 364
1747672362505 0.6942987442016602 365
1747672433388 0.6951207518577576 366
1747672504072 0.6954031586647034 367
1747672574911 0.6949800252914429 368
1747672645506 0.6954077482223511 369
1747672717348 0.696008563041687 370
1747672788082 0.6950336694717407 371
1747672859137 0.6957272291183472 372
1747672929722 0.6964070796966553 373
1747673000193 0.6955552101135254 374
1747673072038 0.6958635449409485 375
1747673142731 0.6958349347114563 376
1747673213586 0.6957632899284363 377
1747673284233 0.6947911381721497 378
1747673354816 0.6952192187309265 379
1747673426493 0.6950660943984985 380
1747673497129 0.6949459314346313 381
1747673568106 0.6957799196243286 382
1747673638699 0.6950517892837524 383
1747673709469 0.6952524781227112 384
1747673780842 0.6961913704872131 385
1747673851494 0.6968740224838257 386
1747673923034 0.6964780688285828 387
1747673993883 0.6956804394721985 388
1747674064775 0.6963571906089783 389
1747674136054 0.6954565644264221 390
1747674206656 0.6960811018943787 391
1747674278320 0.6951895356178284 392
1747674349005 0.6950451731681824 393
1747674420058 0.695561945438385 394
1747674491059 0.6949915289878845 395
1747674561747 0.695274293422699 396
1747674633186 0.6961287260055542 397
1747674703838 0.6961648464202881 398
1747674775047 0.6948968768119812 399
1747674845823 0.6960120797157288 400
1747674916602 0.6957863569259644 401
1747674987954 0.6954221129417419 402
1747675058432 0.6958897709846497 403
1747675129553 0.6956211924552917 404
1747675200249 0.6958065032958984 405
1747675271287 0.6963130831718445 406
1747675342653 0.6962156295776367 407
1747675413152 0.6957080960273743 408
1747675484203 0.6953248381614685 409
1747675554773 0.6952130794525146 410
1747675626020 0.6961523294448853 411
1747675697129 0.6963008642196655 412
1747675767337 0.6956875324249268 413
1747675838572 0.696358859539032 414
1747675909344 0.6950485706329346 415
1747675980756 0.6956826448440552 416
1747676051750 0.6960077881813049 417
1747676121726 0.6955520510673523 418
1747676193206 0.6958218812942505 419
1747676263937 0.6957300901412964 420
1747676335503 0.695627748966217 421
1747676406355 0.6960825324058533 422
1747676476679 0.6949650645256042 423
1747676547890 0.6952502727508545 424
1747676618707 0.6964165568351746 425
1747676690393 0.6956622004508972 426
1747676761172 0.696617603302002 427
1747676831469 0.6937752962112427 428
1747676902482 0.6952632069587708 429
1747676973149 0.694819986820221 430
1747677044868 0.6964678168296814 431
1747677115614 0.6956291794776917 432
1747677186136 0.6948661208152771 433
1747677257059 0.695263683795929 434
1747677327503 0.6949997544288635 435
1747677399283 0.6962212324142456 436
1747677470120 0.6954435706138611 437
1747677540719 0.6953272223472595 438
1747677611576 0.6956074833869934 439
1747677682104 0.6954134702682495 440
1747677753797 0.6961435675621033 441
1747677824619 0.6958754658699036 442
1747677895399 0.6964468359947205 443
1747677966058 0.6947385668754578 444
1747678036794 0.6963544487953186 445
1747678108548 0.6970822215080261 446
1747678179327 0.6956030130386353 447
1747678250571 0.6951348781585693 448
1747678321177 0.6955105662345886 449
1747678391815 0.6969775557518005 450
1747678463406 0.695380687713623 451
1747678534039 0.6946337223052979 452
1747678605205 0.6960200071334839 453
1747678675947 0.6948084235191345 454
1747678746512 0.69521164894104 455
1747678818036 0.6958912014961243 456
1747678888651 0.6966293454170227 457
1747678959635 0.696019172668457 458
1747679030196 0.6970342993736267 459
1747679100870 0.6946980953216553 460
1747679172059 0.6957134008407593 461
1747679242735 0.6946259140968323 462
1747679313855 0.6959787607192993 463
1747679384271 0.6946200728416443 464
1747679455282 0.6957423090934753 465
1747679526381 0.6959983706474304 466
1747679596944 0.6961622834205627 467
1747679668391 0.6955428123474121 468
1747679738946 0.6946263313293457 469
1747679810071 0.6962875127792358 470
1747679880937 0.6957913041114807 471
1747679951747 0.6952887177467346 472
1747680022730 0.6963310241699219 473
1747680093182 0.696024477481842 474
1747680164401 0.6959548592567444 475
1747680235096 0.6950918436050415 476
1747680306348 0.6955958604812622 477
1747680377486 0.6949707269668579 478
1747680447809 0.6961235404014587 479
1747680519117 0.6960182189941406 480
1747680589814 0.695350706577301 481
1747680661072 0.6966138482093811 482
1747680731896 0.6953299641609192 483
1747680802156 0.6954311728477478 484
1747680873370 0.6955622434616089 485
1747680944208 0.6951970458030701 486
1747681015617 0.6962262392044067 487
1747681086481 0.6950534582138062 488
1747681156588 0.6943789124488831 489
1747681227540 0.6952083110809326 490
1747681298205 0.6952545046806335 491
1747681369907 0.6953253149986267 492
1747681440557 0.6958641409873962 493
1747681510812 0.696495771408081 494
1747681581612 0.6964413523674011 495
1747681652296 0.6952234506607056 496
1747681724139 0.696029782295227 497
1747681794837 0.6952708959579468 498
1747681865060 0.6949765086174011 499
