1747646516482 0.8067991733551025 0
1747646587834 0.806717038154602 1
1747646658598 0.7879809141159058 2
1747646729197 0.804040789604187 3
1747646800552 0.7798480987548828 4
1747646871014 0.7840753793716431 5
1747646940663 0.7754595875740051 6
1747647011042 0.7849006056785583 7
1747647081536 0.790757954120636 8
1747647152370 0.79737788438797 9
1747647222553 0.7888063192367554 10
1747647292647 0.7993246912956238 11
1747647363005 0.7929399609565735 12
1747647433435 0.7958823442459106 13
1747647504886 0.7829093337059021 14
1747647575328 0.7939730286598206 15
1747647646093 0.7849257588386536 16
1747647716532 0.7900210618972778 17
1747647787022 0.7853162288665771 18
1747647858250 0.7963406443595886 19
1747647928527 0.7831741571426392 20
1747647999228 0.7937083840370178 21
1747648069947 0.7879210710525513 22
1747648140544 0.7930058836936951 23
1747648211497 0.7926476001739502 24
1747648281708 0.793714702129364 25
1747648352526 0.7804905772209167 26
1747648422892 0.7825974822044373 27
1747648493771 0.7849724292755127 28
1747648564583 0.7777685523033142 29
1747648635276 0.7904769778251648 30
1747648706211 0.7855189442634583 31
1747648776300 0.7821946740150452 32
1747648847137 0.7856220006942749 33
1747648917636 0.7833274602890015 34
1747648988382 0.7883623838424683 35
1747649059428 0.7820290327072144 36
1747649129427 0.7850342988967896 37
1747649200339 0.7950649857521057 38
1747649270817 0.7790278792381287 39
1747649341821 0.7782228589057922 40
1747649412385 0.7866224646568298 41
1747649482324 0.778895914554596 42
1747649553187 0.7866927981376648 43
1747649623831 0.7804534435272217 44
1747649694995 0.794035017490387 45
1747649765504 0.7863434553146362 46
1747649835128 0.7867996692657471 47
1747649905816 0.7831568121910095 48
1747649976348 0.7840282320976257 49
1747650047613 0.7820277214050293 50
1747650118115 0.7875033617019653 51
1747650188113 0.7901075482368469 52
1747650258741 0.7884267568588257 53
1747650329254 0.7917336225509644 54
1747650400746 0.7869305610656738 55
1747650471430 0.7945760488510132 56
1747650541715 0.7947077751159668 57
1747650612572 0.7986361980438232 58
1747650682791 0.7986067533493042 59
1747650754394 0.7892187833786011 60
1747650824894 0.7809122204780579 61
1747650895651 0.7780644297599792 62
1747650966085 0.7828248739242554 63
1747651036462 0.7740995287895203 64
1747651108047 0.7821218967437744 65
1747651178574 0.786281943321228 66
1747651249597 0.7847104072570801 67
1747651320009 0.7974003553390503 68
1747651390626 0.7899570465087891 69
1747651461730 0.7825440168380737 70
1747651532196 0.7813873887062073 71
1747651603047 0.7770677208900452 72
1747651673458 0.7745261788368225 73
1747651743960 0.7779715061187744 74
1747651814902 0.7882854342460632 75
1747651885275 0.7873369455337524 76
1747651956559 0.7812116146087646 77
1747652027242 0.7943540215492249 78
1747652097877 0.7864214181900024 79
1747652168628 0.7938116192817688 80
1747652239142 0.784019947052002 81
1747652310524 0.7869550585746765 82
1747652380775 0.7834334373474121 83
1747652451805 0.7862107753753662 84
1747652522686 0.7985992431640625 85
1747652593440 0.7938496470451355 86
1747652664729 0.7812581658363342 87
1747652735011 0.777927577495575 88
1747652806468 0.7835276126861572 89
1747652876961 0.7984187602996826 90
1747652947928 0.7850134968757629 91
1747653019219 0.7851420044898987 92
1747653089741 0.792023777961731 93
1747653160880 0.790194571018219 94
1747653231441 0.791718602180481 95
1747653302621 0.7847709059715271 96
1747653373449 0.7870020866394043 97
1747653443386 0.7784716486930847 98
1747653514550 0.7822575569152832 99
1747653585103 0.7871344685554504 100
1747653656501 0.7851051092147827 101
1747653727704 0.7956117391586304 102
1747653797878 0.7871490120887756 103
1747653869476 0.7840873003005981 104
1747653940179 0.7845674157142639 105
1747654011843 0.7877491116523743 106
1747654082451 0.7797123193740845 107
1747654152779 0.790643572807312 108
1747654223657 0.7764889597892761 109
1747654294210 0.7779158353805542 110
1747654365942 0.7836986184120178 111
1747654436649 0.7838338017463684 112
1747654506900 0.7996582984924316 113
1747654577536 0.7814445495605469 114
1747654648061 0.7999659776687622 115
1747654719741 0.7893584370613098 116
1747654790496 0.7856931686401367 117
1747654860936 0.7869102954864502 118
1747654931839 0.7785405516624451 119
1747655002349 0.7872953414916992 120
1747655074124 0.7926767468452454 121
1747655144704 0.7782611846923828 122
1747655215665 0.7782518863677979 123
1747655286255 0.776898980140686 124
1747655356739 0.7930182218551636 125
1747655428293 0.7880939841270447 126
1747655498967 0.7782462239265442 127
1747655569959 0.7834304571151733 128
1747655640206 0.7852525115013123 129
1747655710639 0.7944363951683044 130
1747655781951 0.7908596396446228 131
1747655852578 0.79713374376297 132
1747655923561 0.788047730922699 133
1747655993936 0.7888427376747131 134
1747656065083 0.7824171781539917 135
1747656136212 0.7887424230575562 136
1747656206887 0.7856166362762451 137
1747656278291 0.7812970876693726 138
1747656348737 0.7806959748268127 139
1747656419890 0.7969455122947693 140
1747656490791 0.7804422974586487 141
1747656561441 0.7826619148254395 142
1747656633132 0.7863476276397705 143
1747656703492 0.7832098603248596 144
1747656774591 0.790754497051239 145
1747656845444 0.7807360887527466 146
1747656916229 0.7954931259155273 147
1747656987660 0.7856150269508362 148
1747657058104 0.7803949117660522 149
1747657129111 0.7942354679107666 150
1747657199633 0.7925320267677307 151
1747657270489 0.7805144190788269 152
1747657341664 0.7850258946418762 153
1747657411768 0.7876642942428589 154
1747657483037 0.7845662236213684 155
1747657553578 0.7808882594108582 156
1747657624803 0.792809247970581 157
1747657695921 0.7802095413208008 158
1747657766288 0.7726517915725708 159
1747657837506 0.7843453884124756 160
1747657907976 0.7820353507995605 161
1747657979199 0.7788280844688416 162
1747658050144 0.7841152548789978 163
1747658120060 0.7888048887252808 164
1747658191288 0.7912723422050476 165
1747658261894 0.8017660975456238 166
1747658333452 0.7803466320037842 167
1747658404393 0.7825263142585754 168
1747658474463 0.7799649834632874 169
1747658545622 0.7906263470649719 170
1747658616278 0.782134473323822 171
1747658688010 0.7877991199493408 172
1747658758707 0.7894785404205322 173
1747658829069 0.7874800562858582 174
1747658899911 0.7825130224227905 175
1747658970461 0.7973206043243408 176
1747659042175 0.7895206212997437 177
1747659112764 0.7782167196273804 178
1747659183852 0.7846788167953491 179
1747659254629 0.7835045456886292 180
1747659324995 0.787036120891571 181
1747659396748 0.7962850332260132 182
1747659467485 0.7853662967681885 183
1747659538153 0.7884963750839233 184
1747659608895 0.787118136882782 185
1747659679169 0.784336507320404 186
1747659750834 0.7875579595565796 187
1747659821401 0.7828623056411743 188
1747659892551 0.7841463088989258 189
1747659963189 0.7969574332237244 190
1747660033723 0.7921122908592224 191
1747660105298 0.7898950576782227 192
1747660175777 0.7805516123771667 193
1747660247286 0.780022144317627 194
1747660317765 0.7806041240692139 195
1747660388431 0.7849453687667847 196
1747660459802 0.7744045257568359 197
1747660530334 0.788551926612854 198
1747660601539 0.7860084176063538 199
1747660671994 0.7837722897529602 200
1747660742619 0.7913039326667786 201
1747660813744 0.7935646772384644 202
1747660884068 0.793225884437561 203
1747660955340 0.7782638072967529 204
1747661025964 0.783184289932251 205
1747661096842 0.7783060073852539 206
1747661167610 0.7855071425437927 207
1747661238071 0.7716890573501587 208
1747661309686 0.7859684228897095 209
1747661380237 0.7932358980178833 210
1747661451440 0.7908428311347961 211
1747661522099 0.7769715785980225 212
1747661592820 0.7961131930351257 213
1747661664210 0.7905845046043396 214
1747661734655 0.7829031348228455 215
1747661806019 0.7901297211647034 216
1747661876536 0.7793906331062317 217
1747661947619 0.7854443788528442 218
1747662018851 0.7792389988899231 219
1747662089164 0.7871904969215393 220
1747662160612 0.7842022180557251 221
1747662231137 0.7903988361358643 222
1747662302352 0.7856504917144775 223
1747662373032 0.7904598712921143 224
1747662443246 0.7882941961288452 225
1747662514643 0.779175877571106 226
1747662585179 0.7939713001251221 227
1747662656543 0.7889018654823303 228
1747662727247 0.7839850187301636 229
1747662797444 0.7833225131034851 230
1747662868873 0.7798439860343933 231
1747662939371 0.7936568260192871 232
1747663010975 0.7869786620140076 233
1747663081772 0.7828699946403503 234
1747663152371 0.7740815877914429 235
1747663223643 0.7889504432678223 236
1747663294219 0.7786520719528198 237
1747663366072 0.7876457571983337 238
1747663436829 0.7867785692214966 239
1747663507496 0.7808933854103088 240
1747663578262 0.7959802746772766 241
1747663648728 0.7890586853027344 242
1747663720522 0.7897111177444458 243
1747663791078 0.7833912372589111 244
1747663861730 0.7849645018577576 245
1747663932405 0.7834786176681519 246
1747664002851 0.783181369304657 247
1747664074517 0.7947407960891724 248
1747664145101 0.7905596494674683 249
1747664216092 0.7828130722045898 250
1747664286671 0.7925373315811157 251
1747664357091 0.789073646068573 252
1747664428629 0.7845785617828369 253
1747664499284 0.7863612174987793 254
1747664570484 0.7848360538482666 255
1747664641023 0.7876141667366028 256
1747664711582 0.7823165059089661 257
1747664782927 0.7809709906578064 258
1747664853371 0.7866441011428833 259
1747664924695 0.7842199802398682 260
1747664995073 0.774258553981781 261
1747665065857 0.7901651859283447 262
1747665136977 0.7840281128883362 263
1747665207562 0.783023476600647 264
1747665279075 0.7773657441139221 265
1747665349581 0.7858551740646362 266
1747665420387 0.7810949087142944 267
1747665491253 0.7846046686172485 268
1747665561772 0.7967320680618286 269
1747665633184 0.783858060836792 270
1747665703619 0.7812532782554626 271
1747665774661 0.7991424798965454 272
1747665845364 0.7901215553283691 273
1747665916020 0.7823742628097534 274
1747665987665 0.781018078327179 275
1747666057941 0.7924662828445435 276
1747666129218 0.7921748161315918 277
1747666199834 0.7771573066711426 278
1747666270631 0.7805222272872925 279
1747666341852 0.801289439201355 280
1747666412151 0.7848746180534363 281
1747666483437 0.7896149754524231 282
1747666553830 0.7839614748954773 283
1747666624970 0.7808959484100342 284
1747666695850 0.7957969307899475 285
1747666766275 0.7816511392593384 286
1747666838641 0.7863905429840088 287
1747666910016 0.7903062105178833 288
1747666981203 0.7874970436096191 289
1747667051917 0.8056333065032959 290
1747667121747 0.789633572101593 291
1747667192819 0.7795792818069458 292
1747667263529 0.7872894406318665 293
1747667334843 0.7898244857788086 294
1747667405490 0.7865104675292969 295
1747667475367 0.7772154808044434 296
1747667546268 0.7890738248825073 297
1747667617150 0.7840285301208496 298
1747667688501 0.7772294282913208 299
1747667759148 0.7917284965515137 300
1747667829099 0.7966888546943665 301
1747667899906 0.780207097530365 302
1747667970645 0.7766822576522827 303
1747668042113 0.7930378913879395 304
1747668112735 0.7824795246124268 305
1747668182607 0.7819310426712036 306
1747668253314 0.7779895663261414 307
1747668323941 0.7754600644111633 308
1747668395656 0.7765610814094543 309
1747668466511 0.7886505126953125 310
1747668536627 0.792719841003418 311
1747668607469 0.788119912147522 312
1747668677894 0.7825286984443665 313
1747668749569 0.7847217321395874 314
1747668820198 0.7882578372955322 315
1747668890740 0.7901917695999146 316
1747668961388 0.7778515815734863 317
1747669031958 0.785454273223877 318
1747669103619 0.7817927002906799 319
1747669174235 0.7845777869224548 320
1747669244490 0.7890493869781494 321
1747669315175 0.7850568294525146 322
1747669385870 0.7831483483314514 323
1747669457406 0.7872475385665894 324
1747669527740 0.7761354446411133 325
1747669598236 0.7851995825767517 326
1747669668852 0.7689221501350403 327
1747669739455 0.7864599823951721 328
1747669810579 0.7814809083938599 329
1747669880990 0.788489580154419 330
1747669951787 0.7948387265205383 331
1747670022367 0.7874338626861572 332
1747670093456 0.7912086248397827 333
1747670164440 0.7783087491989136 334
1747670235111 0.7813819646835327 335
1747670306167 0.784016489982605 336
1747670376717 0.7831616401672363 337
1747670447680 0.7792601585388184 338
1747670518332 0.7732584476470947 339
1747670589257 0.7835863828659058 340
1747670660512 0.7908658981323242 341
1747670730719 0.793933629989624 342
1747670802069 0.7796009182929993 343
1747670872790 0.7734928727149963 344
1747670943851 0.7737283706665039 345
1747671014846 0.788865327835083 346
1747671084887 0.7819700241088867 347
1747671156314 0.7805523872375488 348
1747671226873 0.8130707740783691 349
1747671298366 0.784694254398346 350
1747671369190 0.7911863923072815 351
1747671439624 0.7995914220809937 352
1747671510855 0.7856248617172241 353
1747671581549 0.7917040586471558 354
1747671653102 0.7844407558441162 355
1747671724025 0.7912766337394714 356
1747671794377 0.7848105430603027 357
1747671865511 0.7827441096305847 358
1747671936105 0.7870413064956665 359
1747672007900 0.7990128397941589 360
1747672078598 0.7909387350082397 361
1747672148949 0.7863918542861938 362
1747672220033 0.778425395488739 363
1747672290695 0.7955312132835388 364
1747672362501 0.7866021394729614 365
1747672433384 0.7895791530609131 366
1747672504070 0.7721812129020691 367
1747672574907 0.7819756865501404 368
1747672645504 0.786892831325531 369
1747672717348 0.7899898886680603 370
1747672788080 0.7879638671875 371
1747672859135 0.7855677008628845 372
1747672929718 0.7849805951118469 373
1747673000191 0.7817206382751465 374
1747673072037 0.7829829454421997 375
1747673142729 0.790276288986206 376
1747673213582 0.7880781292915344 377
1747673284231 0.7858492136001587 378
1747673354815 0.794715166091919 379
1747673426489 0.7822015881538391 380
1747673497127 0.7888920307159424 381
1747673568102 0.7876079678535461 382
1747673638697 0.7868157625198364 383
1747673709469 0.7824914455413818 384
1747673780838 0.7867810130119324 385
1747673851494 0.7765034437179565 386
1747673923033 0.7870965003967285 387
1747673993881 0.7863937616348267 388
1747674064773 0.786099374294281 389
1747674136052 0.7864273190498352 390
1747674206656 0.7912420034408569 391
1747674278318 0.7790645360946655 392
1747674349005 0.7808130979537964 393
1747674420058 0.7838784456253052 394
1747674491059 0.7856766581535339 395
1747674561743 0.7881438732147217 396
1747674633183 0.7825004458427429 397
1747674703836 0.7872953414916992 398
1747674775047 0.7904959917068481 399
1747674845819 0.7835520505905151 400
1747674916597 0.789567232131958 401
1747674987952 0.789986252784729 402
1747675058428 0.7812322378158569 403
1747675129551 0.7876105308532715 404
1747675200245 0.7856011390686035 405
1747675271285 0.7839290499687195 406
1747675342651 0.788406491279602 407
1747675413150 0.7832732200622559 408
1747675484202 0.7936094999313354 409
1747675554771 0.7820560932159424 410
1747675626020 0.7905869483947754 411
1747675697127 0.7905356287956238 412
1747675767335 0.7806546092033386 413
1747675838570 0.7899094820022583 414
1747675909341 0.7829288244247437 415
1747675980756 0.7880910634994507 416
1747676051750 0.7915229201316833 417
1747676121722 0.7878924608230591 418
1747676193204 0.7835628986358643 419
1747676263935 0.7876325249671936 420
1747676335501 0.7786740064620972 421
1747676406353 0.7962701916694641 422
1747676476677 0.7820768356323242 423
1747676547890 0.7839488387107849 424
1747676618703 0.7831488847732544 425
1747676690391 0.7849245667457581 426
1747676761170 0.7896444797515869 427
1747676831467 0.7842950224876404 428
1747676902478 0.7815450429916382 429
1747676973148 0.7730591297149658 430
1747677044866 0.7895752787590027 431
1747677115612 0.7942320108413696 432
1747677186134 0.7900384664535522 433
1747677257057 0.7875324487686157 434
1747677327501 0.7828181385993958 435
1747677399281 0.7833695411682129 436
1747677470118 0.781106173992157 437
1747677540717 0.7910303473472595 438
1747677611574 0.8014081120491028 439
1747677682102 0.7757242321968079 440
1747677753795 0.7868834733963013 441
1747677824617 0.7785277962684631 442
1747677895397 0.7943648099899292 443
1747677966056 0.7875617742538452 444
1747678036791 0.7806134819984436 445
1747678108546 0.7790329456329346 446
1747678179325 0.7857767343521118 447
1747678250569 0.7833558320999146 448
1747678321173 0.7877991795539856 449
1747678391813 0.7913076877593994 450
1747678463404 0.7863951921463013 451
1747678534037 0.7894629836082458 452
1747678605202 0.7880010604858398 453
1747678675943 0.7799431681632996 454
1747678746511 0.7846270203590393 455
1747678818034 0.7977309226989746 456
1747678888649 0.7878403663635254 457
1747678959635 0.7847732901573181 458
1747679030192 0.7857168912887573 459
1747679100868 0.7936835289001465 460
1747679172057 0.7946407794952393 461
1747679242733 0.786506712436676 462
1747679313851 0.7842817902565002 463
1747679384269 0.7974298596382141 464
1747679455280 0.7913335561752319 465
1747679526379 0.7828572988510132 466
1747679596942 0.797379732131958 467
1747679668390 0.7977288365364075 468
1747679738942 0.7814633846282959 469
1747679810069 0.7848716974258423 470
1747679880935 0.7909051179885864 471
1747679951745 0.7791338562965393 472
1747680022726 0.7814285159111023 473
1747680093180 0.8002931475639343 474
1747680164397 0.7849820852279663 475
1747680235094 0.784048318862915 476
1747680306348 0.7836363315582275 477
1747680377484 0.7870312929153442 478
1747680447806 0.7916384935379028 479
1747680519115 0.7836575508117676 480
1747680589812 0.7855386734008789 481
1747680661070 0.7939634323120117 482
1747680731893 0.7912148833274841 483
1747680802152 0.7908743619918823 484
1747680873368 0.7725939154624939 485
1747680944206 0.781090259552002 486
1747681015613 0.7834622859954834 487
1747681086479 0.790336012840271 488
1747681156586 0.7865216135978699 489
1747681227538 0.7830191850662231 490
1747681298203 0.7871227264404297 491
1747681369906 0.7829236388206482 492
1747681440555 0.7775560617446899 493
1747681510810 0.7750489115715027 494
1747681581610 0.7767860889434814 495
1747681652296 0.7776838541030884 496
1747681724139 0.7952205538749695 497
1747681794835 0.79964679479599 498
1747681865058 0.7885962724685669 499
