1747646516498 0.005058676470071077 0
1747646587846 0.005058423150330782 1
1747646658606 0.004992650821805 2
1747646729205 0.005015518981963396 3
1747646800564 0.004999770782887936 4
1747646871030 0.0049704741686582565 5
1747646940673 0.004934148862957954 6
1747647011057 0.005001263692975044 7
1747647081551 0.004999272990971804 8
1747647152378 0.004969201050698757 9
1747647222561 0.0050089554861187935 10
1747647292655 0.005004245322197676 11
1747647363012 0.0050191329792141914 12
1747647433443 0.00499564316123724 13
1747647504896 0.004990584682673216 14
1747647575342 0.0049994769506156445 15
1747647646113 0.004987185355275869 16
1747647716548 0.004998631309717894 17
1747647787036 0.004987245425581932 18
1747647858268 0.004994753282517195 19
1747647928538 0.00496275071054697 20
1747647999236 0.004981162026524544 21
1747648069957 0.004975269082933664 22
1747648140556 0.004977474454790354 23
1747648211509 0.0049787843599915504 24
1747648281718 0.004994398448616266 25
1747648352539 0.0049856919795274734 26
1747648422901 0.0049836658872663975 27
1747648493795 0.004981101956218481 28
1747648564593 0.004997614771127701 29
1747648635284 0.005014421418309212 30
1747648706222 0.004992726258933544 31
1747648776307 0.004981698002666235 32
1747648847144 0.004980866797268391 33
1747648917652 0.0049939206801354885 34
1747648988396 0.004986883606761694 35
1747649059434 0.004987360909581184 36
1747649129435 0.0049858735874295235 37
1747649200347 0.004989630542695522 38
1747649270826 0.004965487867593765 39
1747649341831 0.004961173981428146 40
1747649412398 0.004979196470230818 41
1747649482337 0.005002502351999283 42
1747649553197 0.004985633306205273 43
1747649623845 0.004984321538358927 44
1747649695003 0.004995174705982208 45
1747649765520 0.004993024282157421 46
1747649835136 0.00499558774754405 47
1747649905830 0.004991001449525356 48
1747649976357 0.004994275979697704 49
1747650047621 0.004983612801879644 50
1747650118123 0.004993500653654337 51
1747650188123 0.004986407235264778 52
1747650258749 0.004984380677342415 53
1747650329263 0.004986767191439867 54
1747650400752 0.004983664955943823 55
1747650471438 0.004990340210497379 56
1747650541720 0.004992606583982706 57
1747650612580 0.004991951864212751 58
1747650682803 0.004984677769243717 59
1747650754406 0.004968345630913973 60
1747650824909 0.004990698769688606 61
1747650895659 0.004991771187633276 62
1747650966091 0.0049967775121331215 63
1747651036473 0.004989088512957096 64
1747651108055 0.004971446003764868 65
1747651178583 0.004990041721612215 66
1747651249611 0.004995525814592838 67
1747651320017 0.004986167885363102 68
1747651390634 0.0049850973300635815 69
1747651461744 0.004992129281163216 70
1747651532203 0.0049907006323337555 71
1747651603054 0.0049850367940962315 72
1747651673464 0.004970851354300976 73
1747651743968 0.004985691513866186 74
1747651814912 0.004987063817679882 75
1747651885289 0.004994750954210758 76
1747651956573 0.004988076630979776 77
1747652027250 0.004982233978807926 78
1747652097893 0.00498450081795454 79
1747652168636 0.004998029209673405 80
1747652239150 0.004987241234630346 81
1747652310531 0.004985392559319735 82
1747652380791 0.004980683792382479 83
1747652451821 0.004977226722985506 84
1747652522694 0.0049884929321706295 85
1747652593452 0.004994035232812166 86
1747652664743 0.004987597931176424 87
1747652735019 0.004981220234185457 88
1747652806482 0.0049895052798092365 89
1747652876975 0.004983247257769108 90
1747652947936 0.004993855953216553 91
1747653019233 0.004998326767235994 92
1747653089749 0.004987180698662996 93
1747653160888 0.004989327397197485 94
1747653231449 0.0049913544207811356 95
1747653302636 0.004981222562491894 96
1747653373465 0.0049849157221615314 97
1747653443395 0.004989863373339176 98
1747653514559 0.004986822605133057 99
1747653585110 0.0049889725632965565 100
1747653656514 0.004986346699297428 101
1747653727712 0.004994573071599007 102
1747653797886 0.004983546212315559 103
1747653869487 0.0049836053512990475 104
1747653940190 0.004986644256860018 105
1747654011856 0.004989267326891422 106
1747654082465 0.004996121395379305 107
1747654152788 0.004992783535271883 108
1747654223671 0.004985929001122713 109
1747654294226 0.0049919490702450275 110
1747654365957 0.004993856884539127 111
1747654436664 0.0049846782349050045 112
1747654506916 0.004985332954674959 113
1747654577544 0.0049898033030331135 114
1747654648069 0.004990518558770418 115
1747654719757 0.004988968838006258 116
1747654790505 0.004979313351213932 117
1747654860952 0.004985094536095858 118
1747654931860 0.004989029839634895 119
1747655002365 0.00499695586040616 120
1747655074130 0.004999995697289705 121
1747655144718 0.004989028442651033 122
1747655215681 0.004985750187188387 123
1747655286263 0.0049918293952941895 124
1747655356749 0.004986531566828489 125
1747655428303 0.004986765328794718 126
1747655498981 0.004989207722246647 127
1747655569967 0.0049887304194271564 128
1747655640213 0.004992723930627108 129
1747655710647 0.004991353489458561 130
1747655781961 0.004987776279449463 131
1747655852593 0.0049893856048583984 132
1747655923577 0.004993021953850985 133
1747655993944 0.004988193977624178 134
1747656065091 0.004993499256670475 135
1747656136220 0.0049843802116811275 136
1747656206899 0.004980504512786865 137
1747656278306 0.004991293419152498 138
1747656348744 0.004982293117791414 139
1747656419896 0.004994929302483797 140
1747656490799 0.004981995094567537 141
1747656561451 0.004983249586075544 142
1747656633138 0.00498700188472867 143
1747656703503 0.004988372791558504 144
1747656774600 0.0049998764880001545 145
1747656845459 0.004987002350389957 146
1747656916237 0.004989743698388338 147
1747656987668 0.004986465442925692 148
1747657058112 0.004975855350494385 149
1747657129119 0.004992843139916658 150
1747657199641 0.0049926647916436195 151
1747657270496 0.004983246326446533 152
1747657341679 0.004987955559045076 153
1747657411776 0.004990816116333008 154
1747657483053 0.004989683628082275 155
1747657553594 0.004992544651031494 156
1747657624811 0.005047561600804329 157
1747657695931 0.004989149980247021 158
1747657766302 0.004986167419701815 159
1747657837522 0.004985273350030184 160
1747657907985 0.00498581025749445 161
1747657979207 0.004979550838470459 162
1747658050152 0.004985630977898836 163
1747658120068 0.004986167419701815 164
1747658191295 0.004995882976800203 165
1747658261911 0.004995645023882389 166
1747658333462 0.004989445209503174 167
1747658404402 0.004988133907318115 168
1747658474471 0.004987597931176424 169
1747658545636 0.0049918293952941895 170
1747658616286 0.004984498489648104 171
1747658688016 0.004987180233001709 172
1747658758715 0.004988253116607666 173
1747658829079 0.004989386070519686 174
1747658899923 0.004983306396752596 175
1747658970473 0.004986525047570467 176
1747659042183 0.004988312721252441 177
1747659112780 0.004988492000848055 178
1747659183869 0.004987240768969059 179
1747659254637 0.00498998211696744 180
1747659325009 0.004990041255950928 181
1747659396757 0.004993140697479248 182
1747659467501 0.004985809326171875 183
1747659538167 0.004988670814782381 184
1747659608902 0.004990875720977783 185
1747659679177 0.004991710186004639 186
1747659750849 0.004988968838006258 187
1747659821411 0.004986048210412264 188
1747659892567 0.004985810723155737 189
1747659963197 0.004994274117052555 190
1747660033731 0.004988968838006258 191
1747660105314 0.004989683628082275 192
1747660175785 0.00499272346496582 193
1747660247294 0.004993915557861328 194
1747660317781 0.004990339279174805 195
1747660388443 0.004988253116607666 196
1747660459815 0.004988312721252441 197
1747660530340 0.004988193511962891 198
1747660601551 0.004985690116882324 199
1747660672004 0.004991352558135986 200
1747660742627 0.0049860477447509766 201
1747660813758 0.004986584186553955 202
1747660884082 0.004987955093383789 203
1747660955352 0.004990339279174805 204
1747661025979 0.004985213279724121 205
1747661096850 0.004979133605957031 206
1747661167619 0.004988253116607666 207
1747661238083 0.0049772863276302814 208
1747661309694 0.004990220535546541 209
1747661380251 0.004985451698303223 210
1747661451448 0.004986167419701815 211
1747661522111 0.004990280140191317 212
1747661592828 0.004989028442651033 213
1747661664226 0.004988015163689852 214
1747661734671 0.00498807430267334 215
1747661806026 0.0049842000007629395 216
1747661876544 0.004982650745660067 217
1747661947628 0.004991471767425537 218
1747662018861 0.00499004265293479 219
1747662089179 0.004987359046936035 220
1747662160618 0.0049877166748046875 221
1747662231145 0.004987002350389957 222
1747662302360 0.004989445209503174 223
1747662373044 0.004986166954040527 224
1747662443255 0.004988372325897217 225
1747662514651 0.004987240768969059 226
1747662585195 0.0049877166748046875 227
1747662656551 0.0049964189529418945 228
1747662727256 0.004986525047570467 229
1747662797456 0.004984855651855469 230
1747662868887 0.004984676837921143 231
1747662939379 0.00498431921005249 232
1747663010987 0.004991477355360985 233
1747663081786 0.004988968838006258 234
1747663152387 0.004985153675079346 235
1747663223658 0.004992425441741943 236
1747663294226 0.004994451999664307 237
1747663366081 0.004989981651306152 238
1747663436836 0.004991233814507723 239
1747663507508 0.004990279674530029 240
1747663578270 0.0049825310707092285 241
1747663648744 0.004988253582268953 242
1747663720536 0.004988253582268953 243
1747663791088 0.004987359046936035 244
1747663861739 0.004987597931176424 245
1747663932411 0.004987776279449463 246
1747664002865 0.004987955559045076 247
1747664074526 0.004990577697753906 248
1747664145109 0.004985630512237549 249
1747664216101 0.004986286628991365 250
1747664286679 0.0049852728843688965 251
1747664357099 0.004991114139556885 252
1747664428636 0.004984855651855469 253
1747664499292 0.004982173442840576 254
1747664570494 0.004983484745025635 255
1747664641036 0.004989922046661377 256
1747664711591 0.004988133907318115 257
1747664782943 0.004984438419342041 258
1747664853385 0.00498157786205411 259
1747664924710 0.004990518093109131 260
1747664995087 0.004995167255401611 261
1747665065864 0.004987597465515137 262
1747665136991 0.004991054534912109 263
1747665207570 0.004984378814697266 264
1747665279084 0.004989206790924072 265
1747665349589 0.0049839019775390625 266
1747665420395 0.004986703395843506 267
1747665491267 0.004988133907318115 268
1747665561778 0.004983007907867432 269
1747665633192 0.004983127117156982 270
1747665703627 0.004988968372344971 271
1747665774669 0.004993319511413574 272
1747665845372 0.004992246627807617 273
1747665916027 0.004989147186279297 274
1747665987680 0.004977583885192871 275
1747666057949 0.00498199462890625 276
1747666129226 0.004981517791748047 277
1747666199850 0.004976809024810791 278
1747666270641 0.0049893856048583984 279
1747666341867 0.00499117374420166 280
1747666412159 0.004988193511962891 281
1747666483452 0.0049915313720703125 282
1747666553840 0.004985213279724121 283
1747666624979 0.004987836349755526 284
1747666695866 0.004984676837921143 285
1747666766288 0.004987120628356934 286
1747666838653 0.004986287094652653 287
1747666910023 0.004989266395568848 288
1747666981213 0.0049887895584106445 289
1747667051924 0.004989922046661377 290
1747667121755 0.004981875419616699 291
1747667192829 0.004984676837921143 292
1747667263538 0.004986584186553955 293
1747667334858 0.004988193511962891 294
1747667405498 0.004988969303667545 295
1747667475381 0.004980326164513826 296
1747667546275 0.004976868629455566 297
1747667617158 0.004989445209503174 298
1747667688515 0.004988312721252441 299
1747667759157 0.004985571373254061 300
1747667829113 0.0049859886057674885 301
1747667899914 0.004989028442651033 302
1747667970653 0.00498920725658536 303
1747668042122 0.004993439186364412 304
1747668112749 0.004982888698577881 305
1747668182619 0.004990220069885254 306
1747668253320 0.004990875720977783 307
1747668323956 0.00498932646587491 308
1747668395668 0.004987061023712158 309
1747668466527 0.0049887895584106445 310
1747668536636 0.004990994930267334 311
1747668607478 0.004987657070159912 312
1747668677902 0.004985929001122713 313
1747668749578 0.0049887895584106445 314
1747668820211 0.004986107349395752 315
1747668890747 0.004988670814782381 316
1747668961396 0.004988909233361483 317
1747669031970 0.004989326000213623 318
1747669103629 0.0049934983253479 319
1747669174250 0.00498586893081665 320
1747669244498 0.004983067512512207 321
1747669315189 0.004992425441741943 322
1747669385877 0.0049893856048583984 323
1747669457413 0.004989683628082275 324
1747669527748 0.004989981651306152 325
1747669598247 0.004984438419342041 326
1747669668858 0.004984080791473389 327
1747669739464 0.004986822605133057 328
1747669810585 0.004982888698577881 329
1747669880997 0.004984378814697266 330
1747669951801 0.004986703395843506 331
1747670022376 0.004983723163604736 332
1747670093464 0.004988611675798893 333
1747670164449 0.004984736908227205 334
1747670235121 0.004986822605133057 335
1747670306173 0.004984796512871981 336
1747670376725 0.004987657535821199 337
1747670447691 0.0049877166748046875 338
1747670518342 0.0049849157221615314 339
1747670589266 0.004990518093109131 340
1747670660522 0.0049890875816345215 341
1747670730734 0.004988431930541992 342
1747670802081 0.004983723163604736 343
1747670872796 0.004990041255950928 344
1747670943859 0.004995167255401611 345
1747671014856 0.004989147186279297 346
1747671084893 0.004982590675354004 347
1747671156322 0.004985392093658447 348
1747671226881 0.004989684093743563 349
1747671298373 0.00499117374420166 350
1747671369198 0.004989981651306152 351
1747671439630 0.004990041255950928 352
1747671510866 0.004985154140740633 353
1747671581563 0.00498586893081665 354
1747671653108 0.0049890875816345215 355
1747671724034 0.0049867634661495686 356
1747671794392 0.004987061023712158 357
1747671865525 0.004988968372344971 358
1747671936113 0.004984498023986816 359
1747672007908 0.004994452465325594 360
1747672078606 0.004985809326171875 361
1747672148959 0.004992903675884008 362
1747672220041 0.004990697372704744 363
1747672290703 0.00498199462890625 364
1747672362516 0.004994213581085205 365
1747672433400 0.0049901604652404785 366
1747672504078 0.0049887304194271564 367
1747672574923 0.004990816116333008 368
1747672645515 0.004988729953765869 369
1747672717358 0.004985690116882324 370
1747672788088 0.004990577697753906 371
1747672859145 0.004987122491002083 372
1747672929732 0.004983723163604736 373
1747673000201 0.004987955093383789 374
1747673072044 0.004986405372619629 375
1747673142739 0.004986584186553955 376
1747673213593 0.004986941814422607 377
1747673284246 0.004991769790649414 378
1747673354822 0.0049896240234375 379
1747673426505 0.00499039888381958 380
1747673497137 0.004990994930267334 381
1747673568118 0.004986823536455631 382
1747673638705 0.0049904584884643555 383
1747673709477 0.004989504814147949 384
1747673780852 0.004984796047210693 385
1747673851502 0.004981398582458496 386
1747673923040 0.004983366001397371 387
1747673993889 0.004987359046936035 388
1747674064781 0.004983961582183838 389
1747674136067 0.004988431930541992 390
1747674206670 0.004985332489013672 391
1747674278333 0.004989802837371826 392
1747674349012 0.0049904584884643555 393
1747674420064 0.004987955093383789 394
1747674491067 0.004990756511688232 395
1747674561756 0.0049893856048583984 396
1747674633198 0.00498509407043457 397
1747674703844 0.004984915256500244 398
1747674775053 0.0049912333488464355 399
1747674845829 0.004985690116882324 400
1747674916606 0.004986822605133057 401
1747674987965 0.004988610744476318 402
1747675058444 0.004986286163330078 403
1747675129560 0.004987657070159912 404
1747675200257 0.004986703395843506 405
1747675271294 0.0049842000007629395 406
1747675342665 0.004984676837921143 407
1747675413158 0.004987180233001709 408
1747675484211 0.0049890875816345215 409
1747675554779 0.004989683628082275 410
1747675626028 0.0049849748611450195 411
1747675697135 0.004984259605407715 412
1747675767343 0.00498729944229126 413
1747675838584 0.004983961582183838 414
1747675909356 0.004990518093109131 415
1747675980762 0.004987359046936035 416
1747676051758 0.004985690116882324 417
1747676121738 0.004987955093383789 418
1747676193216 0.004986644256860018 419
1747676263943 0.004987120628356934 420
1747676335509 0.004987597465515137 421
1747676406369 0.004985332489013672 422
1747676476685 0.004990935791283846 423
1747676547897 0.004989504814147949 424
1747676618715 0.004983663558959961 425
1747676690399 0.0049874186515808105 426
1747676761178 0.004982650279998779 427
1747676831481 0.004996836185455322 428
1747676902493 0.004989445209503174 429
1747676973156 0.004991650581359863 430
1747677044876 0.004983425140380859 431
1747677115622 0.004987597465515137 432
1747677186142 0.004991412162780762 433
1747677257065 0.004989445209503174 434
1747677327509 0.004990756511688232 435
1747677399292 0.004984617233276367 436
1747677470128 0.004988551139831543 437
1747677540725 0.0049890875816345215 438
1747677611584 0.0049877166748046875 439
1747677682111 0.004988670349121094 440
1747677753803 0.004985034465789795 441
1747677824624 0.0049863457679748535 442
1747677895405 0.00498354434967041 443
1747677966063 0.004992067813873291 444
1747678036804 0.004983961582183838 445
1747678108559 0.004980325698852539 446
1747678179333 0.0049877166748046875 447
1747678250581 0.004990041255950928 448
1747678321185 0.004988193511962891 449
1747678391821 0.004980862140655518 450
1747678463412 0.00498884916305542 451
1747678534045 0.004992544651031494 452
1747678605214 0.004985630512237549 453
1747678675957 0.004991710186004639 454
1747678746520 0.004989684093743563 455
1747678818042 0.004986286163330078 456
1747678888656 0.004982590675354004 457
1747678959641 0.004985630512237549 458
1747679030201 0.004980564117431641 459
1747679100876 0.004992246627807617 460
1747679172065 0.004987180233001709 461
1747679242741 0.0049926042556762695 462
1747679313863 0.00498586893081665 463
1747679384277 0.0049926042556762695 464
1747679455288 0.004987001419067383 465
1747679526387 0.0049857497215271 466
1747679596950 0.004984915256500244 467
1747679668398 0.0049880146980285645 468
1747679738954 0.0049926042556762695 469
1747679810083 0.00498431921005249 470
1747679880945 0.004986763000488281 471
1747679951753 0.004989266395568848 472
1747680022737 0.004984080791473389 473
1747680093194 0.004985630512237549 474
1747680164408 0.004985988140106201 475
1747680235101 0.004990279674530029 476
1747680306356 0.004987776279449463 477
1747680377496 0.004990875720977783 478
1747680447820 0.004985154140740633 479
1747680519123 0.004985630512237549 480
1747680589825 0.004988968372344971 481
1747680661078 0.004982709884643555 482
1747680731908 0.0049890875816345215 483
1747680802168 0.004988610744476318 484
1747680873377 0.004987955093383789 485
1747680944220 0.004989743232727051 486
1747681015623 0.004984617233276367 487
1747681086487 0.0049904584884643555 488
1747681156600 0.004993855953216553 489
1747681227552 0.004989683628082275 490
1747681298217 0.004989445209503174 491
1747681369913 0.0049890875816345215 492
1747681440563 0.004986405372619629 493
1747681510824 0.004983305931091309 494
1747681581618 0.0049835615791380405 495
1747681652304 0.004989625420421362 496
1747681724149 0.004985571838915348 497
1747681794844 0.0049893856048583984 498
1747681865065 0.004990875720977783 499
