1747646516491 0.025258928537368774 0
1747646587843 0.02550175040960312 1
1747646658602 0.026904303580522537 2
1747646729202 0.02859187312424183 3
1747646800560 0.028056778013706207 4
1747646871024 0.028512081131339073 5
1747646940670 0.030050864443182945 6
1747647011053 0.029145117849111557 7
1747647081547 0.030142465606331825 8
1747647152376 0.028276678174734116 9
1747647222559 0.031028572469949722 10
1747647292653 0.030348384752869606 11
1747647363010 0.028115909546613693 12
1747647433441 0.025482727214694023 13
1747647504894 0.031244520097970963 14
1747647575338 0.028671421110630035 15
1747647646111 0.031632550060749054 16
1747647716543 0.028092101216316223 17
1747647787032 0.03367538005113602 18
1747647858256 0.03053276799619198 19
1747647928533 0.03152359649538994 20
1747647999234 0.028878292068839073 21
1747648069956 0.03103010542690754 22
1747648140554 0.03166104480624199 23
1747648211505 0.0319838672876358 24
1747648281714 0.030707862228155136 25
1747648352537 0.029877489432692528 26
1747648422898 0.03104073740541935 27
1747648493789 0.031104398891329765 28
1747648564591 0.029199928045272827 29
1747648635282 0.03186982497572899 30
1747648706218 0.03262777626514435 31
1747648776305 0.031245561316609383 32
1747648847142 0.0290006622672081 33
1747648917649 0.030752835795283318 34
1747648988392 0.030641254037618637 35
1747649059432 0.03148097172379494 36
1747649129433 0.03329005837440491 37
1747649200344 0.03205404803156853 38
1747649270824 0.03254399821162224 39
1747649341829 0.02969447523355484 40
1747649412395 0.03250976279377937 41
1747649482333 0.029584694653749466 42
1747649553193 0.031314730644226074 43
1747649623841 0.03061186522245407 44
1747649695001 0.03174484893679619 45
1747649765514 0.03120112419128418 46
1747649835134 0.030635084956884384 47
1747649905826 0.030864834785461426 48
1747649976353 0.030643057078123093 49
1747650047619 0.032111819833517075 50
1747650118121 0.030283993110060692 51
1747650188121 0.03020412102341652 52
1747650258747 0.03207750990986824 53
1747650329262 0.03194288909435272 54
1747650400751 0.030957400798797607 55
1747650471436 0.029268991202116013 56
1747650541719 0.03277609869837761 57
1747650612576 0.02994501031935215 58
1747650682799 0.03183324262499809 59
1747650754402 0.028748514130711555 60
1747650824903 0.03128395229578018 61
1747650895657 0.031830959022045135 62
1747650966089 0.030803903937339783 63
1747651036469 0.03153327479958534 64
1747651108053 0.030917324125766754 65
1747651178579 0.030815450474619865 66
1747651249607 0.030332306399941444 67
1747651320015 0.030474534258246422 68
1747651390632 0.031201981008052826 69
1747651461740 0.031096290796995163 70
1747651532201 0.03241058066487312 71
1747651603052 0.029949631541967392 72
1747651673462 0.030040230602025986 73
1747651743966 0.03189045563340187 74
1747651814908 0.03273981437087059 75
1747651885285 0.03192286565899849 76
1747651956569 0.02839692123234272 77
1747652027248 0.03340882062911987 78
1747652097887 0.032168786972761154 79
1747652168633 0.030094308778643608 80
1747652239148 0.031855762004852295 81
1747652310529 0.03356807306408882 82
1747652380785 0.030078662559390068 83
1747652451817 0.03340908885002136 84
1747652522692 0.03203212097287178 85
1747652593450 0.033511340618133545 86
1747652664739 0.030120767652988434 87
1747652735017 0.030811479315161705 88
1747652806478 0.03185923770070076 89
1747652876971 0.03301117569208145 90
1747652947934 0.031983572989702225 91
1747653019228 0.03250996768474579 92
1747653089746 0.0322522409260273 93
1747653160886 0.03223459795117378 94
1747653231447 0.03138979896903038 95
1747653302630 0.03375153988599777 96
1747653373459 0.03418584540486336 97
1747653443393 0.03095066547393799 98
1747653514555 0.032887037843465805 99
1747653585108 0.032067183405160904 100
1747653656510 0.03101634606719017 101
1747653727710 0.03280992805957794 102
1747653797884 0.030748212710022926 103
1747653869485 0.03132904693484306 104
1747653940188 0.031327009201049805 105
1747654011852 0.03354732692241669 106
1747654082461 0.03157975152134895 107
1747654152786 0.029548248276114464 108
1747654223665 0.029984883964061737 109
1747654294220 0.03277184069156647 110
1747654365952 0.03229128196835518 111
1747654436658 0.03130566328763962 112
1747654506910 0.03274821117520332 113
1747654577542 0.032681260257959366 114
1747654648067 0.030573546886444092 115
1747654719751 0.03176622837781906 116
1747654790502 0.031311895698308945 117
1747654860946 0.03216487541794777 118
1747654931851 0.030456015840172768 119
1747655002360 0.03275472670793533 120
1747655074128 0.0324261412024498 121
1747655144714 0.032479844987392426 122
1747655215675 0.031809546053409576 123
1747655286261 0.031952690333127975 124
1747655356747 0.03151795268058777 125
1747655428301 0.030821779742836952 126
1747655498977 0.03146510198712349 127
1747655569965 0.03272716701030731 128
1747655640212 0.03150733932852745 129
1747655710645 0.03189007565379143 130
1747655781959 0.03300159052014351 131
1747655852587 0.032829392701387405 132
1747655923573 0.032478831708431244 133
1747655993942 0.03378051891922951 134
1747656065089 0.032098401337862015 135
1747656136218 0.03200199827551842 136
1747656206893 0.030990703031420708 137
1747656278302 0.032512277364730835 138
1747656348742 0.030890392139554024 139
1747656419894 0.032444752752780914 140
1747656490797 0.03265399485826492 141
1747656561447 0.03246864303946495 142
1747656633136 0.03117401711642742 143
1747656703501 0.03258877620100975 144
1747656774598 0.03307544067502022 145
1747656845455 0.033425383269786835 146
1747656916235 0.03352303430438042 147
1747656987666 0.030760107561945915 148
1747657058110 0.03168782591819763 149
1747657129117 0.03222257271409035 150
1747657199637 0.035014696419239044 151
1747657270494 0.02919326163828373 152
1747657341674 0.029825570061802864 153
1747657411774 0.0330478698015213 154
1747657483047 0.030721092596650124 155
1747657553590 0.030215192586183548 156
1747657624807 0.02809762768447399 157
1747657695927 0.03463613614439964 158
1747657766300 0.033893778920173645 159
1747657837518 0.031213058158755302 160
1747657907982 0.03301965817809105 161
1747657979205 0.03164083510637283 162
1747658050150 0.034136537462472916 163
1747658120066 0.03194392845034599 164
1747658191293 0.03299448639154434 165
1747658261905 0.033922482281923294 166
1747658333458 0.030350377783179283 167
1747658404399 0.030561203137040138 168
1747658474469 0.03356442600488663 169
1747658545632 0.031288620084524155 170
1747658616284 0.032911453396081924 171
1747658688014 0.032108377665281296 172
1747658758713 0.032363083213567734 173
1747658829077 0.031353022903203964 174
1747658899921 0.031443726271390915 175
1747658970469 0.033969487994909286 176
1747659042180 0.03188161551952362 177
1747659112776 0.030667901039123535 178
1747659183864 0.03320050239562988 179
1747659254635 0.027656206861138344 180
1747659325005 0.034539371728897095 181
1747659396754 0.03212236613035202 182
1747659467495 0.031119439750909805 183
1747659538163 0.033711984753608704 184
1747659608899 0.030408058315515518 185
1747659679175 0.030871400609612465 186
1747659750845 0.031512755900621414 187
1747659821407 0.03204429894685745 188
1747659892561 0.031838882714509964 189
1747659963195 0.031442318111658096 190
1747660033727 0.031816184520721436 191
1747660105310 0.03252005577087402 192
1747660175783 0.03223311901092529 193
1747660247292 0.028540311381220818 194
1747660317775 0.03268325701355934 195
1747660388441 0.03179397061467171 196
1747660459811 0.03284912556409836 197
1747660530338 0.033390577882528305 198
1747660601549 0.03266843408346176 199
1747660672000 0.031009480357170105 200
1747660742625 0.03168221935629845 201
1747660813756 0.03233153373003006 202
1747660884078 0.03299121558666229 203
1747660955348 0.033102717250585556 204
1747661025974 0.032144103199243546 205
1747661096848 0.03209466487169266 206
1747661167616 0.031494103372097015 207
1747661238079 0.028004664927721024 208
1747661309692 0.030651990324258804 209
1747661380247 0.0318509005010128 210
1747661451446 0.03237396851181984 211
1747661522107 0.0331873893737793 212
1747661592826 0.03259466215968132 213
1747661664220 0.03471725061535835 214
1747661734665 0.030671147629618645 215
1747661806023 0.03338591754436493 216
1747661876542 0.03231582045555115 217
1747661947625 0.03179808706045151 218
1747662018857 0.032441940158605576 219
1747662089174 0.03241531923413277 220
1747662160616 0.03122873418033123 221
1747662231144 0.033126100897789 222
1747662302356 0.031880270689725876 223
1747662373042 0.030813392251729965 224
1747662443253 0.03514739125967026 225
1747662514649 0.03253897279500961 226
1747662585189 0.03316821902990341 227
1747662656549 0.03195890784263611 228
1747662727254 0.033497873693704605 229
1747662797452 0.03256396949291229 230
1747662868883 0.03164651617407799 231
1747662939377 0.032611556351184845 232
1747663010985 0.034151591360569 233
1747663081782 0.031001828610897064 234
1747663152381 0.03202164173126221 235
1747663223652 0.032247185707092285 236
1747663294224 0.030252564698457718 237
1747663366077 0.03295084461569786 238
1747663436834 0.031976368278265 239
1747663507502 0.032756637781858444 240
1747663578268 0.0318690650165081 241
1747663648737 0.03294140100479126 242
1747663720532 0.03207608312368393 243
1747663791086 0.03205929324030876 244
1747663861737 0.03189881518483162 245
1747663932409 0.031806670129299164 246
1747664002862 0.030208317562937737 247
1747664074523 0.0323551744222641 248
1747664145107 0.03213175758719444 249
1747664216097 0.03127862140536308 250
1747664286677 0.033298395574092865 251
1747664357097 0.03291231393814087 252
1747664428633 0.03057241253554821 253
1747664499290 0.03239404410123825 254
1747664570492 0.03303931653499603 255
1747664641032 0.03048703446984291 256
1747664711588 0.03313601389527321 257
1747664782937 0.03368990123271942 258
1747664853381 0.03269446641206741 259
1747664924704 0.031076475977897644 260
1747664995083 0.030366407707333565 261
1747665065863 0.033269334584474564 262
1747665136987 0.03221621736884117 263
1747665207566 0.033021293580532074 264
1747665279080 0.03331850841641426 265
1747665349587 0.03332341089844704 266
1747665420393 0.03274596109986305 267
1747665491263 0.031039278954267502 268
1747665561776 0.032663021236658096 269
1747665633190 0.030928153544664383 270
1747665703623 0.0332762710750103 271
1747665774667 0.03165304660797119 272
1747665845370 0.0325353778898716 273
1747665916025 0.032533977180719376 274
1747665987677 0.03356235474348068 275
1747666057947 0.0317130945622921 276
1747666129224 0.031376663595438004 277
1747666199844 0.031904689967632294 278
1747666270637 0.033579256385564804 279
1747666341862 0.03231965750455856 280
1747666412155 0.03377224877476692 281
1747666483448 0.03303937241435051 282
1747666553836 0.033612143248319626 283
1747666624975 0.03185538947582245 284
1747666695860 0.03239640220999718 285
1747666766286 0.030886735767126083 286
1747666838649 0.03326050937175751 287
1747666910021 0.0320117250084877 288
1747666981209 0.03482598066329956 289
1747667051922 0.03309691324830055 290
1747667121753 0.030944228172302246 291
1747667192827 0.03081737458705902 292
1747667263535 0.03462477773427963 293
1747667334854 0.0329265370965004 294
1747667405496 0.031205862760543823 295
1747667475377 0.03168126940727234 296
1747667546273 0.03177826106548309 297
1747667617154 0.03151298314332962 298
1747667688511 0.03282100707292557 299
1747667759154 0.03305685892701149 300
1747667829109 0.03412363678216934 301
1747667899912 0.03050852008163929 302
1747667970651 0.03182128444314003 303
1747668042119 0.034857816994190216 304
1747668112745 0.03284095227718353 305
1747668182615 0.03268459066748619 306
1747668253318 0.032552920281887054 307
1747668323954 0.03246382996439934 308
1747668395664 0.031734418123960495 309
1747668466523 0.033855829387903214 310
1747668536634 0.03047177381813526 311
1747668607475 0.03410102054476738 312
1747668677900 0.03271878510713577 313
1747668749574 0.03081444278359413 314
1747668820205 0.03353530913591385 315
1747668890745 0.03375866264104843 316
1747668961394 0.03172547370195389 317
1747669031968 0.0298585407435894 318
1747669103625 0.033373985439538956 319
1747669174245 0.033540546894073486 320
1747669244496 0.032342612743377686 321
1747669315185 0.03139171749353409 322
1747669385875 0.03129821643233299 323
1747669457409 0.03325986862182617 324
1747669527746 0.031530942767858505 325
1747669598245 0.03188607841730118 326
1747669668856 0.03122149035334587 327
1747669739460 0.034266337752342224 328
1747669810583 0.03329283371567726 329
1747669880995 0.031384073197841644 330
1747669951797 0.03237302601337433 331
1747670022373 0.032440442591905594 332
1747670093462 0.03250903636217117 333
1747670164445 0.031495798379182816 334
1747670235119 0.032485172152519226 335
1747670306171 0.03183070197701454 336
1747670376723 0.030885890126228333 337
1747670447687 0.030255716294050217 338
1747670518338 0.03163599222898483 339
1747670589263 0.03258426859974861 340
1747670660520 0.03203103318810463 341
1747670730728 0.030355345457792282 342
1747670802077 0.0320543497800827 343
1747670872794 0.03298776596784592 344
1747670943857 0.02873043902218342 345
1747671014854 0.03268183395266533 346
1747671084891 0.0319945253431797 347
1747671156320 0.03321113809943199 348
1747671226879 0.033253852277994156 349
1747671298371 0.030548540875315666 350
1747671369196 0.03341994807124138 351
1747671439628 0.03259070962667465 352
1747671510863 0.03135881945490837 353
1747671581559 0.030861828476190567 354
1747671653106 0.03562607243657112 355
1747671724032 0.031916145235300064 356
1747671794387 0.032114215195178986 357
1747671865521 0.03293728083372116 358
1747671936111 0.03330288454890251 359
1747672007906 0.033097781240940094 360
1747672078604 0.03211184963583946 361
1747672148955 0.03234637901186943 362
1747672220039 0.03178397938609123 363
1747672290701 0.03448736295104027 364
1747672362511 0.03355446457862854 365
1747672433396 0.0330752432346344 366
1747672504076 0.03316500782966614 367
1747672574919 0.032643601298332214 368
1747672645514 0.03283337876200676 369
1747672717356 0.03381191939115524 370
1747672788086 0.031325917690992355 371
1747672859141 0.03310217335820198 372
1747672929728 0.03287031501531601 373
1747673000197 0.03336664289236069 374
1747673072042 0.0323740653693676 375
1747673142737 0.031126338988542557 376
1747673213591 0.03355079144239426 377
1747673284242 0.03384106606245041 378
1747673354820 0.033069249242544174 379
1747673426499 0.03376207873225212 380
1747673497133 0.032410878688097 381
1747673568111 0.03574748709797859 382
1747673638703 0.033000897616147995 383
1747673709473 0.03394975885748863 384
1747673780848 0.031200652942061424 385
1747673851498 0.03196560963988304 386
1747673923038 0.03254582732915878 387
1747673993887 0.03351902216672897 388
1747674064779 0.03242283686995506 389
1747674136062 0.0316476933658123 390
1747674206664 0.032299138605594635 391
1747674278328 0.033278290182352066 392
1747674349009 0.03320899233222008 393
1747674420062 0.03147919103503227 394
1747674491065 0.03372577950358391 395
1747674561755 0.034777529537677765 396
1747674633194 0.03266539052128792 397
1747674703842 0.030667157843708992 398
1747674775051 0.034230705350637436 399
1747674845827 0.03238339722156525 400
1747674916605 0.030546192079782486 401
1747674987962 0.03148361295461655 402
1747675058438 0.0331459678709507 403
1747675129556 0.03367462754249573 404
1747675200253 0.03133661299943924 405
1747675271291 0.03406229615211487 406
1747675342661 0.03125665336847305 407
1747675413156 0.03274545073509216 408
1747675484207 0.03356876224279404 409
1747675554777 0.03186021372675896 410
1747675626026 0.034093089401721954 411
1747675697133 0.03342551738023758 412
1747675767341 0.032641131430864334 413
1747675838580 0.033926334232091904 414
1747675909352 0.031071970239281654 415
1747675980760 0.03406465798616409 416
1747676051754 0.031758349388837814 417
1747676121732 0.0333963967859745 418
1747676193210 0.03319607302546501 419
1747676263941 0.03203374147415161 420
1747676335507 0.033411744982004166 421
1747676406363 0.03451340273022652 422
1747676476683 0.03345988318324089 423
1747676547894 0.03212011978030205 424
1747676618711 0.03257802501320839 425
1747676690397 0.033646874129772186 426
1747676761176 0.032972272485494614 427
1747676831477 0.033377714455127716 428
1747676902489 0.03491026535630226 429
1747676973154 0.03342056646943092 430
1747677044872 0.03248956799507141 431
1747677115618 0.031785137951374054 432
1747677186140 0.032489027827978134 433
1747677257061 0.033318471163511276 434
1747677327507 0.031198062002658844 435
1747677399289 0.0324869304895401 436
1747677470124 0.031998228281736374 437
1747677540723 0.032628994435071945 438
1747677611580 0.03178047388792038 439
1747677682107 0.03135478496551514 440
1747677753801 0.03193841502070427 441
1747677824622 0.031405992805957794 442
1747677895403 0.03355622664093971 443
1747677966062 0.032997410744428635 444
1747678036800 0.03303784132003784 445
1747678108555 0.03054150752723217 446
1747678179331 0.03139116242527962 447
1747678250579 0.0338197723031044 448
1747678321183 0.03267952427268028 449
1747678391819 0.03231481835246086 450
1747678463410 0.03164965659379959 451
1747678534043 0.03440996631979942 452
1747678605212 0.03281448408961296 453
1747678675953 0.029913799837231636 454
1747678746516 0.03440729156136513 455
1747678818040 0.031661517918109894 456
1747678888654 0.03138276934623718 457
1747678959639 0.03298652544617653 458
1747679030200 0.03248458728194237 459
1747679100874 0.032841671258211136 460
1747679172063 0.03152071312069893 461
1747679242739 0.031907662749290466 462
1747679313861 0.032357968389987946 463
1747679384275 0.0317794606089592 464
1747679455286 0.03239784389734268 465
1747679526385 0.03291524201631546 466
1747679596948 0.03172433748841286 467
1747679668396 0.03417026251554489 468
1747679738952 0.035300545394420624 469
1747679810079 0.03406372666358948 470
1747679880941 0.032904013991355896 471
1747679951751 0.030962038785219193 472
1747680022735 0.032682426273822784 473
1747680093190 0.033666178584098816 474
1747680164406 0.0323062464594841 475
1747680235100 0.031697142869234085 476
1747680306354 0.03306837007403374 477
1747680377494 0.03187697380781174 478
1747680447816 0.032745588570833206 479
1747680519120 0.03179896995425224 480
1747680589821 0.03378601372241974 481
1747680661076 0.03455483168363571 482
1747680731903 0.0323067232966423 483
1747680802164 0.03380855917930603 484
1747680873373 0.03426295891404152 485
1747680944216 0.030972639098763466 486
1747681015619 0.03185969963669777 487
1747681086484 0.033742908388376236 488
1747681156596 0.03144437447190285 489
1747681227548 0.03245231881737709 490
1747681298213 0.03241314738988876 491
1747681369911 0.03300011530518532 492
1747681440561 0.03193677216768265 493
1747681510820 0.033686112612485886 494
1747681581616 0.031698744744062424 495
1747681652300 0.034849174320697784 496
1747681724145 0.034298185259103775 497
1747681794841 0.03269773721694946 498
1747681865064 0.03383554890751839 499
