1747646516489 0.06636025011539459 0
1747646587841 0.07058875262737274 1
1747646658602 0.06412562727928162 2
1747646729201 0.07400118559598923 3
1747646800558 0.053571589291095734 4
1747646871022 0.06324931979179382 5
1747646940669 0.060385990887880325 6
1747647011051 0.05724245682358742 7
1747647081543 0.06257425248622894 8
1747647152374 0.07709167897701263 9
1747647222559 0.05778888612985611 10
1747647292651 0.06987547874450684 11
1747647363008 0.06278423219919205 12
1747647433439 0.07308848202228546 13
1747647504892 0.05539022013545036 14
1747647575334 0.06724511831998825 15
1747647646101 0.057672496885061264 16
1747647716541 0.06404419988393784 17
1747647787028 0.056045833975076675 18
1747647858256 0.06870187819004059 19
1747647928531 0.060944996774196625 20
1747647999232 0.07046392560005188 21
1747648069954 0.0636870339512825 22
1747648140552 0.06770262122154236 23
1747648211505 0.06677411496639252 24
1747648281714 0.06598636507987976 25
1747648352534 0.05533555522561073 26
1747648422896 0.05667627230286598 27
1747648493787 0.05951215699315071 28
1747648564589 0.050869688391685486 29
1747648635280 0.057551994919776917 30
1747648706218 0.056199293583631516 31
1747648776303 0.05647105723619461 32
1747648847141 0.06231335923075676 33
1747648917644 0.05565234273672104 34
1747648988390 0.06220113858580589 35
1747649059432 0.05493982508778572 36
1747649129431 0.05643055588006973 37
1747649200342 0.06694012135267258 38
1747649270822 0.05523654818534851 39
1747649341827 0.05810028314590454 40
1747649412393 0.06013844162225723 41
1747649482331 0.0506468303501606 42
1747649553193 0.06010871380567551 43
1747649623839 0.05483803525567055 44
1747649694999 0.06511183083057404 45
1747649765512 0.058391425758600235 46
1747649835132 0.05890584737062454 47
1747649905824 0.05594897270202637 48
1747649976353 0.056390345096588135 49
1747650047617 0.055047906935214996 50
1747650118119 0.06037703901529312 51
1747650188119 0.06448894739151001 52
1747650258745 0.06133199483156204 53
1747650329260 0.06430204957723618 54
1747650400750 0.06109980121254921 55
1747650471434 0.06909556686878204 56
1747650541719 0.06526849418878555 57
1747650612576 0.07216286659240723 58
1747650682799 0.07169823348522186 59
1747650754402 0.0686672180891037 60
1747650824901 0.053342029452323914 61
1747650895655 0.04973405972123146 62
1747650966089 0.05451858043670654 63
1747651036467 0.0466056689620018 64
1747651108051 0.05878132954239845 65
1747651178579 0.059315066784620285 66
1747651249605 0.05713282898068428 67
1747651320015 0.07155583798885345 68
1747651390630 0.06359360367059708 69
1747651461738 0.05488225817680359 70
1747651532199 0.05269608646631241 71
1747651603051 0.0519343838095665 72
1747651673462 0.05218249186873436 73
1747651743964 0.0508086234331131 74
1747651814906 0.0599914975464344 75
1747651885283 0.0583210289478302 76
1747651956567 0.057054053992033005 77
1747652027246 0.06636113673448563 78
1747652097885 0.059218090027570724 79
1747652168631 0.06596004962921143 80
1747652239146 0.056577928364276886 81
1747652310527 0.05817272514104843 82
1747652380783 0.05907818302512169 83
1747652451813 0.059223733842372894 84
1747652522692 0.07072783261537552 85
1747652593448 0.06338349729776382 86
1747652664737 0.05548376962542534 87
1747652735015 0.05272996798157692 88
1747652806477 0.05562558025121689 89
1747652876969 0.07062225788831711 90
1747652947932 0.05611483007669449 91
1747653019226 0.05481795221567154 92
1747653089745 0.0641978308558464 93
1747653160884 0.0619596429169178 94
1747653231445 0.06391602754592896 95
1747653302628 0.05664043501019478 96
1747653373457 0.05769148841500282 97
1747653443390 0.05141071975231171 98
1747653514555 0.053861647844314575 99
1747653585106 0.05913548171520233 100
1747653656508 0.05867816135287285 101
1747653727708 0.06573955714702606 102
1747653797882 0.06154765188694 103
1747653869483 0.05789592117071152 104
1747653940186 0.057773929089307785 105
1747654011850 0.058201875537633896 106
1747654082459 0.050766471773386 107
1747654152784 0.0643920972943306 108
1747654223663 0.05118079110980034 109
1747654294218 0.048606183379888535 110
1747654365950 0.05449211224913597 111
1747654436657 0.05745386704802513 112
1747654506908 0.07171053439378738 113
1747654577540 0.05266225337982178 114
1747654648065 0.0731469914317131 115
1747654719749 0.06166265904903412 116
1747654790500 0.06038013473153114 117
1747654860944 0.05959056317806244 118
1747654931849 0.052143897861242294 119
1747655002356 0.05700097233057022 120
1747655074128 0.06210191547870636 121
1747655144712 0.04983385652303696 122
1747655215673 0.05114959925413132 123
1747655286259 0.04843934252858162 124
1747655356745 0.06602367013692856 125
1747655428299 0.061783451586961746 126
1747655498975 0.050797317177057266 127
1747655569963 0.0548153892159462 128
1747655640210 0.0570540726184845 129
1747655710643 0.06613123416900635 130
1747655781957 0.06216415390372276 131
1747655852585 0.06828638911247253 132
1747655923569 0.05881963670253754 133
1747655993940 0.05928493291139603 134
1747656065087 0.05347306281328201 135
1747656136216 0.06172990798950195 136
1747656206893 0.06038424000144005 137
1747656278300 0.05238252878189087 138
1747656348741 0.05520375445485115 139
1747656419892 0.06736595183610916 140
1747656490795 0.05325658619403839 141
1747656561447 0.05539989098906517 142
1747656633136 0.05963406339287758 143
1747656703499 0.05480848252773285 144
1747656774596 0.059556733816862106 145
1747656845453 0.05177703872323036 146
1747656916233 0.06588011980056763 147
1747656987664 0.05942494794726372 148
1747657058108 0.055398859083652496 149
1747657129115 0.06530418246984482 150
1747657199637 0.060843151062726974 151
1747657270492 0.05653904005885124 152
1747657341672 0.05947007238864899 153
1747657411772 0.058307331055402756 154
1747657483045 0.0577705055475235 155
1747657553586 0.0540197491645813 156
1747657624807 0.05695559084415436 157
1747657695927 0.049606312066316605 158
1747657766296 0.04338671639561653 159
1747657837514 0.057938575744628906 160
1747657907981 0.05371374264359474 161
1747657979203 0.05314124748110771 162
1747658050148 0.05471425503492355 163
1747658120064 0.061491407454013824 164
1747658191293 0.06095974147319794 165
1747658261903 0.0705743059515953 166
1747658333458 0.05396942421793938 167
1747658404397 0.05619948357343674 168
1747658474467 0.05074276402592659 169
1747658545630 0.06282870471477509 170
1747658616282 0.05418934300541878 171
1747658688014 0.060115665197372437 172
1747658758711 0.06132935732603073 173
1747658829075 0.06010773405432701 174
1747658899919 0.05627206340432167 175
1747658970467 0.06790787726640701 176
1747659042179 0.06183652952313423 177
1747659112774 0.05170517414808273 178
1747659183860 0.05588940531015396 179
1747659254634 0.0597059391438961 180
1747659325003 0.05635298788547516 181
1747659396752 0.06739726662635803 182
1747659467493 0.0589461475610733 183
1747659538161 0.05891484022140503 184
1747659608897 0.06039091944694519 185
1747659679173 0.056976206600666046 186
1747659750842 0.060107775032520294 187
1747659821407 0.05546433478593826 188
1747659892559 0.057011812925338745 189
1747659963193 0.06851506978273392 190
1747660033727 0.06435757875442505 191
1747660105308 0.061294928193092346 192
1747660175781 0.05163488909602165 193
1747660247290 0.05455462262034416 194
1747660317773 0.051714953035116196 195
1747660388439 0.057359930127859116 196
1747660459809 0.045752909034490585 197
1747660530338 0.05938015878200531 198
1747660601547 0.05806640535593033 199
1747660672000 0.056354135274887085 200
1747660742623 0.06427231431007385 201
1747660813752 0.06578267365694046 202
1747660884074 0.06450266391038895 203
1747660955344 0.04895778372883797 204
1747661025971 0.055856309831142426 205
1747661096846 0.052251726388931274 206
1747661167614 0.058220528066158295 207
1747661238079 0.05009336769580841 208
1747661309690 0.059137098491191864 209
1747661380243 0.06615769118070602 210
1747661451444 0.06309051811695099 211
1747661522105 0.04759112000465393 212
1747661592824 0.06757260859012604 213
1747661664218 0.06011974811553955 214
1747661734663 0.05647405982017517 215
1747661806023 0.061767060309648514 216
1747661876540 0.052402935922145844 217
1747661947624 0.05721069127321243 218
1747662018857 0.05064651370048523 219
1747662089172 0.059163715690374374 220
1747662160616 0.057286862283945084 221
1747662231142 0.06173543259501457 222
1747662302356 0.05773841217160225 223
1747662373040 0.0642792284488678 224
1747662443252 0.05733240023255348 225
1747662514647 0.05104667320847511 226
1747662585187 0.06511837244033813 227
1747662656547 0.059509508311748505 228
1747662727252 0.0550430528819561 229
1747662797452 0.05565151944756508 230
1747662868881 0.053120728582143784 231
1747662939377 0.06604567915201187 232
1747663010984 0.05638528987765312 233
1747663081780 0.05593852326273918 234
1747663152379 0.04689551517367363 235
1747663223650 0.06007961183786392 236
1747663294222 0.0513673834502697 237
1747663366077 0.05856054648756981 238
1747663436832 0.05841365084052086 239
1747663507500 0.05193942040205002 240
1747663578266 0.06946250796318054 241
1747663648735 0.060321006923913956 242
1747663720528 0.06184302270412445 243
1747663791084 0.055716682225465775 244
1747663861735 0.05740872770547867 245
1747663932409 0.05597845837473869 246
1747664002860 0.05724006146192551 247
1747664074522 0.06613438576459885 248
1747664145105 0.063165083527565 249
1747664216097 0.0561419241130352 250
1747664286675 0.06404560804367065 251
1747664357095 0.059799376875162125 252
1747664428633 0.058890752494335175 253
1747664499288 0.05939590558409691 254
1747664570490 0.056956514716148376 255
1747664641030 0.06100092828273773 256
1747664711587 0.05341384932398796 257
1747664782935 0.05226081237196922 258
1747664853380 0.05949409306049347 259
1747664924702 0.05690441653132439 260
1747664995081 0.04671983793377876 261
1747665065861 0.06123393774032593 262
1747665136985 0.05546201393008232 263
1747665207566 0.05499113351106644 264
1747665279080 0.048061493784189224 265
1747665349585 0.05760778486728668 266
1747665420391 0.05286639183759689 267
1747665491259 0.05779601261019707 268
1747665561776 0.06933380663394928 269
1747665633188 0.05816520377993584 270
1747665703623 0.052041880786418915 271
1747665774665 0.07067994028329849 272
1747665845368 0.06099209561944008 273
1747665916024 0.053869061172008514 274
1747665987673 0.053806133568286896 275
1747666057945 0.0662207081913948 276
1747666129222 0.06635171175003052 277
1747666199842 0.05175422877073288 278
1747666270635 0.05092120170593262 279
1747666341860 0.07259615510702133 280
1747666412155 0.05532156676054001 281
1747666483446 0.06012309715151787 282
1747666553834 0.05516782030463219 283
1747666624975 0.05332997441291809 284
1747666695857 0.06832228600978851 285
1747666766284 0.05520334094762802 286
1747666838647 0.0577310249209404 287
1747666910020 0.062303394079208374 288
1747666981208 0.05677744746208191 289
1747667051920 0.07641050219535828 290
1747667121751 0.06417747586965561 291
1747667192827 0.05369163677096367 292
1747667263533 0.05720486864447594 293
1747667334851 0.061122164130210876 294
1747667405494 0.05936622992157936 295
1747667475375 0.051330987364053726 296
1747667546271 0.06378402560949326 297
1747667617154 0.05649169906973839 298
1747667688509 0.048600126057863235 299
1747667759152 0.06342113018035889 300
1747667829107 0.06722786277532578 301
1747667899912 0.053755152970552444 302
1747667970649 0.04888384789228439 303
1747668042118 0.06135433539748192 304
1747668112743 0.05492081493139267 305
1747668182613 0.053066860884428024 306
1747668253318 0.049115344882011414 307
1747668323947 0.04699389263987541 308
1747668395664 0.0492708757519722 309
1747668466519 0.05889640748500824 310
1747668536631 0.06590450555086136 311
1747668607473 0.05834891274571419 312
1747668677898 0.05447929725050926 313
1747668749574 0.05801081284880638 314
1747668820205 0.059362418949604034 315
1747668890743 0.060558728873729706 316
1747668961392 0.05019800364971161 317
1747669031964 0.059589143842458725 318
1747669103623 0.05157913640141487 319
1747669174241 0.05572115257382393 320
1747669244495 0.06195027008652687 321
1747669315182 0.057034216821193695 322
1747669385874 0.05583171173930168 323
1747669457409 0.05790527164936066 324
1747669527744 0.048461779952049255 325
1747669598243 0.05828937515616417 326
1747669668854 0.04274211451411247 327
1747669739460 0.056687843054533005 328
1747669810583 0.05347235128283501 329
1747669880993 0.06209385767579079 330
1747669951795 0.06698211282491684 331
1747670022373 0.06011328846216202 332
1747670093460 0.06283847242593765 333
1747670164445 0.05172467231750488 334
1747670235117 0.053397275507450104 335
1747670306171 0.05709226429462433 336
1747670376721 0.056604500859975815 337
1747670447687 0.053321417421102524 338
1747670518338 0.046498797833919525 339
1747670589261 0.05475569888949394 340
1747670660518 0.06287401914596558 341
1747670730726 0.06775625795125961 342
1747670802077 0.05266103520989418 343
1747670872794 0.044356100261211395 344
1747670943856 0.0478157214820385 345
1747671014852 0.060214873403310776 346
1747671084891 0.055321190506219864 347
1747671156318 0.05211956053972244 348
1747671226878 0.08373472094535828 349
1747671298369 0.05776349455118179 350
1747671369194 0.0616314634680748 351
1747671439626 0.07084886729717255 352
1747671510863 0.05909324437379837 353
1747671581555 0.06553390622138977 354
1747671653106 0.05285509303212166 355
1747671724031 0.06387169659137726 356
1747671794385 0.05714407563209534 357
1747671865518 0.0538741834461689 358
1747671936109 0.058704156428575516 359
1747672007904 0.0688752606511116 360
1747672078602 0.0635286197066307 361
1747672148953 0.05731832608580589 362
1747672220037 0.05036309361457825 363
1747672290699 0.06650250405073166 364
1747672362509 0.05605650320649147 365
1747672433392 0.06033625826239586 366
1747672504074 0.04313092678785324 367
1747672574915 0.053023554384708405 368
1747672645512 0.05817902460694313 369
1747672717352 0.06089824438095093 370
1747672788084 0.0603831522166729 371
1747672859139 0.05690315365791321 372
1747672929726 0.057228583842515945 373
1747673000195 0.05262096971273422 374
1747673072040 0.05518433451652527 375
1747673142737 0.06369674205780029 376
1747673213589 0.05900251492857933 377
1747673284239 0.05551046133041382 378
1747673354819 0.06557682156562805 379
1747673426497 0.05221714451909065 380
1747673497131 0.0601385198533535 381
1747673568110 0.056351955980062485 382
1747673638701 0.057578083127737045 383
1747673709473 0.05250588804483414 384
1747673780846 0.060483310371637344 385
1747673851498 0.050122179090976715 386
1747673923036 0.059739913791418076 387
1747673993885 0.057267092168331146 388
1747674064778 0.05874508619308472 389
1747674136059 0.05894804745912552 390
1747674206662 0.06373576074838638 391
1747674278326 0.049687374383211136 392
1747674349009 0.05135625973343849 393
1747674420062 0.0566730797290802 394
1747674491063 0.055653706192970276 395
1747674561752 0.057352352887392044 396
1747674633191 0.05467551201581955 397
1747674703840 0.06150482967495918 398
1747674775051 0.059873513877391815 399
1747674845825 0.0558924674987793 400
1747674916604 0.0635194331407547 401
1747674987960 0.06263665109872818 402
1747675058436 0.05268802493810654 403
1747675129556 0.05826893076300621 404
1747675200253 0.05878299102187157 405
1747675271289 0.05489124730229378 406
1747675342659 0.06207709014415741 407
1747675413154 0.05494781211018562 408
1747675484205 0.06407743692398071 409
1747675554775 0.054120708256959915 410
1747675626024 0.06135789677500725 411
1747675697131 0.06212247535586357 412
1747675767339 0.052412912249565125 413
1747675838576 0.061053432524204254 414
1747675909350 0.055616818368434906 415
1747675980760 0.05842091143131256 416
1747676051754 0.06448415666818619 417
1747676121730 0.05875997990369797 418
1747676193210 0.05490022525191307 419
1747676263939 0.06004084646701813 420
1747676335505 0.049601878970861435 421
1747676406361 0.06655102968215942 422
1747676476683 0.05229317769408226 423
1747676547894 0.05579076334834099 424
1747676618711 0.05569875240325928 425
1747676690395 0.05565183237195015 426
1747676761174 0.06200084835290909 427
1747676831475 0.05340104550123215 428
1747676902487 0.050609707832336426 429
1747676973152 0.0431697778403759 430
1747677044872 0.0622648186981678 431
1747677115618 0.06678799539804459 432
1747677186138 0.06112693250179291 433
1747677257061 0.05818932503461838 434
1747677327505 0.05533142387866974 435
1747677399287 0.055815450847148895 436
1747677470124 0.05326341837644577 437
1747677540721 0.06244036927819252 438
1747677611578 0.073947012424469 439
1747677682107 0.0484948605298996 440
1747677753799 0.05980037897825241 441
1747677824621 0.05170918256044388 442
1747677895401 0.06596674770116806 443
1747677966060 0.05801401287317276 444
1747678036798 0.05264158174395561 445
1747678108553 0.054283507168293 446
1747678179329 0.058700550347566605 447
1747678250575 0.053382690995931625 448
1747678321181 0.059342097491025925 449
1747678391817 0.06468061357736588 450
1747678463408 0.05883799120783806 451
1747678534041 0.05839770287275314 452
1747678605209 0.05991823971271515 453
1747678675951 0.053548842668533325 454
1747678746514 0.05414290353655815 455
1747678818037 0.07067252695560455 456
1747678888653 0.061797913163900375 457
1747678959639 0.05651776120066643 458
1747679030198 0.05897672474384308 459
1747679100872 0.06425095349550247 460
1747679172061 0.06754542887210846 461
1747679242737 0.057935915887355804 462
1747679313859 0.05661437287926674 463
1747679384273 0.06898139417171478 464
1747679455284 0.0633900985121727 465
1747679526383 0.05465223267674446 466
1747679596946 0.07052937895059586 467
1747679668394 0.06781336665153503 468
1747679738950 0.049499910324811935 469
1747679810077 0.055806975811719894 470
1747679880941 0.06250432133674622 471
1747679951750 0.052172187715768814 472
1747680022733 0.05378858745098114 473
1747680093188 0.07136330753564835 474
1747680164405 0.057342566549777985 475
1747680235098 0.056154653429985046 476
1747680306352 0.05487557128071785 477
1747680377490 0.05883650854229927 478
1747680447813 0.06372798979282379 479
1747680519120 0.05658866837620735 480
1747680589819 0.05581524968147278 481
1747680661074 0.06473342329263687 482
1747680731901 0.06294994801282883 483
1747680802162 0.0612088143825531 484
1747680873373 0.04260493814945221 485
1747680944214 0.054026421159505844 486
1747681015619 0.05654027312994003 487
1747681086483 0.060358062386512756 488
1747681156594 0.058166395872831345 489
1747681227544 0.054486989974975586 490
1747681298211 0.058675751090049744 491
1747681369909 0.053960781544446945 492
1747681440559 0.05019533634185791 493
1747681510816 0.04656873643398285 494
1747681581614 0.05023150146007538 495
1747681652300 0.04676918685436249 496
1747681724143 0.06566347181797028 497
1747681794841 0.07093169540166855 498
1747681865061 0.05844869464635849 499
