1742140590737 0.31296968 0
1742140591479 0.20666738 1
1742140592108 0.14255117 2
1742140592747 0.10363784 3
1742140593381 0.078583784 4
1742140594007 0.061820842 5
1742140594639 0.050236378 6
1742140595278 0.042326827 7
1742140595904 0.03571899 8
1742140596536 0.031163862 9
1742140597167 0.027438218 10
1742140597791 0.024307085 11
1742140598418 0.021738293 12
1742140599042 0.019538451 13
1742140599662 0.017707657 14
1742140600289 0.01611125 15
1742140600914 0.014590917 16
1742140601542 0.01340892 17
1742140602228 0.01232171 18
1742140602967 0.011326246 19
1742140603715 0.0104603935 20
1742140604459 0.009680357 21
1742140605186 0.008984545 22
1742140605918 0.008404623 23
1742140606659 0.007886796 24
1742140607403 0.0074079502 25
1742140608172 0.0069107907 26
1742140608913 0.006467028 27
1742140609657 0.0061236615 28
1742140610397 0.005774979 29
1742140611124 0.005446729 30
1742140611858 0.005172111 31
1742140612590 0.004943749 32
1742140613323 0.004679622 33
1742140614060 0.0043947473 34
1742140614797 0.004197428 35
1742140615530 0.0040055756 36
1742140616267 0.0038147154 37
1742140616997 0.0036358086 38
1742140617742 0.0034741943 39
1742140618476 0.0033037672 40
1742140619205 0.0031635491 41
1742140619938 0.003044963 42
1742140620682 0.002913385 43
1742140621422 0.0027766754 44
1742140622172 0.0026699484 45
1742140622926 0.002554199 46
1742140623680 0.002443442 47
1742140624435 0.0023558754 48
1742140625254 0.0022801566 49
1742140626040 0.002199039 50
1742140626790 0.0021205319 51
1742140627550 0.0020509195 52
1742140628309 0.001956011 53
1742140629059 0.0019141007 54
1742140629846 0.0018309496 55
1742140630590 0.0017690322 56
1742140631370 0.0017290408 57
1742140632134 0.0016592931 58
1742140632959 0.0016282853 59
1742140633732 0.0015727674 60
1742140634482 0.0015404797 61
1742140635211 0.0014883826 62
1742140635946 0.001435324 63
1742140636922 0.0013952183 64
1742140637746 0.0013641247 65
1742140638497 0.001323649 66
1742140639240 0.0012949161 67
1742140639966 0.0012492212 68
1742140640692 0.0012274097 69
1742140641422 0.0011880471 70
1742140642148 0.0011498265 71
1742140642878 0.0011169483 72
1742140643597 0.0010880365 73
1742140644323 0.0010712222 74
1742140645053 0.0010383328 75
1742140645778 0.0010108387 76
1742140646502 0.0009889536 77
1742140647227 0.0009602994 78
1742140647953 0.0009408752 79
1742140648687 0.0009189494 80
1742140649421 0.0009074799 81
1742140650165 0.0008863567 82
1742140650907 0.0008541096 83
1742140651640 0.0008435019 84
1742140652389 0.0008258689 85
1742140653145 0.0008149127 86
1742140653873 0.00079110265 87
1742140654595 0.0007788724 88
1742140655315 0.0007564584 89
1742140656034 0.0007446012 90
1742140656766 0.0007301421 91
1742140657491 0.00072603265 92
1742140658223 0.0007089103 93
1742140658944 0.00069294684 94
1742140659662 0.0006825897 95
1742140660385 0.00066351687 96
1742140661111 0.0006570003 97
1742140661847 0.0006477593 98
1742140662583 0.0006354991 99
1742140663522 0.0006271571 100
1742140664259 0.00061395444 101
1742140664987 0.00060026447 102
1742140665719 0.00060030306 103
1742140666449 0.00058240467 104
1742140667181 0.0005800803 105
1742140667901 0.00056635815 106
1742140668625 0.0005580435 107
1742140669354 0.0005489595 108
1742140670175 0.00054328586 109
1742140671020 0.0005346482 110
1742140671801 0.0005288907 111
1742140672537 0.0005224385 112
1742140673273 0.0005124017 113
1742140674012 0.000502488 114
1742140674748 0.0004940154 115
1742140675513 0.0004890223 116
1742140676454 0.00048244122 117
1742140677387 0.0004734632 118
1742140678248 0.00047262185 119
1742140679009 0.0004647267 120
1742140679753 0.00045531354 121
1742140680552 0.00045034444 122
1742140681298 0.00044642139 123
1742140682048 0.00043678505 124
1742140682813 0.00043175239 125
1742140683576 0.00042614905 126
1742140684310 0.00042585537 127
1742140685039 0.0004200307 128
1742140685775 0.0004102678 129
1742140686528 0.00040338974 130
1742140687277 0.0003998357 131
1742140688023 0.00040073108 132
1742140688758 0.0003944076 133
1742140689491 0.0003874602 134
1742140690227 0.00038605323 135
1742140690960 0.00038153582 136
1742140691698 0.00037323424 137
1742140692446 0.00037373987 138
1742140693193 0.0003649832 139
1742140693933 0.0003630275 140
1742140694683 0.00036126855 141
1742140695432 0.0003575586 142
1742140696166 0.00035059062 143
1742140696911 0.00034853563 144
1742140697657 0.00034203805 145
1742140698393 0.00033806867 146
1742140699133 0.0003359393 147
1742140699854 0.00033262649 148
1742140700590 0.0003289683 149
1742140701329 0.0003306255 150
1742140702057 0.00032292647 151
1742140702790 0.00031785996 152
1742140703516 0.00031663995 153
1742140704246 0.0003130337 154
1742140704976 0.00031249193 155
1742140705711 0.00030497645 156
1742140706437 0.00030765295 157
1742140707192 0.00029711882 158
1742140707930 0.0002968919 159
1742140708670 0.0002944785 160
1742140709420 0.00029214707 161
1742140710180 0.0002871868 162
1742140710922 0.00028758685 163
1742140711683 0.00028183564 164
1742140712435 0.00027803332 165
1742140713197 0.0002737594 166
1742140713940 0.0002748229 167
1742140714680 0.0002716348 168
1742140715438 0.00026787573 169
1742140716191 0.00026528508 170
1742140716947 0.0002629513 171
1742140717692 0.00026028126 172
1742140718420 0.00025794184 173
1742140719166 0.00025669514 174
1742140719912 0.00025294547 175
1742140720654 0.00025196327 176
1742140721384 0.0002505465 177
1742140722136 0.00024483044 178
1742140722877 0.00024529832 179
1742140723630 0.00023942068 180
1742140724375 0.00024118018 181
1742140725131 0.00023541594 182
1742140725887 0.00023580574 183
1742140726631 0.00023148788 184
1742140727366 0.00023326583 185
1742140728100 0.00022690593 186
1742140728830 0.00022717309 187
1742140729573 0.00022441523 188
1742140730305 0.000221235 189
1742140731038 0.00021902432 190
1742140731766 0.00021695111 191
1742140732503 0.00021475766 192
1742140733235 0.00021523684 193
1742140734002 0.00021085211 194
1742140734749 0.00020979633 195
1742140735497 0.00020990138 196
1742140736245 0.0002062609 197
1742140736994 0.00020371603 198
1742140737731 0.00020335942 199
1742140738560 0.00019772603 200
1742140739307 0.00020035569 201
1742140740087 0.00019659077 202
1742140740818 0.00019666154 203
1742140741563 0.00019431308 204
1742140742310 0.00019127836 205
1742140743085 0.00019268296 206
1742140743844 0.00018905918 207
1742140744578 0.00018770533 208
1742140745311 0.00018734623 209
1742140746042 0.00018411985 210
1742140746777 0.00018357793 211
1742140747507 0.00017951756 212
1742140748245 0.0001808313 213
1742140748977 0.0001777563 214
1742140749717 0.00017657578 215
1742140750454 0.00017605808 216
1742140751186 0.00017385859 217
1742140751922 0.0001721491 218
1742140752668 0.0001714666 219
1742140753409 0.00017074811 220
1742140754155 0.00016697339 221
1742140754901 0.00016813749 222
1742140755630 0.00016705054 223
1742140756360 0.0001631639 224
1742140757094 0.00016392695 225
1742140757827 0.00016350913 226
1742140758559 0.00016042482 227
1742140759289 0.00016127698 228
1742140760016 0.0001593905 229
1742140760746 0.0001583448 230
1742140761481 0.00015896479 231
1742140762219 0.00015608955 232
1742140762960 0.00015456397 233
1742140763692 0.0001548869 234
1742140764430 0.00015255106 235
1742140765161 0.00015292557 236
1742140765893 0.00014948667 237
1742140766628 0.0001494145 238
1742140767358 0.00014761195 239
1742140768104 0.0001487966 240
1742140768841 0.000146452 241
1742140769572 0.00014514121 242
1742140770311 0.00014434155 243
1742140771048 0.00014409098 244
1742140771775 0.00014284183 245
1742140772516 0.00014166534 246
1742140773263 0.00014032867 247
1742140773995 0.00014038877 248
1742140774735 0.00014095395 249
1742140775464 0.00013881484 250
1742140776202 0.00013711913 251
1742140776929 0.00013659717 252
1742140777661 0.00013757442 253
1742140778397 0.00013469403 254
1742140779148 0.0001329762 255
1742140779877 0.00013395738 256
1742140780612 0.00013294119 257
1742140781342 0.0001326814 258
1742140782073 0.00013150038 259
1742140782824 0.00013015032 260
1742140783563 0.00012885618 261
1742140784312 0.00012723278 262
1742140785045 0.00012846151 263
1742140785777 0.00012819437 264
1742140786510 0.000126391 265
1742140787251 0.00012555554 266
1742140787989 0.00012430728 267
1742140788719 0.00012397986 268
1742140789453 0.0001232274 269
1742140790190 0.00012304916 270
1742140790929 0.00012048585 271
1742140791666 0.0001225254 272
1742140792393 0.00012130236 273
1742140793129 0.000120116434 274
1742140793862 0.00012017565 275
1742140794599 0.000119503005 276
1742140795339 0.00011829401 277
1742140796075 0.000117407675 278
1742140796810 0.00011693542 279
1742140797542 0.00011592084 280
1742140798275 0.00011561727 281
1742140799011 0.00011468489 282
1742140799753 0.000114348855 283
1742140800491 0.000113872506 284
1742140801223 0.00011403299 285
1742140801958 0.00011330932 286
1742140802700 0.00011211171 287
1742140803444 0.00011142893 288
1742140804180 0.000111980786 289
1742140804928 0.000109779045 290
1742140805660 0.00011021999 291
1742140806394 0.0001079574 292
1742140807126 0.00010845764 293
1742140807864 0.00010825772 294
1742140808598 0.000107349246 295
1742140809343 0.00010648147 296
1742140810076 0.00010640896 297
1742140810813 0.00010582139 298
1742140811543 0.00010451809 299
1742140812385 0.00010442372 300
1742140813122 0.00010252908 301
1742140813868 0.00010325141 302
1742140814604 0.00010299122 303
1742140815341 0.0001027028 304
1742140816078 0.00010224206 305
1742140816814 0.00010259152 306
1742140817547 0.00010206384 307
1742140818278 0.000101637255 308
1742140819015 0.0001009455 309
1742140819749 0.00010033328 310
1742140820481 9.8585646e-05 311
1742140821223 9.856735e-05 312
1742140821948 9.794742e-05 313
1742140822688 9.746709e-05 314
1742140823416 9.750737e-05 315
1742140824154 9.627254e-05 316
1742140824887 9.585367e-05 317
1742140825618 9.658291e-05 318
1742140826352 9.6174765e-05 319
1742140827080 9.5657866e-05 320
1742140827818 9.514361e-05 321
1742140828551 9.4633375e-05 322
1742140829292 9.253671e-05 323
1742140830024 9.266455e-05 324
1742140830754 9.315308e-05 325
1742140831495 9.269795e-05 326
1742140832230 9.105808e-05 327
1742140832980 9.191379e-05 328
1742140833723 9.016346e-05 329
1742140834462 9.1208036e-05 330
1742140835198 8.9761e-05 331
1742140835933 9.075696e-05 332
1742140836672 8.953484e-05 333
1742140837403 8.872251e-05 334
1742140838137 8.831999e-05 335
1742140838866 8.789376e-05 336
1742140839604 8.855029e-05 337
1742140840335 8.757335e-05 338
1742140841063 8.708164e-05 339
1742140841794 8.652535e-05 340
1742140842533 8.630284e-05 341
1742140843275 8.5198284e-05 342
1742140844026 8.574894e-05 343
1742140844764 8.538933e-05 344
1742140845508 8.425586e-05 345
1742140846243 8.339646e-05 346
1742140846979 8.368092e-05 347
1742140847716 8.4136605e-05 348
1742140848462 8.359981e-05 349
1742140849216 8.2795115e-05 350
1742140849953 8.2328355e-05 351
1742140850700 8.2137565e-05 352
1742140851438 8.1059945e-05 353
1742140852192 8.14357e-05 354
1742140852950 8.146693e-05 355
1742140853693 8.021052e-05 356
1742140854429 7.9726095e-05 357
1742140855179 8.015211e-05 358
1742140855919 8.043326e-05 359
1742140856664 8.026639e-05 360
1742140857406 7.970743e-05 361
1742140858153 7.8630736e-05 362
1742140858893 7.8549674e-05 363
1742140859634 7.80802e-05 364
