1742140590734 1.5791217 0
1742140591477 1.644413 1
1742140592106 1.6225382 2
1742140592743 1.5587734 3
1742140593379 1.4953151 4
1742140594005 1.4377587 5
1742140594635 1.387202 6
1742140595276 1.3523369 7
1742140595902 1.3317533 8
1742140596534 1.3269153 9
1742140597165 1.3644328 10
1742140597789 1.393759 11
1742140598416 1.3934293 12
1742140599040 1.3717022 13
1742140599660 1.3826123 14
1742140600287 1.395834 15
1742140600912 1.4030864 16
1742140601540 1.4003681 17
1742140602226 1.3800874 18
1742140602965 1.3740878 19
1742140603711 1.3786503 20
1742140604457 1.3781174 21
1742140605184 1.363259 22
1742140605916 1.3626258 23
1742140606657 1.3948163 24
1742140607398 1.4617698 25
1742140608168 1.4569001 26
1742140608911 1.4212745 27
1742140609655 1.4061363 28
1742140610393 1.3897723 29
1742140611122 1.370259 30
1742140611854 1.357234 31
1742140612588 1.3766744 32
1742140613321 1.4139888 33
1742140614057 1.4522451 34
1742140614794 1.4817675 35
1742140615526 1.4540558 36
1742140616264 1.41028 37
1742140616993 1.3724207 38
1742140617740 1.3557163 39
1742140618472 1.3674821 40
1742140619203 1.3719214 41
1742140619936 1.3779857 42
1742140620680 1.4164479 43
1742140621418 1.4701612 44
1742140622168 1.4841034 45
1742140622922 1.4591691 46
1742140623678 1.4238415 47
1742140624431 1.3937497 48
1742140625250 1.3751172 49
1742140626038 1.4484835 50
1742140626788 1.4549426 51
1742140627547 1.4376454 52
1742140628305 1.43048 53
1742140629054 1.3996925 54
1742140629842 1.3716755 55
1742140630587 1.3684697 56
1742140631368 1.3755739 57
1742140632131 1.3699191 58
1742140632955 1.3689945 59
1742140633729 1.3561792 60
1742140634479 1.3838599 61
1742140635209 1.3975463 62
1742140635943 1.4338999 63
1742140636919 1.4851875 64
1742140637743 1.4996839 65
1742140638494 1.4887693 66
1742140639237 1.4717402 67
1742140639963 1.4453785 68
1742140640689 1.4242568 69
1742140641419 1.4098969 70
1742140642145 1.3997803 71
1742140642875 1.4019818 72
1742140643594 1.4093697 73
1742140644320 1.4385505 74
1742140645051 1.4599439 75
1742140645776 1.4819458 76
1742140646499 1.484899 77
1742140647225 1.4711468 78
1742140647950 1.4664462 79
1742140648685 1.458638 80
1742140649419 1.4455364 81
1742140650162 1.4566773 82
1742140650904 1.4450299 83
1742140651637 1.4341725 84
1742140652386 1.4075321 85
1742140653143 1.3936789 86
1742140653870 1.391691 87
1742140654592 1.4119495 88
1742140655312 1.4147577 89
1742140656032 1.4169424 90
1742140656763 1.4175096 91
1742140657489 1.4373624 92
1742140658220 1.4588532 93
1742140658942 1.4647009 94
1742140659659 1.4458473 95
1742140660383 1.41247 96
1742140661108 1.3768401 97
1742140661844 1.3532504 98
1742140662579 1.3375828 99
1742140663519 1.3826878 100
1742140664257 1.4296191 101
1742140664984 1.4525084 102
1742140665716 1.4783851 103
1742140666446 1.4951212 104
1742140667178 1.4917274 105
1742140667898 1.4755244 106
1742140668623 1.4499747 107
1742140669351 1.4185096 108
1742140670171 1.3863816 109
1742140671016 1.3662946 110
1742140671798 1.3550333 111
1742140672535 1.3471236 112
1742140673270 1.3525658 113
1742140674010 1.3710256 114
1742140674746 1.4712665 115
1742140675509 1.4838452 116
1742140676451 1.4654503 117
1742140677383 1.4545901 118
1742140678244 1.4394702 119
1742140679005 1.4279375 120
1742140679751 1.4468026 121
1742140680548 1.4363787 122
1742140681295 1.4195747 123
1742140682045 1.407778 124
1742140682809 1.392436 125
1742140683574 1.3828222 126
1742140684308 1.3704017 127
1742140685037 1.3775578 128
1742140685772 1.4195561 129
1742140686524 1.4761341 130
1742140687275 1.5262179 131
1742140688021 1.5414615 132
1742140688754 1.4861054 133
1742140689489 1.4253663 134
1742140690223 1.3838999 135
1742140690958 1.3472557 136
1742140691696 1.3239655 137
1742140692442 1.3241225 138
1742140693190 1.3164413 139
1742140693929 1.3352668 140
1742140694681 1.3750465 141
1742140695430 1.3831902 142
1742140696162 1.4500178 143
1742140696907 1.5228095 144
1742140697653 1.5011806 145
1742140698391 1.4898636 146
1742140699131 1.4846797 147
1742140699852 1.4701211 148
1742140700588 1.4650022 149
1742140701327 1.4527512 150
1742140702055 1.4414015 151
1742140702788 1.42765 152
1742140703514 1.4138391 153
1742140704244 1.4008975 154
1742140704972 1.3863271 155
1742140705707 1.3822664 156
1742140706433 1.3862303 157
1742140707190 1.3980017 158
1742140707928 1.4149048 159
1742140708666 1.4317493 160
1742140709416 1.4364355 161
1742140710176 1.4266927 162
1742140710920 1.4174818 163
1742140711679 1.4097843 164
1742140712432 1.4020503 165
1742140713195 1.3918905 166
1742140713937 1.3983226 167
1742140714676 1.4029708 168
1742140715435 1.3973904 169
1742140716187 1.3937231 170
1742140716943 1.3883097 171
1742140717688 1.3786181 172
1742140718418 1.3955592 173
1742140719164 1.4035673 174
1742140719910 1.4078234 175
1742140720650 1.4234278 176
1742140721382 1.4643834 177
1742140722134 1.4777832 178
1742140722875 1.4808415 179
1742140723626 1.4625586 180
1742140724372 1.440043 181
1742140725127 1.4162275 182
1742140725885 1.3961648 183
1742140726629 1.3822207 184
1742140727364 1.3740723 185
1742140728098 1.3741479 186
1742140728827 1.3856281 187
1742140729571 1.3912951 188
1742140730303 1.3991519 189
1742140731034 1.4205289 190
1742140731763 1.4252189 191
1742140732499 1.4170165 192
1742140733232 1.4031785 193
1742140733999 1.403127 194
1742140734747 1.4103069 195
1742140735495 1.4361546 196
1742140736243 1.4559412 197
1742140736992 1.445804 198
1742140737729 1.4283648 199
1742140738556 1.4296663 200
1742140739305 1.4406431 201
1742140740085 1.4419622 202
1742140740816 1.4373788 203
1742140741560 1.4379523 204
1742140742308 1.4368644 205
1742140743083 1.4332445 206
1742140743841 1.4294293 207
1742140744577 1.4086801 208
1742140745309 1.3856392 209
1742140746040 1.3703532 210
1742140746775 1.3536077 211
1742140747505 1.3406019 212
1742140748243 1.3362136 213
1742140748975 1.3467965 214
1742140749715 1.3893943 215
1742140750450 1.4319098 216
1742140751184 1.475904 217
1742140751920 1.4759526 218
1742140752664 1.4468341 219
1742140753407 1.4198558 220
1742140754153 1.3970389 221
1742140754897 1.3869135 222
1742140755627 1.3786254 223
1742140756358 1.361098 224
1742140757091 1.3482578 225
1742140757823 1.337069 226
1742140758555 1.3330982 227
1742140759287 1.3469789 228
1742140760014 1.357831 229
1742140760744 1.3607292 230
1742140761479 1.3790565 231
1742140762217 1.3813426 232
1742140762958 1.3845952 233
1742140763690 1.46081 234
1742140764428 1.4868467 235
1742140765158 1.4706322 236
1742140765891 1.461845 237
1742140766624 1.4514415 238
1742140767354 1.4373575 239
1742140768100 1.4237765 240
1742140768839 1.4009523 241
1742140769570 1.390162 242
1742140770309 1.378762 243
1742140771044 1.3734787 244
1742140771774 1.3916258 245
1742140772512 1.4228714 246
1742140773261 1.4225335 247
1742140773993 1.4185028 248
1742140774732 1.4140892 249
1742140775460 1.4041941 250
1742140776198 1.3994174 251
1742140776927 1.3923832 252
1742140777658 1.3904467 253
1742140778395 1.3921758 254
1742140779145 1.3997154 255
1742140779873 1.4017341 256
1742140780610 1.4032259 257
1742140781338 1.4029766 258
1742140782071 1.3861527 259
1742140782820 1.3771365 260
1742140783561 1.3643534 261
1742140784310 1.3540771 262
1742140785043 1.3450261 263
1742140785773 1.3446432 264
1742140786506 1.3744085 265
1742140787248 1.4163527 266
1742140787985 1.4229157 267
1742140788716 1.4100628 268
1742140789450 1.403892 269
1742140790186 1.4031868 270
1742140790927 1.4070246 271
1742140791662 1.4181831 272
1742140792390 1.4181803 273
1742140793125 1.4145463 274
1742140793858 1.4336668 275
1742140794597 1.4252782 276
1742140795337 1.4108237 277
1742140796073 1.407762 278
1742140796808 1.3999498 279
1742140797538 1.3893679 280
1742140798273 1.3786705 281
1742140799007 1.3856785 282
1742140799751 1.4040133 283
1742140800487 1.4040692 284
1742140801221 1.4069124 285
1742140801956 1.4108167 286
1742140802696 1.4160128 287
1742140803442 1.4189807 288
1742140804176 1.4151015 289
1742140804924 1.4062539 290
1742140805656 1.4010592 291
1742140806392 1.3974724 292
1742140807122 1.3869745 293
1742140807862 1.3818961 294
1742140808596 1.3713479 295
1742140809339 1.3619431 296
1742140810074 1.3572001 297
1742140810812 1.3532107 298
1742140811541 1.3497027 299
1742140812381 1.352088 300
1742140813120 1.3614223 301
1742140813866 1.3714384 302
1742140814602 1.3921976 303
1742140815339 1.4106297 304
1742140816075 1.412138 305
1742140816811 1.4062275 306
1742140817546 1.397944 307
1742140818276 1.3958349 308
1742140819012 1.4031736 309
1742140819747 1.4083117 310
1742140820479 1.4164839 311
1742140821219 1.4189608 312
1742140821946 1.4221606 313
1742140822685 1.4212072 314
1742140823414 1.4141067 315
1742140824152 1.4109173 316
1742140824883 1.4126749 317
1742140825616 1.4154656 318
1742140826350 1.4001995 319
1742140827078 1.3994622 320
1742140827816 1.4195948 321
1742140828547 1.4282658 322
1742140829288 1.4198899 323
1742140830022 1.3988645 324
1742140830750 1.3857367 325
1742140831493 1.3697865 326
1742140832228 1.3639042 327
1742140832976 1.3762596 328
1742140833721 1.4392664 329
1742140834458 1.4255285 330
1742140835196 1.4100506 331
1742140835931 1.3891789 332
1742140836670 1.3832468 333
1742140837399 1.3764541 334
1742140838135 1.370213 335
1742140838864 1.3656435 336
1742140839602 1.3706043 337
1742140840333 1.3631363 338
1742140841062 1.3540356 339
1742140841792 1.3562574 340
1742140842531 1.3732275 341
1742140843273 1.3986652 342
1742140844024 1.4172349 343
1742140844762 1.427391 344
1742140845506 1.418436 345
1742140846239 1.4048156 346
1742140846975 1.3927696 347
1742140847714 1.3803954 348
1742140848459 1.3755038 349
1742140849214 1.3781924 350
1742140849951 1.3967793 351
1742140850696 1.3986421 352
1742140851434 1.3901342 353
1742140852190 1.3798717 354
1742140852946 1.366909 355
1742140853691 1.3688817 356
1742140854427 1.3626401 357
1742140855177 1.328153 358
1742140855917 1.3004252 359
1742140856660 1.2841665 360
1742140857403 1.2694104 361
1742140858151 1.2788893 362
1742140858888 1.3149893 363
1742140859627 1.3494606 364
