1742140590736 0.18681593 0
1742140591479 0.170562 1
1742140592108 0.17561099 2
1742140592745 0.18853237 3
1742140593379 0.19739969 4
1742140594005 0.20383567 5
1742140594637 0.20845582 6
1742140595276 0.20902078 7
1742140595904 0.21033049 8
1742140596536 0.21034552 9
1742140597167 0.20496966 10
1742140597791 0.2082328 11
1742140598418 0.21781296 12
1742140599042 0.21829298 13
1742140599662 0.20590602 14
1742140600288 0.2024496 15
1742140600914 0.2049909 16
1742140601542 0.20898211 17
1742140602226 0.21147858 18
1742140602967 0.20870106 19
1742140603713 0.20643555 20
1742140604459 0.21152402 21
1742140605184 0.2183569 22
1742140605916 0.2094907 23
1742140606658 0.19935058 24
1742140607400 0.19425145 25
1742140608170 0.21230368 26
1742140608913 0.21239695 27
1742140609657 0.2004477 28
1742140610395 0.20459504 29
1742140611124 0.2160078 30
1742140611856 0.21798097 31
1742140612588 0.20806976 32
1742140613323 0.20250002 33
1742140614059 0.19851 34
1742140614797 0.19145201 35
1742140615528 0.19968353 36
1742140616266 0.20698684 37
1742140616995 0.20850988 38
1742140617740 0.20802312 39
1742140618474 0.20394155 40
1742140619205 0.20926575 41
1742140619938 0.21117066 42
1742140620682 0.19978449 43
1742140621420 0.19391115 44
1742140622170 0.20053345 45
1742140622924 0.2010005 46
1742140623680 0.20512576 47
1742140624433 0.21118635 48
1742140625252 0.21296553 49
1742140626038 0.18965034 50
1742140626788 0.20523041 51
1742140627548 0.21221998 52
1742140628307 0.20042251 53
1742140629057 0.20375077 54
1742140629844 0.20911913 55
1742140630589 0.20887478 56
1742140631370 0.20972376 57
1742140632132 0.21178104 58
1742140632957 0.21021087 59
1742140633731 0.21345007 60
1742140634481 0.2035123 61
1742140635210 0.20364125 62
1742140635945 0.19964524 63
1742140636921 0.1912598 64
1742140637745 0.19273819 65
1742140638496 0.19541176 66
1742140639239 0.19743945 67
1742140639965 0.19815375 68
1742140640690 0.19997112 69
1742140641421 0.20555799 70
1742140642147 0.21034834 71
1742140642877 0.2101101 72
1742140643596 0.2057157 73
1742140644321 0.19787951 74
1742140645052 0.20043255 75
1742140645777 0.19677371 76
1742140646501 0.19590081 77
1742140647226 0.19688813 78
1742140647952 0.197771 79
1742140648686 0.19673774 80
1742140649420 0.19630119 81
1742140650164 0.19438232 82
1742140650905 0.20073512 83
1742140651639 0.20400664 84
1742140652388 0.20893909 85
1742140653144 0.20576519 86
1742140653872 0.20364077 87
1742140654593 0.20257838 88
1742140655314 0.2048887 89
1742140656033 0.20378965 90
1742140656764 0.19989686 91
1742140657490 0.19426678 92
1742140658221 0.19283676 93
1742140658943 0.19936043 94
1742140659660 0.20169199 95
1742140660384 0.2036319 96
1742140661110 0.20811142 97
1742140661846 0.21250646 98
1742140662582 0.2160106 99
1742140663520 0.20054232 100
1742140664258 0.19867788 101
1742140664985 0.2044677 102
1742140665717 0.19960652 103
1742140666448 0.19139628 104
1742140667180 0.1933244 105
1742140667900 0.1990078 106
1742140668624 0.20255505 107
1742140669353 0.20501316 108
1742140670174 0.20949848 109
1742140671018 0.21215099 110
1742140671799 0.21084513 111
1742140672536 0.21123323 112
1742140673272 0.21290872 113
1742140674011 0.2089404 114
1742140674747 0.1837351 115
1742140675511 0.19841734 116
1742140676453 0.20931223 117
1742140677385 0.20355093 118
1742140678246 0.20025611 119
1742140679007 0.2008537 120
1742140679753 0.20036265 121
1742140680550 0.2073181 122
1742140681298 0.21108685 123
1742140682047 0.20850354 124
1742140682811 0.2101828 125
1742140683576 0.2112705 126
1742140684308 0.21256371 127
1742140685037 0.20818079 128
1742140685774 0.19720179 129
1742140686526 0.18987405 130
1742140687277 0.18469194 131
1742140688021 0.18696597 132
1742140688756 0.19798745 133
1742140689491 0.2017938 134
1742140690225 0.20453323 135
1742140690960 0.2091748 136
1742140691698 0.21264829 137
1742140692444 0.21270551 138
1742140693192 0.21698494 139
1742140693931 0.21007004 140
1742140694683 0.20175752 141
1742140695430 0.2080495 142
1742140696164 0.1937121 143
1742140696909 0.18426828 144
1742140697655 0.19775446 145
1742140698393 0.19878991 146
1742140699131 0.19543315 147
1742140699852 0.19686596 148
1742140700590 0.19860911 149
1742140701329 0.20113386 150
1742140702055 0.20274572 151
1742140702790 0.20438491 152
1742140703516 0.2052189 153
1742140704244 0.208812 154
1742140704974 0.21114115 155
1742140705709 0.20840892 156
1742140706435 0.20647071 157
1742140707190 0.20423628 158
1742140707930 0.20311335 159
1742140708668 0.20060988 160
1742140709418 0.20193087 161
1742140710178 0.20456058 162
1742140710922 0.20554557 163
1742140711681 0.20252483 164
1742140712433 0.20393115 165
1742140713195 0.20730487 166
1742140713938 0.20338513 167
1742140714678 0.202172 168
1742140715437 0.2065066 169
1742140716189 0.20721187 170
1742140716945 0.20552227 171
1742140717690 0.20581006 172
1742140718420 0.20277211 173
1742140719166 0.20327501 174
1742140719910 0.20412292 175
1742140720652 0.20229135 176
1742140721384 0.19388188 177
1742140722136 0.19614159 178
1742140722877 0.19891688 179
1742140723628 0.20031108 180
1742140724374 0.20118593 181
1742140725129 0.20351176 182
1742140725887 0.20808722 183
1742140726629 0.21174902 184
1742140727366 0.21136785 185
1742140728098 0.20986986 186
1742140728828 0.20700294 187
1742140729571 0.20948444 188
1742140730305 0.20845327 189
1742140731036 0.20062312 190
1742140731766 0.20138888 191
1742140732501 0.20882542 192
1742140733232 0.20966475 193
1742140734001 0.20227538 194
1742140734749 0.20166348 195
1742140735497 0.19896589 196
1742140736245 0.1992564 197
1742140736992 0.20317622 198
1742140737731 0.20536456 199
1742140738558 0.20248894 200
1742140739305 0.19860375 201
1742140740085 0.20105897 202
1742140740818 0.20256825 203
1742140741562 0.20045005 204
1742140742310 0.20311637 205
1742140743085 0.20261599 206
1742140743843 0.20219935 207
1742140744578 0.20748563 208
1742140745311 0.21156986 209
1742140746042 0.21131863 210
1742140746777 0.21457712 211
1742140747507 0.21765797 212
1742140748245 0.21565261 213
1742140748977 0.21001552 214
1742140749715 0.20187058 215
1742140750452 0.2017315 216
1742140751184 0.19802216 217
1742140751922 0.19786565 218
1742140752666 0.19940783 219
1742140753409 0.20487662 220
1742140754153 0.20671797 221
1742140754899 0.2055491 222
1742140755629 0.21021873 223
1742140756360 0.21485117 224
1742140757093 0.21443842 225
1742140757825 0.21490963 226
1742140758557 0.21684983 227
1742140759287 0.21184032 228
1742140760016 0.21092495 229
1742140760746 0.21559109 230
1742140761479 0.21138245 231
1742140762217 0.21049584 232
1742140762958 0.21066388 233
1742140763692 0.18869846 234
1742140764428 0.19187535 235
1742140765159 0.20270905 236
1742140765893 0.20091586 237
1742140766626 0.19829209 238
1742140767356 0.20303047 239
1742140768102 0.20514646 240
1742140768841 0.20645316 241
1742140769570 0.20689777 242
1742140770309 0.20864442 243
1742140771048 0.21074212 244
1742140771775 0.20452623 245
1742140772514 0.20049275 246
1742140773261 0.20730075 247
1742140773993 0.2065365 248
1742140774734 0.2034061 249
1742140775462 0.20556551 250
1742140776200 0.2061594 251
1742140776929 0.2081188 252
1742140777659 0.20858444 253
1742140778395 0.20599207 254
1742140779147 0.20326395 255
1742140779875 0.2057243 256
1742140780610 0.2066165 257
1742140781340 0.2066245 258
1742140782073 0.20718683 259
1742140782822 0.20912449 260
1742140783563 0.20971225 261
1742140784312 0.21246512 262
1742140785045 0.212535 263
1742140785775 0.21327636 264
1742140786508 0.20607896 265
1742140787251 0.1985984 266
1742140787987 0.20541228 267
1742140788719 0.2089454 268
1742140789452 0.20329317 269
1742140790188 0.20196986 270
1742140790927 0.2039919 271
1742140791664 0.20460735 272
1742140792391 0.20597598 273
1742140793127 0.20304944 274
1742140793860 0.1983027 275
1742140794597 0.20521942 276
1742140795339 0.2062404 277
1742140796075 0.20434736 278
1742140796808 0.20626344 279
1742140797540 0.20987833 280
1742140798275 0.21022633 281
1742140799009 0.20562881 282
1742140799751 0.20001516 283
1742140800489 0.20929801 284
1742140801223 0.20749669 285
1742140801958 0.20384398 286
1742140802698 0.20163916 287
1742140803442 0.20413893 288
1742140804178 0.20542629 289
1742140804926 0.20644514 290
1742140805658 0.20550378 291
1742140806394 0.20650807 292
1742140807124 0.20866892 293
1742140807862 0.20967147 294
1742140808598 0.2095017 295
1742140809341 0.21103932 296
1742140810076 0.21300524 297
1742140810813 0.21419087 298
1742140811541 0.2151911 299
1742140812383 0.21143985 300
1742140813120 0.20937228 301
1742140813868 0.21055071 302
1742140814604 0.20577209 303
1742140815339 0.20225798 304
1742140816075 0.2059988 305
1742140816813 0.20821804 306
1742140817547 0.2060669 307
1742140818278 0.20508851 308
1742140819014 0.20580702 309
1742140819747 0.20553648 310
1742140820479 0.20300417 311
1742140821221 0.20330183 312
1742140821946 0.20327672 313
1742140822687 0.2019672 314
1742140823416 0.20400879 315
1742140824154 0.20387298 316
1742140824885 0.20242581 317
1742140825616 0.20275807 318
1742140826352 0.20758198 319
1742140827078 0.20760767 320
1742140827818 0.19971296 321
1742140828549 0.20244877 322
1742140829290 0.20891692 323
1742140830024 0.20993805 324
1742140830752 0.20841897 325
1742140831495 0.21126172 326
1742140832230 0.21235839 327
1742140832978 0.20617439 328
1742140833721 0.19230193 329
1742140834460 0.20905837 330
1742140835198 0.21159646 331
1742140835933 0.20541348 332
1742140836670 0.20331351 333
1742140837401 0.20594749 334
1742140838137 0.21119568 335
1742140838864 0.21054284 336
1742140839604 0.20728816 337
1742140840335 0.20917849 338
1742140841063 0.21385671 339
1742140841792 0.21254008 340
1742140842533 0.20698296 341
1742140843273 0.20393081 342
1742140844024 0.20491976 343
1742140844762 0.20478699 344
1742140845508 0.20622899 345
1742140846241 0.20629017 346
1742140846977 0.20791115 347
1742140847716 0.20974936 348
1742140848461 0.20996337 349
1742140849214 0.2085594 350
1742140849953 0.20504221 351
1742140850698 0.20543769 352
1742140851436 0.209388 353
1742140852190 0.20931223 354
1742140852948 0.21173652 355
1742140853691 0.20913358 356
1742140854429 0.21095617 357
1742140855177 0.21996419 358
1742140855919 0.22093573 359
1742140856662 0.22013094 360
1742140857405 0.22176243 361
1742140858153 0.21795155 362
1742140858892 0.21506125 363
1742140859634 0.218379 364
